Secchi Depth (cm) = 0845
Forel Ule Scale = 10
pH Colour Scale = 99
SmartSecchi S/N = A0000001
Latitude (degs N) = 56.54094
Longitude (degs E) = -5.40266
Date = 2023-05-25
Time (UTC), Pressure (mbar) MS5803, Temp (deg C) MS5803, 415nm, 445nm, 480nm, 515nm, 555nm, 590nm, 630nm, 680nm, Clear, NIR, Resistance 10KTHERM, Temp (deg C) 10KTHERM, Temp (deg C) TMP117
10:38:00, 1005.10, 14.46, 147, 178, 202, 223, 268, 474, 1017, 1408, 3649, 1985, 15938.13, 14.87, 16.34
10:38:00, 1019.30, 14.92, 162, 203, 234, 266, 279, 478, 986, 1336, 3515, 1855, 15924.99, 14.88, 16.34
10:38:00, 1019.00, 14.94, 161, 197, 227, 260, 260, 448, 940, 1281, 3410, 1857, 15938.13, 14.87, 16.34
10:38:01, 1018.60, 14.97, 197, 261, 316, 394, 581, 707, 1183, 1360, 3632, 1813, 15938.13, 14.87, 16.34
10:38:01, 1021.30, 15.06, 1272, 1687, 2132, 2484, 3426, 4193, 4631, 5042, 17567, 7101, 15951.29, 14.85, 16.37
10:38:02, 1021.70, 15.06, 1449, 1896, 2266, 3116, 4286, 5363, 6951, 6014, 15901, 5992, 15898.73, 14.92, 16.37
10:38:02, 1020.90, 15.02, 3593, 3661, 4709, 7093, 2947, 4064, 4001, 4885, 19274, 9088, 15951.29, 14.85, 16.23
10:38:03, 1022.10, 15.11, 2040, 1937, 3147, 2900, 10521, 8992, 11814, 12877, 36000, 36000, 15964.47, 14.83, 16.23
10:38:03, 1022.40, 15.10, 2975, 4806, 5741, 9720, 9365, 12687, 15851, 14136, 36000, 17575, 15951.29, 14.85, 16.23
10:38:03, 1021.70, 15.08, 8814, 12823, 16212, 18798, 18496, 19659, 22387, 28756, 14357, 5674, 15977.66, 14.81, 15.98
10:38:04, 1021.30, 15.04, 7520, 11822, 15870, 18697, 21461, 21898, 29044, 32466, 19816, 7772, 15938.13, 14.87, 15.98
10:38:04, 1021.70, 15.04, 5937, 7203, 8978, 13495, 8973, 14376, 12170, 15513, 36000, 31785, 15977.66, 14.81, 15.78
10:38:05, 1023.00, 15.10, 4173, 3464, 6394, 5079, 6861, 6600, 6896, 8437, 36000, 36000, 16004.07, 14.78, 15.78
10:38:05, 1025.90, 15.14, 2662, 3378, 5733, 5167, 7784, 5026, 11256, 7313, 36000, 36000, 15990.86, 14.80, 15.78
10:38:05, 1030.30, 15.02, 3127, 6693, 9895, 12167, 8605, 4893, 13056, 6857, 35093, 28039, 15990.86, 14.80, 15.48
10:38:06, 1029.40, 14.81, 1614, 2941, 4425, 6376, 9494, 4073, 15875, 5849, 36000, 35404, 16030.53, 14.75, 15.48
10:38:06, 1029.70, 14.64, 1840, 2544, 4638, 3974, 4583, 3122, 5244, 4258, 36000, 33019, 16043.79, 14.73, 12.47
10:38:07, 1030.30, 14.51, 3512, 2212, 5780, 3065, 3114, 2694, 3164, 3422, 34031, 23076, 16057.06, 14.71, 12.47
10:38:07, 1034.80, 14.36, 5431, 2503, 6187, 3721, 4113, 5856, 3715, 5375, 36000, 20932, 16004.07, 14.78, 11.54
10:38:08, 1034.40, 14.22, 5347, 2530, 6355, 4373, 2966, 5123, 3192, 4395, 32968, 9272, 16057.06, 14.71, 11.54
10:38:08, 1034.50, 14.10, 6021, 3186, 5874, 6534, 4082, 9911, 5678, 8116, 36000, 13226, 16083.63, 14.68, 11.54
10:38:08, 1035.50, 13.99, 5079, 3070, 6500, 7473, 5141, 15629, 8053, 12114, 36000, 16480, 16070.33, 14.69, 11.20
10:38:09, 1035.00, 13.91, 8140, 5140, 9753, 12945, 4652, 12937, 8033, 10743, 36000, 12021, 16030.53, 14.75, 11.20
10:38:09, 1034.20, 13.83, 6238, 4342, 6429, 11551, 5405, 13722, 11524, 12126, 36000, 8760, 16096.94, 14.66, 11.07
10:38:10, 1034.00, 13.77, 6818, 6316, 7930, 14978, 6691, 14799, 14828, 12209, 36000, 6982, 16096.94, 14.66, 11.07
10:38:10, 1034.00, 13.72, 5797, 5995, 7254, 13296, 9844, 17397, 18664, 16714, 35902, 8595, 16030.53, 14.75, 11.07
10:38:10, 1035.10, 13.68, 5638, 5972, 7642, 12970, 9011, 14955, 15718, 14226, 33556, 8073, 16110.26, 14.64, 11.03
10:38:11, 1035.60, 13.64, 6147, 5908, 7917, 12536, 6805, 19426, 16183, 13981, 36000, 9735, 16136.94, 14.61, 11.03
10:38:11, 1035.90, 13.60, 5837, 4895, 7570, 10599, 5529, 15834, 12154, 12600, 36000, 9134, 16110.26, 14.64, 11.02
10:38:12, 1035.50, 13.59, 7468, 5525, 8533, 14278, 6818, 19061, 14156, 16902, 36000, 15722, 16110.26, 14.64, 11.02
10:38:12, 1035.50, 13.58, 5819, 3434, 6416, 9102, 5632, 15767, 7272, 12580, 36000, 21396, 16163.68, 14.57, 11.02
10:38:13, 1036.20, 13.53, 5683, 3192, 7375, 8081, 5027, 11733, 4814, 9226, 36000, 22153, 16163.68, 14.57, 11.05
10:38:13, 1036.60, 13.51, 5405, 2970, 8305, 6035, 6542, 12206, 4909, 13082, 35974, 23453, 16163.68, 14.57, 11.05
10:38:13, 1036.40, 13.49, 5064, 2587, 7093, 4646, 5146, 12356, 4506, 9916, 36000, 25102, 16163.68, 14.57, 11.05
10:38:14, 1035.80, 13.48, 7256, 2861, 7788, 5138, 4083, 8563, 3836, 6349, 36000, 21307, 16163.68, 14.57, 11.05
10:38:14, 1035.90, 13.47, 4740, 2435, 4789, 4218, 5596, 9083, 4045, 8955, 36000, 21076, 16177.07, 14.55, 11.02
10:38:15, 1036.60, 13.44, 4683, 2382, 4888, 4174, 5543, 10561, 4012, 8802, 36000, 30064, 16177.07, 14.55, 11.02
10:38:15, 1037.00, 13.45, 5752, 2726, 7711, 4800, 6508, 10134, 4036, 9794, 35503, 22336, 16163.68, 14.57, 11.02
10:38:15, 1036.60, 13.43, 4627, 2245, 5656, 3664, 6901, 11165, 4614, 9537, 35945, 26363, 16177.07, 14.55, 11.03
10:38:16, 1035.50, 13.42, 4001, 2038, 5564, 3254, 4687, 6674, 4166, 6268, 36000, 27220, 16217.32, 14.50, 11.03
10:38:16, 1035.20, 13.41, 6785, 2609, 7008, 4027, 4511, 5969, 4079, 5895, 36000, 24405, 16177.07, 14.55, 11.02
10:38:17, 1035.20, 13.39, 4173, 2045, 5211, 3016, 7211, 8648, 4558, 8445, 36000, 35581, 16203.89, 14.52, 11.02
10:38:17, 1036.00, 13.37, 3486, 2016, 4654, 2905, 4939, 4936, 3807, 5606, 36000, 31203, 16203.89, 14.52, 11.02
10:38:18, 1036.70, 13.36, 5181, 2379, 7832, 3356, 5654, 6415, 3920, 6381, 36000, 29912, 16244.23, 14.47, 11.00
10:38:18, 1035.30, 13.35, 5267, 2503, 7637, 3620, 6421, 8075, 4065, 7842, 36000, 28304, 16190.48, 14.54, 11.00
10:38:18, 1034.70, 13.33, 5881, 2593, 7838, 4037, 3926, 5642, 3302, 5185, 36000, 23064, 16217.32, 14.50, 10.99
10:38:19, 1035.20, 13.31, 4794, 2428, 5902, 3928, 4754, 8904, 3748, 6427, 36000, 30772, 16217.32, 14.50, 10.99
10:38:19, 1035.60, 13.28, 4342, 2250, 5204, 3648, 4128, 7677, 3574, 6269, 36000, 24370, 16230.77, 14.48, 10.99
10:38:20, 1034.70, 13.27, 4296, 2344, 5199, 3798, 4394, 8943, 4009, 6971, 36000, 25334, 16230.77, 14.48, 11.02
10:38:20, 1034.30, 13.27, 7464, 3617, 9741, 6894, 3672, 6986, 3610, 5383, 36000, 18079, 16244.23, 14.47, 11.02
10:38:20, 1034.40, 13.26, 7812, 3292, 8863, 5831, 3855, 6891, 3802, 5551, 36000, 18555, 16203.89, 14.52, 11.05
10:38:21, 1034.90, 13.25, 5300, 4301, 8465, 8486, 4185, 8807, 3960, 6756, 36000, 21796, 16203.89, 14.52, 11.05
10:38:21, 1035.80, 13.24, 5140, 2739, 7205, 5161, 3953, 8365, 3994, 6295, 36000, 16006, 16230.77, 14.48, 11.07
10:38:22, 1035.40, 13.23, 5358, 2558, 5199, 4972, 5558, 11494, 5016, 10577, 36000, 21119, 16244.23, 14.47, 11.07
10:38:22, 1034.60, 13.23, 4865, 2483, 4899, 5126, 4112, 9495, 4346, 6799, 35052, 16621, 16244.23, 14.47, 11.07
10:38:23, 1034.90, 13.24, 5513, 2949, 6566, 7179, 6160, 15443, 6361, 11711, 36000, 21468, 16244.23, 14.47, 11.05
10:38:23, 1037.40, 13.24, 6838, 4136, 8599, 9491, 7362, 18535, 8119, 13818, 36000, 22396, 16257.70, 14.45, 11.05
10:38:23, 1052.60, 13.22, 5559, 4893, 9127, 10294, 3997, 8898, 3789, 7184, 34583, 9660, 16257.70, 14.45, 11.03
10:38:24, 1064.80, 13.18, 3164, 1923, 4946, 3458, 3067, 4061, 2889, 3895, 30831, 4200, 16257.70, 14.45, 11.03
10:38:24, 1073.70, 13.13, 5016, 2658, 6094, 4470, 3798, 5572, 2991, 4390, 30454, 5322, 16284.69, 14.42, 11.03
10:38:25, 1080.60, 13.10, 7207, 3423, 10705, 7097, 3277, 5050, 2826, 4090, 24893, 3471, 16298.20, 14.40, 10.99
10:38:25, 1091.40, 13.07, 4846, 3011, 6836, 7621, 3912, 7515, 3794, 5543, 27939, 3283, 16271.19, 14.43, 10.99
10:38:26, 1101.40, 13.04, 6098, 3585, 8859, 10125, 3213, 5508, 3046, 4152, 25088, 2257, 16298.20, 14.40, 10.99
10:38:26, 1109.50, 13.00, 2249, 1663, 3770, 3179, 4086, 6837, 3292, 5280, 29830, 4855, 16271.19, 14.43, 10.99
10:38:26, 1117.60, 12.98, 2887, 1836, 4228, 3338, 4920, 6412, 3325, 5144, 31799, 4896, 16271.19, 14.43, 10.99
10:38:27, 1127.00, 12.96, 3593, 2164, 7006, 3755, 3369, 3325, 2658, 3091, 28851, 3230, 16271.19, 14.43, 10.99
10:38:27, 1137.10, 12.94, 2306, 1760, 4440, 3053, 3109, 2684, 2528, 2520, 22431, 2150, 16298.20, 14.40, 10.99
10:38:28, 1146.40, 12.92, 1702, 1533, 3709, 2616, 4897, 3976, 3839, 3751, 35116, 4045, 16298.20, 14.40, 10.98
10:38:28, 1152.70, 12.91, 1498, 1449, 3254, 2565, 4622, 3274, 3458, 3031, 35528, 4612, 16298.20, 14.40, 10.98
10:38:28, 1163.40, 12.90, 1550, 1510, 3551, 2682, 4664, 3188, 3612, 3010, 32457, 5256, 16311.73, 14.38, 10.99
10:38:29, 1172.60, 12.89, 1309, 1308, 2963, 2393, 4002, 3124, 2741, 2653, 30351, 2976, 16298.20, 14.40, 10.99
10:38:29, 1183.80, 12.87, 1513, 1348, 3251, 2514, 3967, 3711, 2636, 2946, 32259, 3436, 16298.20, 14.40, 10.99
10:38:30, 1194.80, 12.86, 1457, 1324, 2976, 2527, 3164, 3158, 2205, 2383, 26445, 2325, 16311.73, 14.38, 10.99
10:38:30, 1204.80, 12.85, 1415, 1283, 2984, 2477, 3668, 3518, 2463, 2640, 28872, 2912, 16338.83, 14.35, 10.99
10:38:31, 1214.60, 12.83, 1303, 1279, 2929, 2481, 4392, 3519, 2727, 2676, 35067, 3821, 16298.20, 14.40, 10.98
10:38:31, 1224.80, 12.82, 1183, 1217, 2913, 2383, 5026, 3300, 3346, 2588, 35717, 4316, 16311.73, 14.38, 10.98
10:38:31, 1236.50, 12.81, 905, 1136, 2656, 2281, 4322, 2467, 3151, 2061, 29970, 3220, 16311.73, 14.38, 10.98
10:38:32, 1245.60, 12.79, 919, 1171, 2767, 2384, 3688, 2471, 2564, 1881, 26427, 2519, 16311.73, 14.38, 10.96
10:38:32, 1256.90, 12.75, 989, 1091, 2599, 2231, 3554, 2880, 2164, 1996, 26598, 2642, 16325.27, 14.36, 10.96
10:38:33, 1268.10, 12.74, 970, 1035, 2459, 2145, 3440, 2851, 2017, 1895, 24372, 2341, 16325.27, 14.36, 10.95
10:38:33, 1277.10, 12.73, 819, 971, 2223, 2044, 2993, 2242, 1867, 1510, 19693, 1825, 16352.39, 14.33, 10.95
10:38:33, 1287.50, 12.71, 908, 1055, 2729, 2212, 3872, 2253, 2530, 1628, 25727, 2464, 16365.98, 14.31, 10.93
10:38:34, 1299.20, 12.70, 655, 863, 1978, 1840, 2797, 1985, 1766, 1307, 17832, 1590, 16379.58, 14.29, 10.93
10:38:34, 1309.60, 12.69, 517, 721, 1513, 1580, 2224, 1798, 1309, 1085, 12798, 1070, 16338.83, 14.35, 10.93
10:38:35, 1317.90, 12.68, 590, 760, 1665, 1705, 2245, 1944, 1274, 1118, 12667, 1026, 16311.73, 14.38, 10.91
10:38:35, 1327.30, 12.67, 644, 796, 1796, 1807, 2636, 2229, 1445, 1269, 16122, 1394, 16379.58, 14.29, 10.91
10:38:36, 1339.30, 12.66, 674, 814, 1965, 1863, 2559, 1932, 1420, 1108, 16265, 1512, 16352.39, 14.33, 10.91
10:38:36, 1349.80, 12.64, 621, 763, 1845, 1763, 2725, 2092, 1455, 1167, 17395, 1610, 16365.98, 14.31, 10.91
10:38:36, 1358.40, 12.63, 668, 780, 1953, 1830, 2788, 2181, 1433, 1180, 17734, 1623, 16379.58, 14.29, 10.91
10:38:37, 1368.70, 12.62, 661, 774, 1983, 1823, 2865, 2130, 1456, 1138, 17933, 1671, 16365.98, 14.31, 10.91
10:38:37, 1376.60, 12.61, 583, 708, 1782, 1686, 2721, 2028, 1368, 1064, 17037, 1590, 16365.98, 14.31, 10.91
10:38:38, 1381.10, 12.61, 601, 728, 1838, 1757, 2693, 2116, 1338, 1082, 17008, 1492, 16365.98, 14.31, 10.90
10:38:38, 1392.90, 12.61, 752, 822, 2172, 2031, 2921, 2444, 1377, 1197, 17534, 1568, 16365.98, 14.31, 10.90
10:38:38, 1404.60, 12.59, 611, 733, 1844, 1826, 2520, 1992, 1210, 958, 14685, 1275, 16393.19, 14.28, 10.90
10:38:39, 1412.50, 12.58, 625, 753, 1915, 1904, 2707, 2138, 1250, 1002, 15251, 1348, 16393.19, 14.28, 10.90
10:38:39, 1424.20, 12.57, 573, 704, 1831, 1802, 2759, 2020, 1280, 960, 16187, 1482, 16393.19, 14.28, 10.90
10:38:40, 1434.90, 12.57, 496, 655, 1628, 1697, 2316, 1844, 1068, 828, 13316, 1116, 16379.58, 14.29, 10.91
10:38:40, 1443.20, 12.56, 545, 668, 1666, 1800, 2259, 2091, 1030, 854, 12426, 914, 16420.45, 14.24, 10.91
10:38:41, 1455.50, 12.55, 526, 674, 1630, 1898, 2309, 2245, 1032, 863, 11130, 819, 16420.45, 14.24, 10.90
10:38:41, 1465.80, 12.54, 549, 676, 1708, 1892, 2271, 2013, 976, 787, 10637, 802, 16434.11, 14.22, 10.90
10:38:41, 1473.70, 12.53, 533, 656, 1704, 1845, 2404, 2094, 997, 811, 11568, 920, 16434.11, 14.22, 10.90
10:38:42, 1486.20, 12.52, 515, 639, 1690, 1807, 2510, 2163, 1001, 819, 12987, 1091, 16379.58, 14.29, 10.88
10:38:42, 1495.30, 12.51, 447, 576, 1484, 1639, 2063, 1760, 842, 655, 10606, 846, 16393.19, 14.28, 10.88
10:38:43, 1505.20, 12.50, 444, 552, 1436, 1615, 2048, 1800, 824, 644, 10452, 810, 16393.19, 14.28, 10.88
10:38:43, 1517.30, 12.49, 414, 534, 1405, 1561, 2074, 1689, 804, 610, 9952, 813, 16461.46, 14.19, 10.88
10:38:43, 1526.50, 12.48, 387, 507, 1361, 1482, 2105, 1515, 816, 563, 10369, 903, 16447.78, 14.21, 10.88
10:38:44, 1534.70, 12.47, 344, 486, 1304, 1415, 2150, 1399, 857, 526, 11207, 970, 16434.11, 14.22, 10.84
10:38:44, 1544.40, 12.46, 286, 437, 1160, 1283, 1824, 1151, 746, 433, 9087, 775, 16420.45, 14.24, 10.84
10:38:45, 1555.10, 12.45, 273, 403, 1065, 1200, 1607, 1097, 616, 386, 7377, 610, 16461.46, 14.19, 10.84
10:38:45, 1562.30, 12.44, 262, 378, 984, 1150, 1544, 1177, 568, 393, 7101, 566, 16447.78, 14.21, 10.84
10:38:46, 1570.40, 12.43, 262, 379, 987, 1167, 1575, 1145, 574, 382, 7216, 595, 16434.11, 14.22, 10.84
10:38:46, 1581.80, 12.41, 256, 378, 1020, 1163, 1639, 1076, 603, 362, 7701, 638, 16447.78, 14.21, 10.77
10:38:46, 1590.40, 12.40, 219, 350, 932, 1083, 1576, 950, 601, 325, 7184, 627, 16434.11, 14.22, 10.77
10:38:47, 1596.30, 12.38, 200, 337, 891, 1053, 1514, 903, 572, 305, 6753, 592, 16447.78, 14.21, 10.69
10:38:47, 1595.70, 12.37, 202, 321, 843, 1007, 1377, 925, 487, 297, 6002, 496, 16461.46, 14.19, 10.69
10:38:48, 1594.80, 12.37, 207, 320, 809, 1028, 1280, 1055, 458, 310, 4926, 341, 16447.78, 14.21, 10.66
10:38:48, 1595.20, 12.37, 222, 342, 840, 1146, 1294, 1118, 484, 322, 4308, 277, 16475.15, 14.17, 10.66
10:38:48, 1595.00, 12.36, 212, 341, 825, 1141, 1291, 1096, 473, 316, 4254, 281, 16461.46, 14.19, 10.66
10:38:49, 1596.00, 12.36, 204, 325, 799, 1062, 1233, 983, 439, 292, 4316, 300, 16488.87, 14.15, 10.65
10:38:49, 1584.80, 12.35, 193, 314, 778, 999, 1168, 913, 418, 274, 4051, 278, 16475.15, 14.17, 10.65
10:38:50, 1565.40, 12.34, 184, 321, 730, 1047, 1151, 962, 478, 289, 2826, 152, 16502.59, 14.14, 10.65
10:38:50, 1547.50, 12.34, 171, 314, 680, 1009, 1034, 866, 452, 269, 2361, 124, 16516.33, 14.12, 10.65
10:38:51, 1526.50, 12.32, 174, 309, 674, 948, 1014, 841, 432, 276, 2638, 152, 16502.59, 14.14, 10.65
10:38:51, 1506.50, 12.32, 172, 312, 658, 935, 994, 826, 447, 281, 2388, 131, 16488.87, 14.15, 10.63
10:38:51, 1487.60, 12.31, 178, 324, 668, 939, 976, 817, 451, 290, 2404, 133, 16461.46, 14.19, 10.63
10:38:52, 1466.60, 12.30, 181, 313, 655, 888, 1012, 858, 466, 321, 2866, 176, 16488.87, 14.15, 10.68
10:38:52, 1445.60, 12.30, 190, 341, 681, 940, 962, 824, 489, 319, 2231, 119, 16516.33, 14.12, 10.68
10:38:53, 1425.40, 12.31, 175, 320, 614, 870, 863, 749, 478, 305, 1748, 88, 16502.59, 14.14, 10.68
10:38:53, 1401.90, 12.32, 205, 364, 697, 967, 1111, 980, 622, 422, 2463, 129, 16488.87, 14.15, 10.80
10:38:53, 1378.70, 12.32, 215, 387, 717, 993, 950, 840, 552, 377, 2111, 108, 16530.08, 14.10, 10.80
10:38:54, 1357.60, 12.32, 239, 422, 769, 1035, 912, 821, 541, 385, 2264, 119, 16516.33, 14.12, 10.87
10:38:54, 1331.20, 12.32, 226, 371, 671, 860, 1038, 949, 637, 476, 2712, 149, 16530.08, 14.10, 10.87
10:38:55, 1303.70, 12.33, 213, 376, 631, 837, 862, 746, 579, 397, 1715, 82, 16516.33, 14.12, 10.89
10:38:55, 1282.50, 12.33, 218, 383, 628, 824, 863, 777, 613, 444, 1724, 84, 16488.87, 14.15, 10.89
10:38:56, 1260.80, 12.33, 249, 437, 698, 894, 864, 764, 626, 459, 1710, 82, 16530.08, 14.10, 10.89
10:38:56, 1237.60, 12.33, 278, 485, 762, 961, 1050, 939, 783, 607, 2318, 114, 16516.33, 14.12, 10.90
10:38:56, 1214.90, 12.33, 308, 519, 804, 994, 1068, 974, 819, 663, 2617, 134, 16488.87, 14.15, 10.90
10:38:57, 1195.60, 12.33, 356, 573, 874, 1076, 1033, 1009, 833, 713, 2864, 153, 16530.08, 14.10, 10.91
10:38:57, 1171.50, 12.33, 523, 789, 1231, 1518, 1659, 1719, 1397, 1294, 5560, 315, 16571.43, 14.05, 10.91
10:38:58, 1149.70, 12.33, 777, 913, 1489, 1779, 2513, 3887, 2145, 2503, 22174, 1369, 16557.63, 14.07, 10.91
10:38:58, 1129.30, 12.33, 1415, 1309, 2320, 2513, 2299, 2961, 2001, 2239, 20342, 1186, 16557.63, 14.07, 10.92
10:38:59, 1106.10, 12.33, 2443, 1681, 3431, 3284, 2751, 3609, 2385, 2960, 23283, 1788, 16543.85, 14.09, 10.92
10:38:59, 1080.80, 12.34, 2354, 1679, 3220, 3107, 3417, 6347, 3231, 4518, 28738, 3155, 16557.63, 14.07, 10.95
10:38:59, 1058.60, 12.34, 2762, 1971, 3296, 3775, 3242, 5569, 3948, 4789, 25274, 2851, 16543.85, 14.09, 10.95
10:39:00, 1029.50, 12.34, 5878, 8711, 10852, 14623, 22352, 22307, 24311, 29545, 35290, 21218, 16585.24, 14.03, 10.95
10:39:00, 1021.30, 12.25, 7286, 8975, 10290, 17003, 8743, 18007, 19082, 16024, 36000, 14427, 16571.43, 14.05, 10.95
10:39:01, 1021.20, 12.26, 7202, 9115, 10465, 17276, 14516, 20225, 26199, 21979, 34374, 9184, 16585.24, 14.03, 10.95
10:39:01, 1021.20, 12.28, 9598, 15825, 22744, 20466, 23973, 27894, 26849, 33744, 30386, 10267, 16585.24, 14.03, 11.03
10:39:01, 1021.80, 12.33, 8946, 16038, 19248, 21456, 24887, 36000, 32478, 36000, 18674, 6213, 16571.43, 14.05, 11.03
10:39:02, 1021.80, 12.35, 8584, 15246, 18483, 22379, 2630, 2675, 3163, 3570, 7161, 2259, 16585.24, 14.03, 11.04
10:39:02, 1022.80, 12.42, 7787, 11351, 14472, 14791, 18200, 22252, 13310, 27553, 13398, 4465, 16612.90, 14.00, 11.04
10:39:03, 1022.60, 12.47, 6652, 6743, 6475, 16685, 12329, 20027, 26598, 16521, 36000, 20083, 16585.24, 14.03, 11.04
10:39:03, 1022.40, 12.50, 2020, 2822, 2874, 5570, 2077, 2480, 3326, 4041, 12342, 5482, 16557.63, 14.07, 11.08
10:39:04, 1021.30, 12.50, 1375, 1916, 2499, 2954, 34447, 35464, 35556, 35571, 36000, 36000, 16612.90, 14.00, 11.08
10:39:04, 1019.70, 12.46, 8158, 4499, 10663, 11772, 4563, 13585, 7087, 10851, 36000, 36000, 16585.24, 14.03, 11.09
10:39:04, 1021.50, 12.48, 2456, 1877, 2869, 3535, 1180, 1838, 2112, 2748, 10966, 5117, 16585.24, 14.03, 11.09
10:39:05, 1022.30, 12.61, 161, 216, 294, 342, 351, 450, 622, 817, 2401, 1273, 16571.43, 14.05, 11.09
10:39:05, 1022.00, 12.65, 124, 167, 218, 263, 280, 379, 558, 758, 2262, 1223, 16543.85, 14.09, 11.13
10:39:06, 1022.00, 12.69, 119, 163, 211, 261, 300, 399, 572, 759, 2224, 1150, 16585.24, 14.03, 11.13
10:39:06, 1022.10, 12.71, 146, 213, 289, 359, 482, 561, 713, 835, 2587, 1161, 16585.24, 14.03, 11.18
10:39:06, 1022.80, 12.81, 221, 331, 446, 522, 586, 666, 859, 1014, 2952, 1186, 16599.06, 14.02, 11.18
10:39:07, 1023.10, 12.84, 202, 284, 367, 419, 403, 508, 736, 913, 2209, 964, 16612.90, 14.00, 11.18
10:39:07, 1022.80, 12.87, 200, 284, 362, 411, 414, 511, 730, 906, 2274, 984, 16612.90, 14.00, 11.20
10:39:08, 1022.30, 12.88, 138, 192, 264, 318, 386, 516, 737, 915, 2644, 1283, 16612.90, 14.00, 11.20
10:39:08, 1022.50, 12.90, 249, 316, 422, 543, 593, 793, 1080, 1291, 4175, 1847, 16599.06, 14.02, 11.23
10:39:09, 1020.50, 12.85, 1141, 1623, 1900, 3131, 11715, 14582, 18930, 18499, 33866, 12751, 16599.06, 14.02, 11.23
10:39:09, 1020.40, 12.88, 6635, 9003, 11183, 15957, 20091, 22976, 28004, 33283, 36000, 35944, 16599.06, 14.02, 11.25
10:39:09, 1020.60, 12.92, 8383, 12112, 15146, 19212, 17824, 25150, 24008, 36000, 36000, 36000, 16612.90, 14.00, 11.25
10:39:10, 1021.00, 12.94, 5543, 5502, 7325, 11157, 5417, 9409, 9921, 11037, 36000, 16585, 16612.90, 14.00, 11.25
10:39:10, 1022.30, 13.01, 6525, 4151, 9675, 6508, 5442, 6135, 5189, 7069, 36000, 36000, 16640.63, 13.96, 11.19
10:39:11, 1023.20, 13.08, 3146, 3708, 6432, 5726, 6341, 4127, 7686, 5963, 36000, 36000, 16612.90, 14.00, 11.19
10:39:11, 1023.40, 13.11, 2009, 3670, 4547, 6906, 9065, 5461, 12520, 8192, 36000, 36000, 16626.76, 13.98, 11.14
10:39:11, 1023.30, 13.13, 2610, 5211, 6295, 10407, 9515, 7459, 16030, 9399, 36000, 36000, 16599.06, 14.02, 11.14
10:39:12, 1023.50, 13.13, 3253, 5918, 8526, 10448, 10012, 10417, 17130, 12142, 36000, 26961, 16557.63, 14.07, 11.14
10:39:12, 1032.80, 13.15, 2178, 3520, 4892, 6472, 10742, 9143, 15367, 12598, 35796, 27058, 16640.63, 13.96, 11.16
10:39:13, 1036.30, 13.08, 1940, 2388, 3067, 5004, 15897, 18829, 23416, 20967, 35817, 17968, 16612.90, 14.00, 11.16
10:39:13, 1033.60, 13.00, 4063, 5301, 6131, 11616, 9214, 12970, 14512, 15876, 30003, 5003, 16626.76, 13.98, 11.05
10:39:14, 1032.60, 12.94, 4410, 5905, 6008, 12054, 9019, 11440, 12323, 13091, 28168, 9306, 16612.90, 14.00, 11.05
10:39:14, 1035.00, 12.88, 4215, 4837, 5238, 10294, 10755, 12680, 14389, 13354, 29180, 10667, 16612.90, 14.00, 11.05
10:39:14, 1037.40, 12.83, 3035, 4470, 3924, 11990, 10323, 11706, 16198, 8759, 33012, 12565, 16626.76, 13.98, 11.00
10:39:15, 1037.90, 12.76, 1687, 4238, 4401, 10573, 12360, 9339, 21192, 7482, 36000, 22178, 16654.51, 13.95, 11.00
10:39:15, 1036.10, 12.73, 1571, 4051, 4428, 9613, 11183, 4679, 17285, 5955, 36000, 31211, 16626.76, 13.98, 10.99
10:39:16, 1034.20, 12.70, 1371, 2372, 3495, 4632, 15110, 4830, 24096, 7197, 36000, 34976, 16654.51, 13.95, 10.99
10:39:16, 1035.20, 12.68, 1619, 2441, 4476, 3958, 6668, 3260, 10871, 4512, 36000, 32694, 16640.63, 13.96, 10.97
10:39:16, 1039.20, 12.66, 1771, 2806, 5494, 4635, 12348, 3863, 17188, 5755, 36000, 30193, 16654.51, 13.95, 10.97
10:39:17, 1039.10, 12.64, 1433, 2378, 4078, 4218, 8850, 3288, 14701, 4735, 36000, 28518, 16640.63, 13.96, 10.97
10:39:17, 1036.20, 12.62, 1744, 2828, 4972, 4921, 7114, 3180, 11897, 4451, 36000, 35939, 16626.76, 13.98, 10.97
10:39:18, 1035.80, 12.60, 1897, 3254, 6074, 5750, 9152, 3475, 13340, 4997, 36000, 34937, 16682.31, 13.91, 10.97
10:39:18, 1037.30, 12.59, 2320, 4388, 7896, 8726, 12772, 4249, 15341, 7256, 36000, 35391, 16654.51, 13.95, 10.98
10:39:19, 1036.30, 12.58, 1471, 2327, 3880, 4002, 13940, 4070, 16611, 6608, 36000, 33033, 16668.40, 13.93, 10.98
10:39:19, 1036.50, 12.57, 1589, 2229, 4220, 3485, 6369, 3049, 9519, 4229, 36000, 35165, 16696.24, 13.89, 10.98
10:39:19, 1037.10, 12.56, 1676, 2938, 5514, 5658, 6859, 2974, 10606, 4123, 35549, 23484, 16654.51, 13.95, 10.98
10:39:20, 1033.70, 12.55, 1549, 2899, 5082, 6542, 13249, 4520, 17550, 7216, 36000, 33793, 16668.40, 13.93, 10.98
10:39:20, 1036.60, 12.55, 1459, 2346, 3249, 4512, 8370, 3476, 15899, 4457, 36000, 28568, 16682.31, 13.91, 10.98
10:39:21, 1038.50, 12.54, 1384, 2583, 3848, 5828, 7696, 3435, 14641, 4264, 35792, 21137, 16668.40, 13.93, 10.98
10:39:21, 1038.20, 12.53, 1555, 3296, 4447, 8060, 10538, 4382, 16659, 5609, 36000, 25403, 16640.63, 13.96, 10.98
10:39:21, 1036.30, 12.53, 1380, 3325, 3474, 7872, 13300, 8115, 19694, 9362, 34185, 27027, 16696.24, 13.89, 10.98
10:39:22, 1038.20, 12.53, 1412, 2841, 3172, 7117, 7378, 4661, 13169, 4943, 32957, 15563, 16696.24, 13.89, 10.98
10:39:22, 1051.50, 12.52, 1558, 3396, 3774, 9819, 7092, 4918, 15603, 4789, 36000, 10515, 16668.40, 13.93, 10.98
10:39:23, 1068.30, 12.50, 1958, 4778, 4264, 13260, 12826, 14299, 16904, 9006, 33190, 8154, 16696.24, 13.89, 10.98
10:39:23, 1081.60, 12.48, 2063, 3689, 3733, 10437, 7170, 7704, 12323, 5713, 32906, 3175, 16682.31, 13.91, 10.97
10:39:24, 1097.60, 12.46, 3337, 5425, 5382, 14932, 8638, 9309, 12744, 6872, 30391, 2333, 16710.18, 13.88, 10.97
10:39:24, 1108.40, 12.44, 2325, 3391, 3866, 11136, 6240, 7570, 10366, 5409, 26796, 1497, 16668.40, 13.93, 10.97
10:39:24, 1118.20, 12.43, 2951, 3921, 4622, 10222, 10868, 15133, 18704, 10591, 33522, 2153, 16696.24, 13.89, 10.96
10:39:25, 1132.10, 12.42, 1775, 2831, 3405, 7325, 11564, 12703, 18594, 8310, 34048, 3009, 16654.51, 13.95, 10.96
10:39:25, 1140.90, 12.42, 1352, 2926, 3505, 8691, 5341, 4537, 7095, 3576, 24656, 1672, 16724.14, 13.86, 10.98
10:39:26, 1148.30, 12.42, 1297, 3301, 3990, 9550, 15636, 9476, 23890, 6999, 36000, 6825, 16710.18, 13.88, 10.98
10:39:26, 1160.90, 12.42, 1129, 2826, 3759, 7808, 11529, 7847, 14874, 5914, 35993, 4273, 16738.11, 13.84, 10.98
10:39:26, 1168.90, 12.42, 896, 1871, 2619, 5048, 4111, 3125, 5116, 2538, 20055, 1325, 16710.18, 13.88, 10.98
10:39:27, 1175.90, 12.43, 996, 2560, 3497, 7156, 11619, 5851, 15734, 4717, 36000, 5494, 16724.14, 13.86, 10.98
10:39:27, 1185.70, 12.42, 966, 2219, 3451, 5986, 14974, 6342, 19198, 5854, 36000, 7699, 16738.11, 13.84, 11.00
10:39:28, 1196.70, 12.42, 669, 1283, 2000, 2805, 4505, 2868, 5088, 2417, 23375, 1800, 16794.13, 13.77, 11.00
10:39:28, 1203.50, 12.41, 826, 1708, 2996, 4512, 3925, 2326, 4427, 1951, 21998, 1845, 16752.09, 13.82, 11.00
10:39:29, 1212.60, 12.40, 872, 1712, 3095, 4008, 8532, 3546, 10273, 3338, 36000, 5741, 16738.11, 13.84, 10.99
10:39:29, 1220.50, 12.39, 862, 1502, 2928, 3179, 6369, 2916, 5961, 2725, 36000, 4256, 16752.09, 13.82, 10.99
10:39:29, 1231.20, 12.38, 1076, 1357, 3207, 2678, 5006, 3099, 3630, 2513, 32005, 3887, 16738.11, 13.84, 11.01
10:39:30, 1240.10, 12.37, 1007, 1191, 2635, 2344, 3612, 2835, 2388, 2061, 24862, 2272, 16780.11, 13.79, 11.01
10:39:30, 1251.70, 12.36, 1580, 1423, 3590, 2998, 4526, 5330, 2569, 3155, 35065, 3515, 16766.09, 13.81, 10.98
10:39:31, 1263.80, 12.36, 1068, 1168, 2485, 2553, 3017, 3256, 1947, 1935, 18314, 1381, 16808.18, 13.75, 10.98
10:39:31, 1273.70, 12.35, 1949, 1770, 4563, 4391, 3514, 4599, 2157, 2618, 25344, 1887, 16766.09, 13.81, 10.98
10:39:31, 1282.70, 12.33, 1162, 1363, 2815, 3275, 4443, 5305, 2638, 2957, 25012, 1799, 16766.09, 13.81, 10.96
10:39:32, 1290.10, 12.32, 1433, 1465, 3374, 3800, 4044, 5505, 2639, 2902, 24664, 1664, 16794.13, 13.77, 10.96
10:39:32, 1301.10, 12.31, 1705, 2046, 4366, 5764, 4313, 6293, 3243, 3360, 24189, 1507, 16794.13, 13.77, 10.94
10:39:33, 1310.70, 12.31, 1145, 1446, 2921, 4010, 3744, 4597, 2706, 2494, 17430, 1051, 16794.13, 13.77, 10.94
10:39:33, 1320.60, 12.30, 1297, 1496, 3125, 4314, 3911, 5118, 2896, 2625, 20007, 1188, 16780.11, 13.79, 10.94
10:39:34, 1330.80, 12.29, 1240, 1543, 3258, 4261, 4240, 5540, 2710, 2689, 22579, 1456, 16780.11, 13.79, 10.93
10:39:34, 1339.10, 12.28, 1579, 1727, 3976, 4953, 5488, 7895, 2974, 3805, 32363, 2562, 16822.23, 13.74, 10.93
10:39:34, 1347.70, 12.27, 1441, 1646, 3881, 4444, 4632, 5718, 2586, 2757, 25246, 1773, 16794.13, 13.77, 10.92
10:39:35, 1357.70, 12.27, 1471, 1558, 3932, 4520, 3417, 3921, 1898, 1865, 17506, 1215, 16794.13, 13.77, 10.92
10:39:35, 1369.50, 12.26, 1172, 1421, 3170, 3932, 4088, 4841, 2237, 2153, 21034, 1430, 16808.18, 13.75, 10.92
10:39:36, 1379.40, 12.25, 1096, 1244, 2878, 3483, 4301, 6419, 2281, 2524, 28363, 1949, 16822.23, 13.74, 10.91
10:39:36, 1386.90, 12.25, 809, 1064, 2312, 2790, 4273, 4758, 2030, 2012, 24806, 1971, 16822.23, 13.74, 10.91
10:39:37, 1395.60, 12.25, 1045, 1223, 3005, 3134, 3693, 3567, 1775, 1607, 21449, 1691, 16808.18, 13.75, 10.92
10:39:37, 1405.30, 12.24, 726, 965, 2277, 2425, 3461, 2832, 1659, 1315, 19014, 1558, 16850.39, 13.70, 10.92
10:39:37, 1414.00, 12.24, 1292, 1277, 3745, 3229, 4551, 3823, 1983, 1728, 28672, 2660, 16864.50, 13.68, 10.92
10:39:38, 1420.40, 12.24, 655, 934, 2140, 2400, 3307, 3109, 1523, 1300, 18887, 1486, 16808.18, 13.75, 10.92
10:39:38, 1430.40, 12.24, 774, 968, 2306, 2616, 2869, 2644, 1376, 1106, 13979, 997, 16808.18, 13.75, 10.92
10:39:39, 1439.80, 12.23, 892, 1031, 2660, 2773, 3657, 3463, 1624, 1396, 21612, 1649, 16836.30, 13.72, 10.91
10:39:39, 1449.50, 12.23, 671, 914, 2190, 2462, 3277, 2943, 1457, 1170, 17003, 1281, 16836.30, 13.72, 10.91
10:39:39, 1458.70, 12.22, 896, 1067, 2788, 2927, 3425, 3099, 1484, 1217, 17368, 1327, 16864.50, 13.68, 10.91
10:39:40, 1467.80, 12.22, 633, 900, 2142, 2484, 3275, 3034, 1424, 1156, 17507, 1359, 16850.39, 13.70, 10.91
10:39:40, 1477.50, 12.22, 787, 1005, 2595, 2808, 3465, 2872, 1456, 1122, 16871, 1283, 16878.62, 13.67, 10.91
10:39:41, 1484.90, 12.21, 702, 887, 2296, 2472, 2910, 2463, 1237, 937, 14945, 1150, 16850.39, 13.70, 10.89
10:39:41, 1495.10, 12.21, 682, 899, 2226, 2595, 3253, 3053, 1320, 1067, 16679, 1262, 16864.50, 13.68, 10.89
10:39:42, 1505.00, 12.21, 610, 838, 2085, 2423, 3149, 2859, 1274, 997, 16073, 1207, 16850.39, 13.70, 10.89
10:39:42, 1511.70, 12.20, 482, 775, 1816, 2226, 3407, 2741, 1338, 995, 16731, 1319, 16878.62, 13.67, 10.89
10:39:42, 1520.00, 12.20, 828, 1015, 2914, 2890, 3402, 2436, 1377, 920, 15805, 1244, 16850.39, 13.70, 10.89
10:39:43, 1531.40, 12.20, 493, 745, 1906, 2125, 2956, 2116, 1177, 784, 14805, 1233, 16878.62, 13.67, 10.87
10:39:43, 1542.00, 12.19, 576, 823, 2116, 2436, 3288, 2643, 1246, 908, 16411, 1252, 16892.74, 13.65, 10.87
10:39:44, 1551.10, 12.19, 518, 752, 1904, 2272, 2834, 2340, 1078, 771, 12929, 931, 16892.74, 13.65, 10.87
10:39:44, 1562.20, 12.18, 438, 726, 1737, 2213, 2899, 2225, 1086, 743, 12339, 895, 16892.74, 13.65, 10.87
10:39:44, 1572.20, 12.17, 582, 820, 2219, 2510, 3306, 2447, 1185, 812, 15195, 1214, 16892.74, 13.65, 10.82
10:39:45, 1579.60, 12.16, 448, 710, 1830, 2160, 3092, 2161, 1123, 724, 13772, 1097, 16892.74, 13.65, 10.82
10:39:45, 1590.10, 12.15, 415, 709, 1754, 2193, 2902, 2043, 1048, 663, 12636, 972, 16850.39, 13.70, 10.82
10:39:46, 1601.20, 12.14, 477, 705, 1884, 2227, 3049, 2387, 1042, 724, 14460, 1112, 16878.62, 13.67, 10.78
10:39:46, 1607.90, 12.13, 445, 666, 1722, 2150, 2519, 1940, 887, 580, 9763, 664, 16935.23, 13.60, 10.78
10:39:47, 1617.80, 12.12, 414, 678, 1704, 2215, 2968, 2402, 995, 692, 12799, 923, 16878.62, 13.67, 10.75
10:39:47, 1629.50, 12.11, 440, 671, 1805, 2179, 2791, 1976, 931, 589, 11667, 884, 16906.89, 13.63, 10.75
10:39:47, 1637.60, 12.09, 378, 654, 1715, 2114, 3018, 1842, 1040, 571, 12679, 996, 16921.05, 13.62, 10.75
10:39:48, 1647.30, 12.05, 350, 653, 1679, 2135, 3066, 1772, 1096, 553, 12986, 1008, 16935.23, 13.60, 10.68
10:39:48, 1658.70, 12.04, 360, 604, 1643, 1985, 2569, 1617, 849, 477, 10615, 827, 16935.23, 13.60, 10.68
10:39:49, 1669.20, 12.03, 313, 543, 1398, 1828, 2388, 1723, 752, 467, 9134, 637, 16921.05, 13.62, 10.66
10:39:49, 1677.30, 12.03, 384, 598, 1594, 2103, 2505, 2005, 784, 512, 10010, 683, 16892.74, 13.65, 10.66
10:39:49, 1688.80, 12.02, 337, 574, 1493, 2035, 2492, 1835, 763, 473, 8678, 587, 16949.42, 13.58, 10.66
10:39:50, 1698.90, 12.01, 388, 615, 1674, 2192, 2773, 2094, 812, 526, 10549, 748, 16949.42, 13.58, 10.65
10:39:50, 1708.80, 12.00, 334, 567, 1533, 2015, 2544, 1833, 747, 458, 9545, 679, 16963.63, 13.56, 10.65
10:39:51, 1719.00, 11.99, 331, 583, 1553, 2108, 2692, 1929, 770, 475, 9886, 693, 16949.42, 13.58, 10.66
10:39:51, 1729.50, 11.98, 331, 554, 1507, 2041, 2417, 1773, 687, 423, 8500, 580, 16921.05, 13.62, 10.66
10:39:52, 1740.60, 11.97, 313, 517, 1406, 1925, 2410, 1846, 678, 425, 8622, 583, 16935.23, 13.60, 10.64
10:39:52, 1752.40, 11.97, 305, 518, 1399, 1973, 2323, 1734, 648, 393, 7929, 530, 16949.42, 13.58, 10.64
10:39:52, 1762.50, 11.96, 329, 535, 1496, 2063, 2566, 1930, 688, 429, 9111, 627, 16935.23, 13.60, 10.64
10:39:53, 1774.10, 11.95, 310, 539, 1493, 2075, 2579, 1846, 675, 412, 8842, 608, 16921.05, 13.62, 10.64
10:39:53, 1784.60, 11.94, 270, 481, 1323, 1868, 2202, 1520, 580, 335, 7325, 491, 16949.42, 13.58, 10.64
10:39:54, 1793.90, 11.94, 256, 460, 1267, 1789, 2251, 1567, 581, 340, 7793, 526, 16949.42, 13.58, 10.64
10:39:54, 1805.50, 11.94, 274, 470, 1324, 1870, 2203, 1542, 560, 328, 7429, 496, 16963.63, 13.56, 10.64
10:39:54, 1814.00, 11.93, 257, 448, 1275, 1787, 2228, 1519, 552, 320, 7472, 509, 16977.85, 13.55, 10.64
10:39:55, 1823.60, 11.93, 245, 442, 1248, 1762, 2216, 1446, 543, 306, 7242, 492, 16935.23, 13.60, 10.63
10:39:55, 1826.00, 11.93, 311, 707, 1854, 2946, 3309, 2016, 836, 448, 10569, 676, 16963.63, 13.56, 10.63
10:39:56, 1828.40, 11.93, 262, 491, 1407, 1985, 2885, 1793, 701, 386, 9075, 604, 16977.85, 13.55, 10.64
10:39:56, 1825.70, 11.93, 247, 453, 1295, 1827, 1832, 1191, 455, 251, 6396, 438, 17006.34, 13.51, 10.64
10:39:57, 1824.20, 11.93, 229, 420, 1197, 1680, 2011, 1246, 499, 268, 6830, 476, 17006.34, 13.51, 10.64
10:39:57, 1822.80, 11.94, 231, 425, 1220, 1675, 1970, 1161, 500, 257, 6932, 499, 16992.08, 13.53, 10.64
10:39:57, 1823.50, 11.94, 199, 383, 1086, 1495, 2182, 1215, 568, 276, 7781, 581, 17006.34, 13.51, 10.64
10:39:58, 1826.50, 11.95, 189, 372, 1059, 1464, 2316, 1224, 630, 284, 8219, 604, 17006.34, 13.51, 10.64
10:39:58, 1834.50, 11.95, 250, 508, 1437, 2021, 2279, 1196, 620, 276, 7840, 565, 16977.85, 13.55, 10.64
10:39:59, 1837.80, 11.95, 116, 262, 715, 1085, 1372, 693, 434, 160, 4270, 297, 17034.88, 13.48, 10.64
10:39:59, 1839.20, 11.95, 70, 165, 437, 748, 696, 379, 219, 80, 1894, 118, 17006.34, 13.51, 10.64
10:39:59, 1838.80, 11.95, 55, 127, 339, 590, 716, 401, 235, 87, 1983, 125, 17020.60, 13.49, 10.64
10:40:00, 1831.60, 11.96, 147, 345, 935, 1444, 1902, 993, 511, 226, 6369, 474, 17049.18, 13.46, 10.64
10:40:00, 1824.20, 11.96, 157, 368, 984, 1482, 1539, 779, 451, 182, 4735, 340, 17034.88, 13.48, 10.64
10:40:01, 1824.10, 11.96, 174, 443, 1123, 1893, 2027, 1081, 716, 240, 5692, 349, 16992.08, 13.53, 10.64
10:40:01, 1822.60, 11.96, 155, 388, 984, 1658, 2051, 1060, 728, 238, 5891, 375, 17049.18, 13.46, 10.64
10:40:02, 1813.30, 11.95, 184, 468, 1198, 1971, 2368, 1159, 785, 276, 7290, 514, 17077.82, 13.42, 10.64
10:40:02, 1805.20, 11.94, 229, 480, 1356, 1871, 2621, 1393, 729, 332, 9358, 691, 17034.88, 13.48, 10.64
10:40:02, 1796.90, 11.93, 257, 493, 1377, 1896, 2494, 1503, 648, 342, 8448, 595, 17049.18, 13.46, 10.64
10:40:03, 1786.20, 11.93, 294, 524, 1479, 2019, 2589, 1793, 664, 393, 8604, 589, 17049.18, 13.46, 10.65
10:40:03, 1777.60, 11.92, 309, 539, 1482, 2138, 2489, 1854, 670, 401, 7783, 496, 17077.82, 13.42, 10.65
10:40:04, 1767.00, 11.92, 295, 545, 1441, 2155, 2504, 1856, 697, 408, 7443, 467, 17063.49, 13.44, 10.65
10:40:04, 1757.80, 11.91, 324, 565, 1489, 2269, 2506, 2012, 753, 439, 7347, 431, 17049.18, 13.46, 10.63
10:40:04, 1751.70, 11.91, 324, 585, 1532, 2296, 2656, 2011, 751, 453, 8193, 522, 17049.18, 13.46, 10.63
10:40:05, 1743.40, 11.90, 352, 604, 1648, 2335, 2656, 1968, 748, 454, 8464, 553, 17077.82, 13.42, 10.65
10:40:05, 1738.80, 11.90, 330, 596, 1568, 2269, 2764, 2178, 788, 500, 9082, 596, 17092.16, 13.41, 10.65
10:40:06, 1729.60, 11.90, 355, 598, 1631, 2242, 2581, 1888, 734, 446, 8737, 585, 17077.82, 13.42, 10.64
10:40:06, 1717.10, 11.89, 338, 571, 1496, 2148, 2453, 2047, 754, 466, 8312, 512, 17092.16, 13.41, 10.64
10:40:07, 1704.00, 11.89, 343, 588, 1504, 2220, 2518, 2012, 795, 484, 8047, 490, 17120.89, 13.37, 10.64
10:40:07, 1695.00, 11.89, 401, 651, 1717, 2447, 2681, 2119, 819, 520, 9335, 620, 17092.16, 13.41, 10.64
10:40:07, 1685.10, 11.89, 354, 617, 1606, 2182, 2718, 2003, 829, 514, 9613, 650, 17106.52, 13.39, 10.64
10:40:08, 1670.60, 11.88, 370, 611, 1586, 2155, 2424, 1918, 789, 491, 8441, 537, 17106.52, 13.39, 10.64
10:40:08, 1662.50, 11.88, 371, 603, 1500, 2177, 2421, 2034, 826, 517, 8209, 497, 17106.52, 13.39, 10.64
10:40:09, 1650.20, 11.88, 382, 631, 1587, 2214, 2525, 2076, 858, 544, 9040, 561, 17120.89, 13.37, 10.64
10:40:09, 1639.40, 11.88, 369, 620, 1500, 2188, 2490, 2156, 908, 564, 8419, 489, 17106.52, 13.39, 10.64
10:40:09, 1628.40, 11.88, 433, 697, 1720, 2473, 2754, 2428, 979, 651, 9833, 616, 17135.28, 13.35, 10.64
10:40:10, 1615.90, 11.88, 390, 653, 1565, 2243, 2473, 2168, 946, 592, 8455, 484, 17120.89, 13.37, 10.64
10:40:10, 1605.60, 11.87, 444, 699, 1648, 2478, 2583, 2413, 1047, 660, 8777, 486, 17135.28, 13.35, 10.64
10:40:11, 1592.80, 11.88, 423, 708, 1659, 2403, 2694, 2419, 1074, 687, 9216, 528, 17149.68, 13.34, 10.64
10:40:11, 1581.70, 11.88, 550, 797, 1917, 2782, 2773, 2637, 1107, 751, 10718, 636, 17135.28, 13.35, 10.69
10:40:12, 1570.40, 11.88, 405, 703, 1627, 2230, 2630, 2242, 1040, 687, 9351, 572, 17120.89, 13.37, 10.69
10:40:12, 1556.80, 11.88, 582, 850, 1949, 2994, 2899, 2979, 1356, 860, 9876, 526, 17135.28, 13.35, 10.71
10:40:12, 1546.40, 11.89, 474, 810, 1773, 2680, 2877, 2687, 1356, 842, 8749, 475, 17164.10, 13.32, 10.71
10:40:13, 1533.60, 11.89, 493, 801, 1769, 2620, 2732, 2586, 1245, 814, 9328, 516, 17135.28, 13.35, 10.75
10:40:13, 1523.10, 11.89, 576, 890, 2023, 2876, 3016, 2879, 1296, 939, 12086, 749, 17149.68, 13.34, 10.75
10:40:14, 1511.60, 11.90, 513, 831, 1853, 2497, 2931, 2726, 1282, 919, 11260, 707, 17120.89, 13.37, 10.75
10:40:14, 1499.90, 11.91, 785, 1024, 2366, 3514, 3143, 3314, 1586, 1108, 11475, 641, 17164.10, 13.32, 10.78
10:40:15, 1490.10, 11.92, 709, 1043, 2301, 3311, 3471, 3515, 1652, 1230, 13682, 822, 17135.28, 13.35, 10.78
10:40:15, 1475.60, 11.93, 781, 1024, 2394, 3295, 2900, 3087, 1438, 1064, 12085, 700, 17164.10, 13.32, 10.86
10:40:15, 1464.50, 11.94, 671, 980, 2146, 2939, 3445, 3796, 1655, 1342, 16097, 1000, 17149.68, 13.34, 10.86
10:40:16, 1447.50, 11.95, 745, 1070, 2316, 3304, 3397, 3741, 1993, 1398, 12183, 649, 17149.68, 13.34, 10.86
10:40:16, 1437.00, 11.95, 754, 1125, 2265, 3601, 3577, 4237, 2224, 1570, 13680, 712, 17135.28, 13.35, 10.89
10:40:17, 1424.60, 11.96, 895, 1191, 2685, 3598, 3333, 3572, 1746, 1391, 14906, 893, 17192.98, 13.28, 10.89
10:40:17, 1413.80, 11.97, 789, 1036, 2206, 2987, 3036, 3542, 1683, 1352, 15033, 850, 17135.28, 13.35, 10.92
10:40:17, 1402.50, 11.97, 1063, 1252, 2833, 3722, 3878, 4545, 2102, 1787, 20115, 1198, 17178.53, 13.30, 10.92
10:40:18, 1391.80, 11.98, 1067, 1326, 2931, 3997, 3352, 3931, 2016, 1637, 15123, 853, 17178.53, 13.30, 10.93
10:40:18, 1381.90, 11.98, 1022, 1313, 2718, 3794, 4318, 6123, 2740, 2368, 23658, 1260, 17221.93, 13.25, 10.93
10:40:19, 1367.90, 11.99, 788, 1141, 2250, 3122, 3203, 3383, 1945, 1544, 12742, 747, 17207.45, 13.27, 10.93
10:40:19, 1353.90, 12.00, 1613, 1534, 3734, 4603, 3666, 4223, 2016, 1929, 21705, 1460, 17192.98, 13.28, 10.95
10:40:20, 1340.30, 12.00, 1110, 1277, 2707, 3353, 3621, 4604, 2415, 2052, 19632, 1026, 17207.45, 13.27, 10.95
10:40:20, 1326.30, 12.00, 1214, 1483, 2722, 4964, 3584, 5443, 3328, 2338, 15488, 732, 17207.45, 13.27, 10.95
10:40:20, 1315.20, 12.00, 1051, 1488, 2691, 4230, 4522, 6558, 3871, 3052, 20487, 997, 17135.28, 13.35, 10.95
10:40:21, 1301.20, 12.01, 1289, 1619, 3054, 4773, 3631, 4676, 3064, 2402, 14902, 753, 17164.10, 13.32, 10.95
10:40:21, 1289.00, 12.01, 1692, 1765, 3452, 5597, 3798, 5418, 2921, 2653, 20526, 1094, 17149.68, 13.34, 10.95
10:40:22, 1273.20, 12.02, 2136, 1941, 4426, 5543, 4183, 5619, 3295, 3027, 21248, 1193, 17236.42, 13.23, 10.95
10:40:22, 1259.50, 12.02, 1214, 1751, 2942, 4815, 5645, 8232, 7250, 4397, 18194, 772, 17221.93, 13.25, 10.97
10:40:23, 1242.80, 12.02, 2084, 3154, 4922, 9015, 6147, 8257, 7733, 4646, 16462, 732, 17221.93, 13.25, 10.97
10:40:23, 1228.60, 12.02, 1357, 1793, 2949, 4911, 4745, 7651, 5581, 4315, 22318, 1004, 17178.53, 13.30, 10.97
10:40:23, 1211.20, 12.03, 1876, 2241, 3755, 6301, 6712, 8838, 6572, 6133, 26847, 1558, 17207.45, 13.27, 10.97
10:40:24, 1196.10, 12.03, 1648, 2327, 3816, 5692, 4774, 5796, 5270, 4085, 16760, 807, 17207.45, 13.27, 10.97
10:40:24, 1180.80, 12.03, 2213, 3189, 4759, 8454, 9450, 9709, 10122, 8995, 21462, 838, 17236.42, 13.23, 10.98
10:40:25, 1165.40, 12.03, 1019, 1742, 2285, 4530, 5401, 5821, 7712, 4062, 9071, 502, 17221.93, 13.25, 10.98
10:40:25, 1150.90, 12.04, 2757, 5658, 7387, 12822, 9028, 8722, 9234, 9738, 10150, 517, 17236.42, 13.23, 10.98
10:40:25, 1132.40, 12.04, 1759, 3279, 4836, 6668, 12036, 12128, 14321, 14501, 13112, 664, 17207.45, 13.27, 10.98
10:40:26, 1117.50, 12.03, 4121, 8526, 12370, 17866, 15517, 16833, 16873, 21283, 16215, 795, 17236.42, 13.23, 10.98
10:40:26, 1098.50, 12.04, 1706, 3310, 4535, 6505, 8584, 8108, 10137, 9520, 8188, 507, 17221.93, 13.25, 10.98
10:40:27, 1083.20, 12.04, 2404, 6190, 8688, 12734, 11188, 8799, 14735, 13798, 6788, 543, 17280.00, 13.18, 10.98
10:40:27, 1067.80, 12.05, 2052, 3885, 6216, 8642, 9903, 7270, 12841, 9675, 6689, 579, 17236.42, 13.23, 10.98
10:40:28, 1055.60, 12.05, 4657, 8171, 11369, 12494, 12068, 13928, 15074, 18190, 6919, 736, 17250.93, 13.21, 10.98
10:40:28, 1042.00, 12.09, 1842, 2584, 3693, 4124, 2488, 2539, 2802, 3080, 4945, 463, 17250.93, 13.21, 10.98
10:40:28, 1022.00, 12.04, 3488, 5045, 6835, 6514, 18878, 20211, 17767, 26273, 10087, 2942, 17250.93, 13.21, 10.98
10:40:29, 1022.50, 12.02, 8273, 10082, 15070, 13374, 21428, 22674, 21056, 31860, 11805, 4198, 17294.56, 13.16, 10.98
10:40:29, 1022.70, 12.03, 8897, 7490, 14176, 10537, 19503, 20438, 26680, 35762, 9773, 3568, 17250.93, 13.21, 10.98
10:40:30, 1021.50, 12.00, 4409, 6851, 8085, 11547, 2482, 2512, 2876, 3251, 6091, 1684, 17265.46, 13.20, 10.98
10:40:30, 1021.10, 11.99, 6728, 11593, 14154, 16237, 23543, 25319, 27809, 35019, 12407, 4330, 17236.42, 13.23, 10.97
10:40:30, 1020.20, 11.98, 6251, 11785, 15256, 19190, 18267, 19349, 25717, 24677, 19347, 5784, 17265.46, 13.20, 10.97
10:40:31, 1021.00, 12.02, 6866, 6799, 7382, 15546, 9742, 22092, 19457, 22009, 36000, 22424, 17250.93, 13.21, 10.97
10:40:31, 1020.90, 12.05, 8010, 3938, 8970, 9774, 7313, 16582, 5703, 14304, 36000, 36000, 17265.46, 13.20, 10.91
10:40:32, 1022.00, 12.14, 6683, 2976, 8425, 4142, 14557, 8998, 13095, 11544, 36000, 36000, 17221.93, 13.25, 10.91
10:40:32, 1021.30, 12.15, 3149, 7397, 10398, 15413, 22284, 9979, 29753, 20259, 36000, 36000, 17265.46, 13.20, 10.84
10:40:33, 1020.40, 12.13, 5839, 3869, 9111, 5095, 5372, 5835, 5730, 6948, 36000, 28272, 17250.93, 13.21, 10.84
10:40:33, 1020.60, 12.17, 1292, 1704, 2392, 2770, 2929, 3220, 3564, 4194, 17395, 7849, 17265.46, 13.20, 10.84
10:40:33, 1020.50, 12.19, 1003, 1341, 1926, 2265, 2441, 2817, 3132, 3612, 12797, 5900, 17221.93, 13.25, 10.77
10:40:34, 1021.10, 12.22, 3649, 3887, 5552, 6850, 27605, 30041, 30090, 32606, 36000, 35946, 17236.42, 13.23, 10.77
10:40:34, 1021.60, 12.29, 11213, 19114, 24117, 31400, 20673, 20486, 24806, 29629, 14871, 6399, 17178.53, 13.30, 10.75
