Secchi Depth (cm) = 0700
Forel Ule Scale = 11
pH Colour Scale = 99
SmartSecchi S/N = A0000001
Latitude (degs N) = 56.52590
Longitude (degs E) = -5.34708
Date = 2023-05-25
Time (UTC), Pressure (mbar) MS5803, Temp (deg C) MS5803, 415nm, 445nm, 480nm, 515nm, 555nm, 590nm, 630nm, 680nm, Clear, NIR, Resistance 10KTHERM, Temp (deg C) 10KTHERM, Temp (deg C) TMP117
12:10:23, 1021.30, 14.00, 7770, 8299, 12660, 12578, 10670, 15877, 16060, 18255, 35711, 12073, 14485.40, 16.89, 12.45
12:10:23, 1021.90, 14.08, 3484, 6242, 7376, 12678, 15939, 12609, 24163, 18011, 36000, 36000, 14473.68, 16.90, 12.49
12:10:24, 1021.80, 14.07, 3915, 6505, 9677, 10584, 12596, 8181, 18890, 12279, 36000, 36000, 14508.86, 16.85, 12.49
12:10:24, 1022.20, 14.14, 3480, 7175, 8947, 13510, 12197, 12798, 20920, 14085, 36000, 36000, 14461.98, 16.92, 12.49
12:10:25, 1021.30, 14.12, 4494, 5914, 7008, 12241, 7358, 9047, 13577, 9312, 35857, 20738, 14485.40, 16.89, 12.53
12:10:25, 1022.10, 14.18, 8063, 11309, 15165, 18256, 7477, 11623, 9237, 12769, 18288, 6218, 14461.98, 16.92, 12.53
12:10:25, 1021.00, 14.17, 4902, 6702, 9052, 9853, 11211, 13057, 13127, 14508, 12772, 4889, 14473.68, 16.90, 12.61
12:10:26, 1020.20, 14.15, 8914, 15157, 19721, 23662, 31402, 32650, 35462, 36000, 36000, 33516, 14520.61, 16.84, 12.61
12:10:26, 1020.20, 14.18, 9468, 16363, 21918, 24594, 30013, 30657, 34546, 36000, 36000, 36000, 14461.98, 16.92, 12.61
12:10:27, 1020.50, 14.21, 10293, 16905, 23539, 25951, 23317, 24334, 30954, 33952, 24976, 9360, 14473.68, 16.90, 12.57
12:10:27, 1021.50, 14.29, 2466, 3164, 4459, 4548, 9997, 12465, 10136, 15364, 12231, 5637, 14497.13, 16.87, 12.57
12:10:28, 1021.50, 14.32, 2638, 3239, 3877, 7181, 7875, 7646, 14370, 9346, 36000, 29051, 14450.29, 16.94, 12.55
12:10:28, 1021.00, 14.33, 6919, 9140, 13577, 13875, 28837, 32639, 35091, 36000, 36000, 36000, 14508.86, 16.85, 12.55
12:10:28, 1021.90, 14.36, 11615, 17748, 25567, 28979, 31774, 36000, 36000, 36000, 31806, 14411, 14508.86, 16.85, 12.57
12:10:29, 1023.20, 14.47, 378, 480, 660, 726, 592, 684, 777, 906, 2680, 1598, 14485.40, 16.89, 12.57
12:10:29, 1023.10, 14.50, 1921, 2542, 2916, 6157, 6240, 6843, 11867, 7571, 36000, 20225, 14520.61, 16.84, 12.57
12:10:30, 1023.00, 14.50, 4083, 8416, 10280, 15415, 15705, 15220, 23594, 20581, 36000, 36000, 14508.86, 16.85, 12.53
12:10:30, 1023.10, 14.52, 2101, 4432, 5560, 9530, 7288, 7272, 11167, 9794, 21557, 19169, 14485.40, 16.89, 12.53
12:10:30, 1023.00, 14.53, 1875, 2468, 2809, 5876, 6653, 10430, 11643, 11358, 29102, 9620, 14497.13, 16.87, 12.56
12:10:31, 1022.20, 14.53, 7852, 9776, 13614, 16024, 5514, 5785, 6182, 8364, 5287, 2243, 14508.86, 16.85, 12.56
12:10:31, 1022.20, 14.52, 571, 821, 1045, 1218, 1242, 1325, 1571, 1723, 6450, 2163, 14520.61, 16.84, 12.56
12:10:32, 1021.10, 14.50, 8994, 14186, 17972, 22288, 19808, 22792, 23017, 32553, 36000, 36000, 14497.13, 16.87, 12.53
12:10:32, 1021.50, 14.54, 5432, 6789, 11124, 9932, 15608, 11136, 21700, 17469, 36000, 36000, 14497.13, 16.87, 12.53
12:10:33, 1022.50, 14.57, 2631, 3814, 4383, 7936, 7541, 10930, 13397, 11218, 36000, 13761, 14567.72, 16.77, 12.45
12:10:33, 1023.10, 14.62, 6041, 7307, 9025, 13868, 10144, 15677, 15139, 17833, 36000, 12299, 14508.86, 16.85, 12.45
12:10:33, 1023.30, 14.63, 7725, 9386, 13019, 15788, 10473, 16190, 15286, 18559, 36000, 12017, 14532.37, 16.82, 12.52
12:10:34, 1023.00, 14.63, 7011, 7384, 10642, 13217, 11986, 17249, 18133, 20225, 36000, 15815, 14497.13, 16.87, 12.52
12:10:34, 1022.80, 14.64, 5585, 7151, 8659, 13866, 13874, 17632, 21747, 21251, 36000, 26709, 14532.37, 16.82, 12.52
12:10:35, 1023.30, 14.66, 2289, 4139, 5073, 8322, 12198, 9412, 20459, 11894, 36000, 36000, 14532.37, 16.82, 12.54
12:10:35, 1023.40, 14.67, 2591, 4561, 6485, 8104, 13034, 8348, 17814, 13158, 36000, 36000, 14532.37, 16.82, 12.54
12:10:36, 1023.40, 14.66, 3289, 5395, 8223, 8785, 13499, 8656, 17484, 13819, 36000, 36000, 14532.37, 16.82, 12.58
12:10:36, 1029.60, 14.67, 2633, 3676, 5173, 6013, 10969, 9199, 12951, 11236, 34115, 27650, 14532.37, 16.82, 12.58
12:10:36, 1033.40, 14.60, 5713, 4049, 9440, 5185, 14580, 16187, 17087, 19923, 35823, 27157, 14555.93, 16.78, 12.58
12:10:37, 1036.30, 14.53, 3899, 2697, 6777, 3418, 8215, 6522, 5957, 7747, 35833, 25107, 14555.93, 16.78, 12.59
12:10:37, 1035.30, 14.46, 5406, 8098, 10828, 11910, 28509, 29151, 27536, 31069, 36000, 33029, 14567.72, 16.77, 12.59
12:10:38, 1037.90, 14.38, 7691, 10446, 12695, 17966, 8963, 11075, 6604, 12543, 34110, 16954, 14567.72, 16.77, 12.62
12:10:38, 1038.80, 14.32, 6717, 6789, 10737, 11286, 12542, 13833, 11241, 16473, 32345, 19043, 14532.37, 16.82, 12.62
12:10:38, 1039.90, 14.29, 4672, 4295, 8974, 5886, 9107, 10070, 6489, 11655, 32358, 17329, 14591.34, 16.73, 12.63
12:10:39, 1041.00, 14.26, 5463, 5711, 10854, 6967, 11787, 11717, 10659, 13013, 35754, 20094, 14591.34, 16.73, 12.63
12:10:39, 1038.40, 14.24, 4083, 3031, 9300, 4184, 14260, 5030, 15842, 10012, 34077, 26428, 14579.53, 16.75, 12.63
12:10:40, 1040.40, 14.22, 4458, 4997, 9342, 8381, 12878, 4947, 15213, 8951, 35747, 26490, 14603.17, 16.72, 12.63
12:10:40, 1042.40, 14.20, 4876, 3720, 9956, 4728, 20258, 17005, 19650, 19019, 36000, 28756, 14603.17, 16.72, 12.63
12:10:41, 1039.60, 14.18, 5744, 3027, 9688, 3883, 9929, 8517, 7671, 10703, 36000, 30589, 14626.87, 16.68, 12.60
12:10:41, 1041.00, 14.16, 7783, 5737, 12355, 9513, 12234, 15473, 9384, 18169, 36000, 24411, 14615.01, 16.70, 12.60
12:10:41, 1042.10, 14.14, 4763, 3132, 8187, 5676, 19072, 24187, 11217, 24909, 36000, 31456, 14650.60, 16.65, 12.60
12:10:42, 1041.20, 14.12, 5287, 7130, 10601, 11389, 16355, 18274, 10499, 21235, 36000, 29664, 14638.73, 16.66, 12.59
12:10:42, 1043.60, 14.11, 11297, 14238, 17130, 17515, 20200, 19259, 19332, 19526, 36000, 29302, 14650.60, 16.65, 12.59
12:10:43, 1042.60, 14.10, 9117, 6138, 16177, 7051, 13726, 6331, 16306, 11975, 36000, 27365, 14662.49, 16.63, 12.59
12:10:43, 1038.20, 14.08, 8349, 5234, 13821, 6583, 11353, 7965, 10910, 10096, 36000, 25266, 14650.60, 16.65, 12.59
12:10:44, 1041.00, 14.07, 12673, 5714, 20664, 7149, 10826, 8060, 8304, 8834, 36000, 26378, 14662.49, 16.63, 12.59
12:10:44, 1042.80, 14.06, 5339, 4050, 9703, 5298, 17064, 17052, 12548, 18605, 35862, 33312, 14662.49, 16.63, 12.59
12:10:44, 1043.30, 14.05, 11334, 6780, 19050, 8689, 20332, 19960, 14923, 21397, 36000, 28679, 14674.39, 16.61, 12.59
12:10:45, 1043.10, 14.05, 2680, 3076, 4933, 4720, 15733, 16987, 10664, 22204, 36000, 29678, 14674.39, 16.61, 12.58
12:10:45, 1044.40, 14.05, 4068, 6073, 8649, 8947, 17450, 18467, 13095, 19900, 36000, 27758, 14674.39, 16.61, 12.58
12:10:46, 1043.80, 14.03, 7562, 7782, 13910, 11783, 16214, 15958, 13854, 18132, 31786, 19658, 14686.29, 16.59, 12.55
12:10:46, 1044.30, 14.03, 5245, 3579, 9820, 4705, 14819, 15265, 13967, 16788, 36000, 26292, 14722.09, 16.54, 12.55
12:10:46, 1044.90, 14.01, 7947, 8638, 14237, 11066, 10571, 8474, 8028, 9701, 34167, 20835, 14710.14, 16.56, 12.55
12:10:47, 1042.60, 14.00, 7048, 3792, 11468, 4841, 8176, 7634, 5598, 8741, 36000, 21701, 14698.21, 16.58, 12.49
12:10:47, 1043.20, 13.99, 4948, 4823, 9039, 6208, 13197, 16118, 9001, 17682, 34820, 22284, 14710.14, 16.56, 12.49
12:10:48, 1044.70, 13.98, 3955, 3208, 7614, 4202, 12244, 13151, 8784, 15148, 36000, 27936, 14722.09, 16.54, 12.46
12:10:48, 1044.50, 13.97, 6956, 9661, 12526, 12745, 19521, 18991, 19761, 24499, 35983, 26706, 14734.04, 16.53, 12.46
12:10:49, 1044.50, 13.97, 5075, 5957, 10798, 8995, 17219, 17222, 14210, 24243, 36000, 26429, 14746.01, 16.51, 12.45
12:10:49, 1045.10, 13.97, 6344, 5798, 11253, 7677, 14539, 16953, 9727, 20077, 36000, 24904, 14746.01, 16.51, 12.45
12:10:49, 1044.10, 13.97, 3824, 3704, 7116, 5167, 14298, 14116, 12400, 14906, 36000, 23131, 14746.01, 16.51, 12.45
12:10:50, 1044.50, 13.97, 5808, 4649, 10249, 6152, 13192, 13905, 9585, 18808, 35993, 23037, 14769.98, 16.47, 12.54
12:10:50, 1045.00, 13.98, 5453, 3931, 10218, 5413, 11071, 11749, 6337, 13000, 36000, 22166, 14757.99, 16.49, 12.54
12:10:51, 1042.80, 13.99, 5655, 6630, 10708, 9830, 14690, 15112, 12126, 16933, 35989, 26163, 14746.01, 16.51, 12.59
12:10:51, 1044.30, 14.00, 8744, 9784, 15622, 13577, 10526, 10103, 7193, 10218, 36000, 23737, 14757.99, 16.49, 12.59
12:10:52, 1044.50, 14.00, 5183, 3000, 9451, 4116, 13698, 11363, 11691, 13823, 36000, 26877, 14769.98, 16.47, 12.59
12:10:52, 1043.10, 14.00, 5768, 5290, 10008, 6440, 18616, 19302, 17555, 20463, 36000, 25765, 14757.99, 16.49, 12.61
12:10:52, 1042.90, 14.00, 5482, 2828, 8362, 3782, 12115, 11191, 11459, 12676, 36000, 25740, 14806.01, 16.42, 12.61
12:10:53, 1043.50, 14.01, 5185, 3474, 8974, 4421, 11215, 9540, 8703, 11564, 36000, 26878, 14781.98, 16.46, 12.64
12:10:53, 1042.50, 14.01, 7207, 4183, 12044, 5036, 11934, 10295, 10218, 12688, 36000, 25453, 14793.99, 16.44, 12.64
12:10:54, 1042.20, 14.01, 5553, 4055, 10378, 5343, 12975, 13522, 11261, 15185, 36000, 28379, 14818.05, 16.40, 12.61
12:10:54, 1042.90, 14.01, 11256, 6548, 17315, 7245, 14597, 14544, 12660, 15928, 36000, 28940, 14830.10, 16.39, 12.61
12:10:54, 1042.10, 14.01, 4174, 3537, 7686, 4918, 14015, 13551, 13101, 15633, 36000, 26207, 14818.05, 16.40, 12.61
12:10:55, 1042.00, 14.02, 5402, 4561, 10025, 5305, 19703, 18066, 16925, 21370, 36000, 33259, 14842.16, 16.37, 12.59
12:10:55, 1047.30, 14.02, 6672, 7165, 13156, 9304, 10587, 11016, 9767, 12889, 36000, 24202, 14806.01, 16.42, 12.59
12:10:56, 1053.50, 14.02, 6491, 5975, 12692, 7272, 13437, 10917, 13278, 13427, 36000, 20981, 14830.10, 16.39, 12.64
12:10:56, 1063.90, 14.02, 4826, 3804, 9530, 4813, 28744, 23265, 26376, 23588, 36000, 35636, 14842.16, 16.37, 12.64
12:10:57, 1076.70, 14.00, 8282, 7816, 18805, 11935, 14203, 5345, 16131, 7396, 36000, 17580, 14830.10, 16.39, 12.64
12:10:57, 1093.10, 13.98, 1287, 1777, 3707, 3153, 5945, 3104, 7253, 3753, 32441, 6380, 14806.01, 16.42, 12.55
12:10:57, 1108.70, 13.93, 1554, 3512, 7174, 9308, 8797, 4136, 12760, 5504, 34504, 5963, 14842.16, 16.37, 12.55
12:10:58, 1125.40, 13.89, 1573, 3400, 5821, 9165, 14158, 5623, 17149, 6429, 36000, 7900, 14866.31, 16.34, 12.27
12:10:58, 1140.50, 13.86, 2034, 4394, 9289, 11779, 10834, 4485, 12559, 5182, 36000, 6539, 14842.16, 16.37, 12.27
12:10:59, 1156.30, 13.82, 816, 1529, 2610, 3488, 7185, 5188, 8509, 5268, 30894, 2962, 14854.23, 16.35, 12.17
12:10:59, 1169.30, 13.79, 2388, 4133, 9260, 8745, 8967, 4145, 9468, 4414, 36000, 5572, 14842.16, 16.37, 12.17
12:11:00, 1181.90, 13.77, 857, 1516, 2980, 3239, 9429, 3871, 10121, 4696, 34350, 5434, 14854.23, 16.35, 12.17
12:11:00, 1194.80, 13.75, 1661, 2740, 5638, 5935, 6412, 3556, 6256, 3417, 34736, 3178, 14878.40, 16.32, 12.13
12:11:00, 1204.50, 13.73, 1217, 2053, 4201, 4541, 6426, 3564, 6167, 3568, 33076, 3288, 14878.40, 16.32, 12.13
12:11:01, 1215.50, 13.70, 1208, 1778, 3749, 3720, 7922, 4508, 6450, 4197, 35874, 4214, 14866.31, 16.34, 12.01
12:11:01, 1228.40, 13.68, 1491, 2113, 4516, 4311, 6269, 4334, 4996, 3733, 34660, 3025, 14890.51, 16.30, 12.01
12:11:02, 1239.60, 13.66, 1143, 1717, 3600, 3655, 15119, 8126, 13654, 8697, 36000, 7490, 14890.51, 16.30, 12.01
12:11:02, 1249.30, 13.64, 1400, 2120, 4620, 4635, 9339, 4741, 7669, 4524, 36000, 4395, 14914.76, 16.27, 11.93
12:11:03, 1263.80, 13.61, 1494, 2360, 5174, 5361, 12651, 6879, 11234, 6675, 36000, 5953, 14878.40, 16.32, 11.93
12:11:03, 1275.50, 13.59, 1280, 1806, 4528, 4157, 8001, 4275, 6040, 3472, 36000, 4468, 14890.51, 16.30, 11.88
12:11:03, 1286.40, 13.58, 1997, 2652, 6523, 5537, 6427, 4220, 4707, 3306, 33074, 2838, 14902.63, 16.28, 11.88
12:11:04, 1297.90, 13.53, 1619, 2125, 5142, 4885, 11648, 7736, 8256, 5746, 36000, 5841, 14951.22, 16.22, 11.84
12:11:04, 1307.30, 13.51, 1522, 2331, 5344, 5399, 5360, 3642, 3951, 2767, 26799, 2001, 14890.51, 16.30, 11.84
12:11:05, 1321.20, 13.50, 1443, 2213, 4980, 5273, 8791, 6186, 5959, 4206, 36000, 3411, 14926.90, 16.25, 11.84
12:11:05, 1334.00, 13.48, 1115, 1656, 3960, 4076, 7253, 4831, 4940, 3341, 35931, 2990, 14902.63, 16.28, 11.77
12:11:05, 1345.60, 13.46, 1123, 1625, 3789, 4009, 9996, 7231, 5810, 4463, 36000, 4819, 14963.40, 16.20, 11.77
12:11:06, 1356.70, 13.45, 1203, 1761, 4032, 4538, 5182, 4168, 3011, 2416, 25153, 1828, 14939.05, 16.23, 11.73
12:11:06, 1369.90, 13.43, 1794, 2643, 6196, 6659, 7347, 5964, 4267, 3416, 35693, 2538, 14939.05, 16.23, 11.73
12:11:07, 1380.70, 13.41, 1016, 1591, 3628, 4234, 5697, 4346, 3279, 2385, 26687, 1927, 14914.76, 16.27, 11.73
12:11:07, 1392.90, 13.39, 1069, 1793, 3997, 4872, 7339, 5719, 4277, 3167, 34048, 2481, 14963.40, 16.20, 11.68
12:11:08, 1406.00, 13.37, 850, 1483, 3234, 4147, 6853, 5305, 3881, 2833, 31904, 2249, 14975.59, 16.18, 11.68
12:11:08, 1417.60, 13.36, 1034, 1718, 3971, 4831, 6973, 5330, 3796, 2714, 31784, 2279, 14951.22, 16.22, 11.66
12:11:08, 1433.20, 13.35, 1197, 1546, 4171, 4388, 5447, 4256, 2747, 2039, 24979, 1831, 14951.22, 16.22, 11.66
12:11:09, 1445.50, 13.34, 893, 1430, 3425, 4269, 7499, 5836, 3867, 2850, 33612, 2370, 14963.40, 16.20, 11.66
12:11:09, 1454.70, 13.33, 753, 1393, 3103, 4263, 5140, 3836, 2668, 1803, 20849, 1404, 14951.22, 16.22, 11.66
12:11:10, 1467.00, 13.32, 784, 1397, 3220, 4305, 6441, 4680, 3382, 2216, 27656, 1935, 14987.79, 16.16, 11.66
12:11:10, 1478.30, 13.31, 646, 1184, 2766, 3745, 5391, 3447, 2814, 1678, 23000, 1698, 14975.59, 16.18, 11.66
12:11:11, 1490.10, 13.31, 541, 947, 2295, 3013, 4951, 3402, 2472, 1517, 20989, 1526, 14987.79, 16.16, 11.66
12:11:11, 1504.60, 13.30, 715, 1229, 2991, 4022, 5225, 3739, 2455, 1565, 21212, 1493, 14975.59, 16.18, 11.66
12:11:11, 1515.20, 13.29, 532, 1015, 2355, 3407, 5032, 3575, 2355, 1475, 19620, 1366, 15000.00, 16.15, 11.66
12:11:12, 1527.20, 13.28, 662, 1263, 2954, 4327, 5008, 3569, 2298, 1425, 18686, 1246, 15000.00, 16.15, 11.66
12:11:12, 1539.30, 13.27, 547, 986, 2432, 3386, 4842, 3341, 2223, 1339, 19270, 1378, 15000.00, 16.15, 11.57
12:11:13, 1544.20, 13.25, 572, 1023, 2537, 3591, 4864, 3418, 2175, 1321, 18585, 1276, 15012.23, 16.13, 11.57
12:11:13, 1553.60, 13.24, 467, 887, 2126, 3159, 4203, 3010, 1773, 1106, 15377, 1068, 15012.23, 16.13, 11.48
12:11:13, 1567.80, 13.23, 562, 980, 2464, 3529, 4987, 3604, 2085, 1322, 18850, 1300, 15012.23, 16.13, 11.48
12:11:14, 1580.60, 13.21, 499, 927, 2329, 3428, 4746, 3269, 1998, 1171, 17320, 1189, 15024.46, 16.11, 11.43
12:11:14, 1590.60, 13.19, 445, 862, 2137, 3232, 4539, 3049, 1930, 1090, 16453, 1127, 15024.46, 16.11, 11.43
12:11:15, 1601.10, 13.18, 414, 805, 2033, 3075, 4341, 2775, 1852, 981, 15537, 1059, 15048.97, 16.08, 11.43
12:11:15, 1609.40, 13.17, 399, 759, 1976, 2929, 4250, 2581, 1821, 910, 15814, 1156, 15024.46, 16.11, 11.45
12:11:16, 1617.50, 13.16, 386, 723, 1896, 2818, 4161, 2657, 1700, 901, 15290, 1094, 15061.24, 16.06, 11.45
12:11:16, 1628.50, 13.16, 378, 702, 1834, 2783, 3948, 2581, 1530, 836, 14049, 991, 15036.71, 16.09, 11.48
12:11:16, 1637.80, 13.16, 360, 674, 1762, 2703, 3894, 2605, 1501, 831, 13468, 918, 15061.24, 16.06, 11.48
12:11:17, 1647.40, 13.16, 370, 682, 1820, 2776, 4341, 2845, 1672, 905, 15299, 1064, 15048.97, 16.08, 11.48
12:11:17, 1656.50, 13.14, 363, 704, 1836, 2912, 3908, 2567, 1467, 790, 13108, 885, 15048.97, 16.08, 11.46
12:11:18, 1665.80, 13.13, 321, 617, 1642, 2595, 3669, 2308, 1370, 696, 12320, 848, 15073.53, 16.04, 11.46
12:11:18, 1677.80, 13.12, 335, 649, 1728, 2757, 3897, 2416, 1452, 728, 13304, 927, 15073.53, 16.04, 11.42
12:11:19, 1688.30, 13.11, 294, 572, 1544, 2475, 3567, 2172, 1314, 645, 11793, 819, 15098.14, 16.01, 11.42
12:11:19, 1700.30, 13.10, 314, 595, 1644, 2603, 3799, 2277, 1388, 668, 12885, 907, 15073.53, 16.04, 11.42
12:11:19, 1711.70, 13.09, 264, 527, 1426, 2357, 3203, 1935, 1122, 533, 10085, 689, 15085.83, 16.03, 11.38
12:11:20, 1725.10, 13.07, 247, 484, 1354, 2201, 3363, 1877, 1232, 534, 11252, 817, 15110.45, 15.99, 11.38
12:11:20, 1739.20, 13.05, 238, 477, 1326, 2212, 3038, 1748, 1064, 464, 9473, 658, 15073.53, 16.04, 11.28
12:11:21, 1749.90, 13.02, 213, 445, 1247, 2127, 3065, 1680, 1116, 448, 9385, 662, 15085.83, 16.03, 11.28
12:11:21, 1762.20, 13.01, 216, 455, 1275, 2196, 2966, 1674, 1035, 429, 8750, 599, 15085.83, 16.03, 11.15
12:11:21, 1775.10, 12.99, 194, 421, 1178, 2082, 2836, 1539, 999, 386, 8265, 584, 15110.45, 15.99, 11.15
12:11:22, 1788.50, 12.96, 176, 382, 1082, 1922, 2753, 1494, 966, 366, 7789, 543, 15061.24, 16.06, 11.15
12:11:22, 1797.00, 12.94, 169, 376, 1058, 1936, 2581, 1400, 911, 332, 7097, 491, 15110.45, 15.99, 11.07
12:11:23, 1809.80, 12.92, 165, 369, 1043, 1917, 2604, 1420, 899, 331, 7007, 477, 15122.79, 15.97, 11.07
12:11:23, 1822.40, 12.90, 157, 357, 1004, 1903, 2507, 1374, 868, 307, 6451, 431, 15172.24, 15.90, 11.05
12:11:24, 1834.90, 12.88, 156, 359, 1010, 1940, 2639, 1460, 903, 320, 6571, 434, 15122.79, 15.97, 11.05
12:11:24, 1849.40, 12.87, 151, 348, 987, 1903, 2485, 1395, 820, 295, 5991, 384, 15135.14, 15.96, 11.05
12:11:24, 1862.80, 12.85, 135, 307, 868, 1724, 2225, 1260, 747, 255, 5279, 330, 15147.49, 15.94, 11.03
12:11:25, 1875.10, 12.84, 135, 306, 871, 1728, 2240, 1308, 720, 257, 4945, 296, 15110.45, 15.99, 11.03
12:11:25, 1885.20, 12.83, 137, 305, 869, 1764, 2288, 1377, 730, 259, 4860, 284, 15159.86, 15.92, 11.03
12:11:26, 1896.30, 12.82, 132, 293, 842, 1703, 2172, 1291, 679, 242, 4619, 270, 15135.14, 15.96, 11.03
12:11:26, 1906.00, 12.81, 137, 303, 880, 1778, 2237, 1327, 675, 244, 4628, 270, 15159.86, 15.92, 11.03
12:11:27, 1920.20, 12.80, 126, 274, 802, 1630, 2118, 1260, 623, 228, 4271, 245, 15147.49, 15.94, 11.03
12:11:27, 1932.80, 12.79, 128, 276, 816, 1644, 2016, 1207, 566, 213, 3845, 215, 15172.24, 15.90, 11.03
12:11:27, 1946.40, 12.76, 123, 259, 772, 1559, 1970, 1207, 542, 207, 3562, 192, 15159.86, 15.92, 11.03
12:11:28, 1956.30, 12.75, 128, 259, 783, 1580, 1974, 1229, 519, 208, 3306, 173, 15135.14, 15.96, 11.03
12:11:28, 1966.70, 12.74, 130, 259, 788, 1583, 1991, 1261, 511, 210, 3159, 161, 15172.24, 15.90, 11.04
12:11:29, 1977.10, 12.73, 140, 273, 839, 1676, 2071, 1303, 510, 217, 3088, 154, 15147.49, 15.94, 11.04
12:11:29, 1989.50, 12.73, 133, 257, 799, 1591, 2032, 1269, 476, 210, 2860, 143, 15197.05, 15.87, 11.04
12:11:30, 2003.00, 12.72, 141, 269, 850, 1673, 2133, 1313, 469, 217, 2694, 132, 15184.64, 15.89, 11.02
12:11:30, 2015.90, 12.71, 140, 265, 847, 1648, 2144, 1278, 443, 210, 2429, 120, 15184.64, 15.89, 11.02
12:11:30, 2029.30, 12.70, 136, 260, 840, 1627, 2143, 1232, 420, 203, 2157, 107, 15197.05, 15.87, 11.02
12:11:31, 2038.60, 12.69, 134, 258, 837, 1623, 2158, 1209, 416, 199, 2023, 102, 15197.05, 15.87, 11.02
12:11:31, 2050.20, 12.68, 125, 251, 825, 1606, 2109, 1127, 394, 180, 2033, 102, 15209.46, 15.85, 11.02
12:11:32, 2062.10, 12.68, 125, 259, 864, 1687, 2329, 1242, 438, 195, 2212, 113, 15209.46, 15.85, 11.02
12:11:32, 2074.80, 12.67, 139, 292, 983, 1934, 2552, 1363, 482, 212, 2519, 128, 15209.46, 15.85, 11.02
12:11:32, 2083.50, 12.66, 136, 286, 970, 1904, 2522, 1337, 474, 207, 2827, 144, 15221.89, 15.84, 11.00
12:11:33, 2096.50, 12.65, 134, 281, 957, 1889, 2463, 1299, 450, 199, 3334, 175, 15221.89, 15.84, 11.00
12:11:33, 2106.80, 12.64, 126, 257, 870, 1744, 2351, 1246, 420, 188, 3640, 198, 15221.89, 15.84, 11.00
12:11:34, 2119.50, 12.63, 122, 248, 844, 1700, 2245, 1185, 389, 176, 3731, 208, 15246.79, 15.80, 11.00
12:11:34, 2130.60, 12.62, 117, 235, 804, 1636, 2142, 1133, 361, 166, 3867, 221, 15246.79, 15.80, 11.00
12:11:35, 2141.20, 12.61, 112, 217, 746, 1518, 1970, 1052, 326, 152, 3887, 229, 15271.74, 15.77, 10.99
12:11:35, 2151.60, 12.60, 103, 195, 679, 1375, 1811, 964, 294, 138, 3847, 232, 15271.74, 15.77, 10.99
12:11:35, 2160.10, 12.60, 99, 186, 655, 1323, 1768, 930, 284, 132, 3839, 233, 15259.26, 15.78, 10.98
12:11:36, 2170.60, 12.59, 98, 186, 658, 1332, 1793, 931, 283, 132, 3836, 230, 15271.74, 15.77, 10.98
12:11:36, 2181.70, 12.59, 94, 178, 633, 1290, 1718, 887, 269, 125, 3718, 225, 15246.79, 15.80, 10.98
12:11:37, 2193.90, 12.58, 89, 165, 594, 1201, 1610, 826, 248, 115, 3553, 218, 15259.26, 15.78, 10.98
12:11:37, 2204.60, 12.57, 85, 156, 567, 1148, 1563, 791, 240, 110, 3494, 214, 15271.74, 15.77, 10.98
12:11:38, 2216.30, 12.57, 81, 151, 551, 1121, 1514, 752, 231, 104, 3405, 210, 15309.25, 15.71, 10.98
12:11:38, 2226.00, 12.56, 77, 142, 523, 1056, 1444, 707, 222, 98, 3317, 208, 15296.73, 15.73, 10.98
12:11:38, 2236.90, 12.55, 74, 138, 508, 1035, 1413, 678, 217, 93, 3231, 203, 15309.25, 15.71, 10.98
12:11:39, 2248.10, 12.55, 70, 130, 486, 991, 1362, 641, 211, 88, 3116, 197, 15296.73, 15.73, 10.98
12:11:39, 2259.90, 12.54, 65, 122, 457, 934, 1284, 597, 198, 82, 2934, 187, 15321.78, 15.70, 10.98
12:11:40, 2269.80, 12.54, 62, 116, 437, 897, 1252, 578, 192, 79, 2860, 183, 15321.78, 15.70, 10.97
12:11:40, 2280.30, 12.54, 63, 117, 443, 912, 1262, 583, 189, 79, 2850, 180, 15321.78, 15.70, 10.97
12:11:40, 2288.60, 12.54, 61, 114, 432, 897, 1249, 572, 186, 77, 2790, 176, 15321.78, 15.70, 10.97
12:11:41, 2298.00, 12.54, 59, 109, 419, 872, 1223, 556, 182, 75, 2726, 172, 15309.25, 15.71, 10.97
12:11:41, 2309.90, 12.53, 57, 108, 416, 871, 1177, 529, 175, 71, 2589, 164, 15334.32, 15.68, 10.97
12:11:42, 2320.00, 12.53, 53, 100, 387, 814, 1149, 511, 171, 68, 2513, 159, 15309.25, 15.71, 10.97
12:11:42, 2326.80, 12.53, 52, 97, 378, 796, 1109, 495, 162, 65, 2443, 155, 15334.32, 15.68, 10.97
12:11:43, 2334.30, 12.53, 53, 98, 381, 802, 1128, 505, 161, 66, 2477, 157, 15334.32, 15.68, 10.95
12:11:43, 2344.70, 12.53, 54, 97, 383, 805, 1108, 499, 153, 65, 2438, 154, 15359.44, 15.65, 10.95
12:11:43, 2355.00, 12.53, 53, 95, 377, 797, 1120, 501, 153, 65, 2429, 152, 15346.88, 15.66, 10.95
12:11:44, 2366.70, 12.52, 52, 96, 380, 808, 1109, 493, 150, 63, 2377, 148, 15359.44, 15.65, 10.95
12:11:44, 2376.40, 12.52, 49, 89, 356, 761, 1046, 462, 142, 59, 2242, 140, 15359.44, 15.65, 10.95
12:11:45, 2385.20, 12.51, 47, 86, 345, 740, 1028, 450, 138, 57, 2196, 138, 15346.88, 15.66, 10.95
12:11:45, 2394.30, 12.50, 46, 83, 336, 721, 1019, 448, 134, 57, 2172, 136, 15397.22, 15.59, 10.95
12:11:46, 2405.00, 12.50, 47, 84, 339, 729, 1011, 448, 129, 56, 2150, 134, 15346.88, 15.66, 10.94
12:11:46, 2415.90, 12.50, 45, 81, 328, 710, 953, 421, 119, 52, 1951, 119, 15397.22, 15.59, 10.94
12:11:46, 2428.00, 12.49, 41, 74, 302, 661, 912, 396, 111, 49, 1851, 115, 15384.62, 15.61, 10.95
12:11:47, 2435.60, 12.48, 41, 72, 300, 647, 910, 394, 112, 49, 1887, 118, 15409.84, 15.58, 10.95
12:11:47, 2443.70, 12.48, 42, 73, 303, 660, 929, 406, 112, 50, 1921, 119, 15397.22, 15.59, 10.95
12:11:48, 2453.20, 12.48, 42, 74, 306, 669, 926, 405, 110, 50, 1908, 117, 15397.22, 15.59, 10.92
12:11:48, 2462.50, 12.48, 41, 72, 299, 656, 917, 401, 107, 49, 1875, 115, 15409.84, 15.58, 10.92
12:11:49, 2474.30, 12.47, 41, 70, 294, 648, 895, 389, 103, 47, 1820, 111, 15409.84, 15.58, 10.93
12:11:49, 2485.20, 12.46, 40, 68, 286, 631, 879, 382, 100, 46, 1781, 109, 15447.76, 15.52, 10.93
12:11:49, 2493.00, 12.46, 39, 67, 282, 626, 867, 376, 97, 45, 1745, 106, 15409.84, 15.58, 10.93
12:11:50, 2498.20, 12.46, 38, 65, 277, 615, 860, 372, 96, 45, 1726, 105, 15435.11, 15.54, 10.93
12:11:50, 2507.50, 12.46, 38, 65, 277, 619, 857, 369, 94, 44, 1702, 103, 15435.11, 15.54, 10.93
12:11:51, 2516.90, 12.46, 37, 62, 267, 596, 816, 349, 90, 42, 1633, 100, 15422.46, 15.56, 10.92
12:11:51, 2527.10, 12.45, 35, 59, 255, 572, 799, 340, 88, 40, 1591, 97, 15435.11, 15.54, 10.92
12:11:51, 2535.50, 12.45, 34, 58, 250, 562, 784, 334, 85, 39, 1552, 94, 15447.76, 15.52, 10.92
12:11:52, 2542.30, 12.44, 35, 58, 250, 565, 791, 338, 84, 40, 1547, 93, 15460.43, 15.51, 10.92
12:11:52, 2549.90, 12.45, 35, 57, 251, 568, 790, 338, 82, 40, 1524, 91, 15460.43, 15.51, 10.92
12:11:53, 2558.00, 12.45, 34, 56, 246, 559, 777, 334, 80, 39, 1489, 89, 15473.11, 15.49, 10.92
12:11:53, 2564.80, 12.45, 34, 55, 241, 549, 765, 327, 78, 38, 1455, 87, 15447.76, 15.52, 10.92
12:11:54, 2568.40, 12.45, 33, 55, 241, 549, 764, 326, 77, 38, 1445, 86, 15460.43, 15.51, 10.92
12:11:54, 2567.10, 12.45, 33, 54, 239, 545, 760, 323, 77, 38, 1448, 86, 15498.50, 15.46, 10.92
12:11:54, 2567.10, 12.45, 33, 54, 240, 547, 765, 326, 77, 38, 1453, 87, 15511.22, 15.44, 10.92
12:11:55, 2567.60, 12.45, 34, 55, 243, 557, 776, 333, 78, 38, 1450, 86, 15498.50, 15.46, 10.92
12:11:55, 2568.60, 12.45, 34, 56, 246, 564, 785, 338, 78, 39, 1438, 84, 15485.80, 15.47, 10.92
12:11:56, 2569.80, 12.46, 35, 57, 250, 574, 793, 343, 78, 39, 1427, 83, 15485.80, 15.47, 10.92
12:11:56, 2570.50, 12.46, 35, 57, 251, 579, 802, 347, 79, 40, 1415, 82, 15485.80, 15.47, 10.92
12:11:57, 2566.30, 12.47, 35, 58, 254, 585, 808, 352, 80, 40, 1411, 81, 15485.80, 15.47, 10.93
12:11:57, 2551.80, 12.48, 37, 60, 264, 606, 851, 376, 85, 43, 1385, 78, 15562.22, 15.37, 10.93
12:11:57, 2545.50, 12.48, 38, 64, 277, 636, 902, 397, 92, 46, 1359, 75, 15485.80, 15.47, 10.93
12:11:58, 2536.60, 12.47, 40, 68, 294, 671, 950, 416, 98, 48, 1358, 74, 15511.22, 15.44, 10.93
12:11:58, 2528.00, 12.45, 41, 71, 307, 698, 949, 420, 100, 49, 1328, 72, 15536.70, 15.40, 10.93
12:11:59, 2519.80, 12.45, 42, 73, 316, 717, 987, 435, 104, 51, 1399, 75, 15536.70, 15.40, 10.93
12:11:59, 2508.70, 12.44, 43, 73, 312, 707, 985, 439, 105, 51, 1452, 79, 15511.22, 15.44, 10.93
12:11:59, 2499.00, 12.43, 44, 77, 329, 742, 1023, 456, 110, 53, 1467, 79, 15523.95, 15.42, 10.93
12:12:00, 2487.00, 12.43, 46, 80, 337, 760, 1054, 471, 115, 55, 1488, 80, 15575.00, 15.35, 10.92
12:12:00, 2477.80, 12.42, 47, 84, 354, 792, 1091, 486, 120, 57, 1527, 82, 15562.22, 15.37, 10.92
12:12:01, 2469.40, 12.42, 48, 86, 362, 809, 1117, 498, 123, 59, 1581, 85, 15587.80, 15.33, 10.92
12:12:01, 2461.40, 12.41, 49, 88, 366, 817, 1116, 504, 125, 60, 1624, 88, 15575.00, 15.35, 10.92
12:12:02, 2450.30, 12.41, 50, 88, 365, 813, 1106, 508, 125, 60, 1683, 93, 15536.70, 15.40, 10.92
12:12:02, 2441.60, 12.41, 51, 90, 371, 824, 1131, 521, 129, 62, 1738, 96, 15562.22, 15.37, 10.92
12:12:02, 2431.80, 12.40, 52, 92, 376, 833, 1137, 527, 131, 63, 1789, 100, 15575.00, 15.35, 10.92
12:12:03, 2424.10, 12.40, 53, 94, 385, 850, 1160, 535, 133, 64, 1875, 105, 15626.25, 15.28, 10.92
12:12:03, 2414.00, 12.40, 54, 96, 388, 855, 1166, 542, 136, 65, 1896, 107, 15562.22, 15.37, 10.92
12:12:04, 2405.30, 12.40, 56, 100, 403, 885, 1211, 567, 144, 68, 1893, 105, 15587.80, 15.33, 10.93
12:12:04, 2395.00, 12.39, 57, 103, 414, 908, 1226, 577, 148, 70, 1935, 107, 15587.80, 15.33, 10.93
12:12:05, 2386.80, 12.39, 59, 107, 427, 934, 1288, 603, 157, 74, 1978, 109, 15613.42, 15.30, 10.93
12:12:05, 2378.40, 12.38, 60, 110, 435, 948, 1300, 613, 160, 75, 1992, 110, 15600.60, 15.32, 10.93
12:12:05, 2368.80, 12.38, 62, 112, 443, 964, 1300, 620, 161, 76, 2115, 119, 15613.42, 15.30, 10.93
12:12:06, 2357.70, 12.38, 62, 112, 440, 954, 1278, 612, 158, 75, 2234, 128, 15626.25, 15.28, 10.94
12:12:06, 2346.50, 12.38, 64, 117, 456, 985, 1357, 651, 171, 81, 2289, 130, 15626.25, 15.28, 10.94
12:12:07, 2338.20, 12.37, 68, 125, 483, 1040, 1422, 683, 183, 86, 2236, 124, 15613.42, 15.30, 10.94
12:12:07, 2338.40, 12.37, 69, 129, 500, 1073, 1464, 697, 189, 87, 2221, 121, 15639.10, 15.26, 10.94
12:12:07, 2333.30, 12.37, 68, 126, 487, 1048, 1400, 676, 180, 85, 2318, 131, 15639.10, 15.26, 10.94
12:12:08, 2340.50, 12.37, 67, 123, 474, 1019, 1416, 674, 179, 85, 2401, 136, 15639.10, 15.26, 10.94
12:12:08, 2340.70, 12.36, 65, 117, 456, 975, 1315, 637, 166, 79, 2394, 139, 15639.10, 15.26, 10.94
12:12:09, 2339.30, 12.36, 66, 119, 461, 988, 1346, 653, 171, 81, 2366, 136, 15639.10, 15.26, 10.95
12:12:09, 2333.70, 12.36, 67, 122, 474, 1019, 1354, 656, 172, 82, 2395, 138, 15664.83, 15.23, 10.95
12:12:10, 2320.30, 12.36, 68, 124, 476, 1017, 1387, 684, 182, 86, 2323, 132, 15664.83, 15.23, 10.95
12:12:10, 2310.90, 12.35, 71, 131, 503, 1072, 1467, 716, 196, 91, 2319, 129, 15664.83, 15.23, 10.95
12:12:10, 2298.80, 12.35, 74, 139, 528, 1122, 1570, 761, 213, 98, 2377, 130, 15664.83, 15.23, 10.95
12:12:11, 2288.50, 12.35, 77, 147, 558, 1179, 1595, 779, 221, 101, 2311, 124, 15690.61, 15.20, 10.95
12:12:11, 2275.90, 12.35, 78, 150, 565, 1192, 1603, 790, 230, 103, 2194, 117, 15690.61, 15.20, 10.95
12:12:12, 2263.40, 12.35, 80, 155, 578, 1212, 1637, 819, 244, 108, 2180, 115, 15690.61, 15.20, 10.95
12:12:12, 2252.90, 12.35, 85, 168, 625, 1299, 1794, 875, 258, 116, 2508, 133, 15677.71, 15.21, 10.96
12:12:13, 2238.90, 12.35, 87, 170, 626, 1302, 1767, 879, 260, 118, 2630, 142, 15703.52, 15.18, 10.96
12:12:13, 2227.80, 12.34, 91, 180, 659, 1365, 1826, 911, 272, 123, 2728, 148, 15703.52, 15.18, 10.95
12:12:13, 2211.90, 12.34, 94, 185, 673, 1386, 1899, 954, 291, 131, 2733, 147, 15716.44, 15.16, 10.95
12:12:14, 2200.50, 12.34, 95, 189, 682, 1399, 1905, 972, 301, 135, 2708, 145, 15742.33, 15.13, 10.97
12:12:14, 2187.20, 12.35, 100, 199, 712, 1453, 2011, 1020, 320, 143, 2859, 153, 15742.33, 15.13, 10.97
12:12:15, 2174.90, 12.35, 104, 211, 752, 1529, 2051, 1046, 331, 148, 2954, 158, 15729.38, 15.14, 10.97
12:12:15, 2163.50, 12.34, 106, 216, 762, 1542, 2128, 1088, 351, 156, 2949, 156, 15755.29, 15.11, 10.97
12:12:15, 2150.50, 12.34, 109, 224, 786, 1583, 2086, 1089, 359, 158, 2792, 146, 15729.38, 15.14, 10.97
12:12:16, 2136.90, 12.34, 116, 241, 840, 1678, 2310, 1186, 393, 174, 3060, 160, 15742.33, 15.13, 10.98
12:12:16, 2120.50, 12.34, 118, 245, 845, 1682, 2283, 1198, 403, 179, 3126, 165, 15742.33, 15.13, 10.98
12:12:17, 2108.10, 12.34, 125, 259, 889, 1766, 2343, 1228, 413, 184, 3434, 184, 15768.26, 15.09, 10.98
12:12:17, 2093.60, 12.34, 128, 268, 906, 1792, 2411, 1275, 436, 195, 3579, 193, 15755.29, 15.11, 10.98
12:12:18, 2080.60, 12.34, 126, 259, 866, 1715, 2238, 1231, 426, 189, 3349, 179, 15781.25, 15.07, 10.98
12:12:18, 2068.90, 12.34, 133, 279, 931, 1822, 2543, 1355, 477, 212, 3589, 190, 15768.26, 15.09, 10.98
12:12:18, 2053.20, 12.34, 140, 295, 974, 1900, 2516, 1376, 497, 220, 3460, 181, 15768.26, 15.09, 10.98
12:12:19, 2041.20, 12.34, 150, 318, 1048, 2025, 2726, 1481, 536, 241, 3842, 202, 15768.26, 15.09, 10.99
12:12:19, 2026.40, 12.34, 152, 323, 1051, 2028, 2696, 1491, 550, 246, 3779, 199, 15768.26, 15.09, 10.99
12:12:20, 2015.90, 12.34, 158, 336, 1086, 2086, 2893, 1591, 595, 269, 3990, 208, 15768.26, 15.09, 10.99
12:12:20, 2000.70, 12.35, 163, 351, 1126, 2142, 2922, 1625, 615, 279, 4066, 213, 15768.26, 15.09, 10.99
12:12:21, 1986.40, 12.35, 181, 396, 1267, 2399, 3210, 1759, 677, 302, 4026, 206, 15807.26, 15.04, 10.99
12:12:21, 1971.10, 12.35, 188, 409, 1304, 2430, 3253, 1845, 725, 329, 3550, 180, 15794.25, 15.06, 11.01
12:12:21, 1956.60, 12.35, 192, 421, 1325, 2474, 3143, 1788, 718, 323, 3282, 167, 15807.26, 15.04, 11.01
12:12:22, 1942.00, 12.35, 189, 414, 1287, 2382, 3249, 1867, 753, 342, 3172, 162, 15794.25, 15.06, 11.01
12:12:22, 1925.80, 12.35, 204, 449, 1378, 2557, 3230, 1895, 778, 357, 2991, 154, 15820.29, 15.02, 11.02
12:12:23, 1910.40, 12.35, 215, 473, 1441, 2644, 3562, 2084, 856, 396, 3462, 177, 15833.33, 15.01, 11.02
12:12:23, 1892.50, 12.35, 221, 486, 1457, 2666, 3417, 2034, 871, 402, 3236, 167, 15859.46, 14.97, 11.02
12:12:24, 1875.60, 12.35, 218, 482, 1423, 2587, 3319, 1981, 864, 406, 3072, 158, 15833.33, 15.01, 11.02
12:12:24, 1860.40, 12.35, 233, 517, 1515, 2727, 3561, 2081, 898, 423, 3418, 175, 15833.33, 15.01, 11.02
12:12:24, 1843.20, 12.35, 229, 503, 1459, 2615, 3260, 1954, 864, 413, 3091, 159, 15820.29, 15.02, 11.02
12:12:25, 1828.40, 12.35, 221, 483, 1377, 2452, 3213, 1951, 876, 422, 2957, 153, 15859.46, 14.97, 11.02
12:12:25, 1812.60, 12.35, 236, 513, 1449, 2561, 3406, 2091, 952, 465, 3124, 161, 15846.39, 14.99, 11.03
12:12:26, 1796.00, 12.35, 265, 585, 1636, 2895, 3789, 2365, 1090, 540, 3482, 180, 15833.33, 15.01, 11.03
12:12:26, 1780.00, 12.35, 292, 650, 1789, 3141, 4176, 2637, 1236, 623, 3743, 194, 15820.29, 15.02, 11.03
12:12:26, 1761.70, 12.35, 301, 671, 1832, 3189, 3856, 2412, 1192, 587, 3601, 186, 15885.63, 14.94, 11.03
12:12:27, 1748.20, 12.36, 307, 679, 1831, 3182, 4316, 2832, 1333, 699, 3918, 204, 15859.46, 14.97, 11.03
12:12:27, 1730.50, 12.36, 317, 693, 1856, 3194, 3797, 2407, 1215, 613, 3531, 183, 15885.63, 14.94, 11.03
12:12:28, 1716.60, 12.36, 293, 637, 1680, 2858, 3767, 2416, 1222, 627, 3658, 189, 15885.63, 14.94, 11.03
12:12:28, 1700.40, 12.36, 336, 735, 1912, 3249, 4247, 2802, 1426, 762, 3855, 201, 15911.86, 14.90, 11.03
12:12:29, 1686.50, 12.36, 336, 741, 1918, 3225, 4017, 2585, 1369, 708, 3956, 204, 15885.63, 14.94, 11.03
12:12:29, 1669.00, 12.36, 328, 700, 1781, 2961, 3659, 2461, 1295, 706, 3393, 177, 15898.73, 14.92, 11.05
12:12:29, 1650.70, 12.36, 370, 784, 1986, 3293, 4132, 2774, 1502, 810, 3868, 202, 15885.63, 14.94, 11.05
12:12:30, 1634.30, 12.37, 373, 820, 2036, 3379, 4346, 2891, 1646, 878, 4295, 221, 15898.73, 14.92, 11.05
12:12:30, 1615.10, 12.37, 410, 882, 2153, 3488, 4279, 2923, 1649, 940, 3946, 205, 15898.73, 14.92, 11.11
12:12:31, 1599.50, 12.38, 393, 825, 1983, 3141, 3961, 2702, 1558, 891, 3801, 197, 15911.86, 14.90, 11.11
12:12:31, 1581.50, 12.39, 443, 950, 2251, 3561, 4908, 3532, 2050, 1224, 4310, 226, 15938.13, 14.87, 11.25
12:12:32, 1563.00, 12.41, 638, 1391, 3276, 5309, 6627, 5010, 2866, 1798, 5317, 283, 15938.13, 14.87, 11.25
12:12:32, 1547.00, 12.43, 643, 1422, 3219, 5051, 5815, 4243, 2790, 1682, 4663, 250, 15964.47, 14.83, 11.25
12:12:32, 1527.70, 12.45, 767, 1703, 3772, 5925, 7856, 6292, 3837, 2621, 5587, 301, 15911.86, 14.90, 11.37
12:12:33, 1509.40, 12.46, 908, 1994, 4384, 6722, 8839, 7344, 4758, 3379, 5948, 325, 15924.99, 14.88, 11.37
12:12:33, 1488.40, 12.49, 809, 1776, 3907, 5926, 8423, 6783, 4323, 2964, 7149, 377, 15938.13, 14.87, 11.51
12:12:34, 1475.20, 12.51, 1642, 3519, 7957, 11391, 11085, 8695, 5685, 4142, 12059, 583, 15964.47, 14.83, 11.51
12:12:34, 1459.50, 12.54, 792, 1705, 3614, 5424, 6624, 5364, 3687, 2474, 13035, 659, 15964.47, 14.83, 11.64
12:12:34, 1445.00, 12.56, 1325, 2639, 5333, 8197, 9446, 7532, 5137, 3775, 21469, 1231, 15977.66, 14.81, 11.64
12:12:35, 1426.40, 12.58, 1036, 2084, 4262, 6338, 8341, 6550, 4630, 3409, 18631, 1049, 15964.47, 14.83, 11.64
12:12:35, 1410.40, 12.61, 1578, 3614, 7281, 10132, 11854, 9050, 6638, 5317, 23909, 1297, 15964.47, 14.83, 11.73
12:12:36, 1394.40, 12.64, 992, 1950, 3846, 5794, 8319, 6945, 5290, 4036, 15796, 749, 15977.66, 14.81, 11.73
12:12:36, 1375.70, 12.66, 1453, 3109, 6442, 8730, 12524, 10494, 7578, 6158, 14328, 688, 15990.86, 14.80, 11.90
12:12:37, 1359.20, 12.69, 1041, 2173, 4235, 5972, 6974, 5881, 4590, 3476, 7131, 372, 16004.07, 14.78, 11.90
12:12:37, 1339.60, 12.72, 2749, 5656, 10802, 14831, 9512, 8228, 6403, 5053, 8188, 438, 15977.66, 14.81, 11.90
12:12:37, 1323.10, 12.75, 1756, 3606, 6790, 9191, 11075, 10798, 8236, 7808, 8177, 452, 15977.66, 14.81, 11.98
12:12:38, 1301.10, 12.80, 2136, 4367, 8223, 11056, 14432, 14133, 10737, 10490, 11411, 594, 15990.86, 14.80, 11.98
12:12:38, 1283.60, 12.82, 2774, 5460, 10355, 13368, 10261, 9599, 8259, 7398, 11743, 581, 16004.07, 14.78, 12.02
12:12:39, 1265.00, 12.84, 1491, 2962, 4979, 7640, 8765, 7745, 7161, 5955, 10577, 531, 16004.07, 14.78, 12.02
12:12:39, 1245.60, 12.86, 1735, 3367, 6226, 7780, 7394, 6717, 5871, 5418, 10458, 510, 15990.86, 14.80, 12.29
12:12:40, 1228.90, 12.89, 2535, 4981, 9063, 11351, 18978, 17976, 15731, 15580, 19892, 996, 15990.86, 14.80, 12.29
12:12:40, 1210.60, 12.94, 2513, 4746, 8062, 10165, 18290, 20099, 16694, 19403, 10187, 613, 16030.53, 14.75, 12.29
12:12:40, 1193.50, 12.98, 3080, 6209, 9414, 12694, 15503, 16277, 13125, 14438, 7188, 459, 16004.07, 14.78, 12.41
12:12:41, 1173.50, 13.02, 5176, 10092, 15490, 20511, 20401, 20907, 19773, 21818, 9464, 623, 16043.79, 14.73, 12.41
12:12:41, 1156.20, 13.05, 5055, 9114, 14030, 19557, 17385, 18337, 14722, 15321, 13513, 770, 16030.53, 14.75, 12.50
12:12:42, 1137.10, 13.08, 3539, 6129, 9840, 12722, 10272, 12239, 10507, 13050, 9766, 565, 16070.33, 14.69, 12.50
12:12:42, 1118.50, 13.10, 3696, 6693, 10054, 14369, 17599, 20938, 16630, 22770, 9196, 625, 16057.06, 14.71, 12.50
12:12:43, 1098.50, 13.12, 4327, 7733, 11645, 16388, 11703, 12841, 11238, 13321, 10273, 644, 16043.79, 14.73, 12.50
12:12:43, 1080.90, 13.12, 1880, 3094, 4549, 5636, 3583, 3501, 3674, 3830, 5827, 349, 16043.79, 14.73, 12.50
12:12:43, 1062.00, 13.15, 1359, 2027, 2901, 3419, 8747, 10309, 6776, 11908, 6241, 572, 16057.06, 14.71, 12.48
12:12:44, 1042.50, 13.16, 4327, 6391, 8699, 10552, 16686, 26644, 25491, 29029, 27790, 3391, 16057.06, 14.71, 12.48
12:12:44, 1024.10, 13.17, 7015, 8562, 9581, 17542, 22201, 23572, 29762, 33321, 36000, 30562, 16030.53, 14.75, 12.49
12:12:45, 1023.30, 13.17, 2510, 4722, 4758, 12886, 12151, 9620, 23179, 11072, 36000, 34647, 16030.53, 14.75, 12.49
12:12:45, 1023.30, 13.18, 2431, 4498, 6955, 10191, 12596, 4819, 20650, 6945, 36000, 36000, 16070.33, 14.69, 12.49
12:12:45, 1022.90, 13.18, 6582, 6944, 12929, 11497, 20348, 13416, 25795, 24694, 36000, 36000, 16043.79, 14.73, 12.56
12:12:46, 1021.70, 13.17, 8012, 7322, 14390, 8290, 19736, 22043, 25321, 29538, 36000, 36000, 16030.53, 14.75, 12.56
12:12:46, 1021.60, 13.16, 8286, 18053, 15995, 22009, 25742, 23444, 29881, 35863, 36000, 36000, 16043.79, 14.73, 12.48
12:12:47, 1020.80, 13.15, 8360, 12742, 14722, 18969, 21872, 23792, 28373, 34054, 36000, 36000, 16057.06, 14.71, 12.48
12:12:47, 1021.20, 13.17, 9080, 18099, 22898, 23181, 36000, 31956, 35780, 36000, 36000, 36000, 16030.53, 14.75, 12.48
12:12:48, 1021.10, 13.19, 12872, 20508, 30528, 34243, 36000, 36000, 36000, 36000, 36000, 36000, 16030.53, 14.75, 12.41
12:12:48, 1020.30, 13.19, 13420, 21341, 32065, 36000, 36000, 36000, 36000, 36000, 36000, 36000, 16057.06, 14.71, 12.41
12:12:48, 1020.10, 13.18, 6733, 7688, 8778, 15779, 7981, 17263, 16428, 16538, 36000, 20372, 16043.79, 14.73, 12.36
12:12:49, 1021.50, 13.25, 9017, 17727, 16552, 23410, 22758, 23555, 24789, 31100, 36000, 36000, 16030.53, 14.75, 12.36
12:12:49, 1019.70, 13.22, 8354, 10112, 15395, 12936, 34538, 35970, 35670, 36000, 36000, 36000, 16070.33, 14.69, 12.27
12:12:50, 1019.30, 13.21, 3028, 5904, 6736, 13695, 5810, 4925, 9131, 5876, 14015, 5328, 16057.06, 14.71, 12.27
12:12:50, 1017.70, 13.18, 1194, 1805, 2409, 2836, 2468, 2482, 3083, 3410, 11054, 5740, 16070.33, 14.69, 12.27
12:12:51, 1015.10, 13.08, 677, 1078, 1497, 1738, 1943, 2032, 2512, 2976, 8045, 4441, 16057.06, 14.71, 12.18
12:12:51, 1005.40, 12.92, 720, 1091, 1459, 1813, 2154, 2299, 2820, 3346, 7943, 4643, 16057.06, 14.71, 12.18
12:12:51, 1015.10, 13.08, 639, 979, 1326, 1624, 1671, 1920, 2293, 2762, 7019, 4195, 16030.53, 14.75, 12.13
12:12:52, 1020.70, 13.30, 660, 901, 1208, 1414, 2664, 2586, 3104, 3396, 7053, 3938, 16136.94, 14.61, 12.13
12:12:52, 1021.80, 13.40, 8876, 14103, 18303, 20187, 25007, 28068, 30435, 36000, 36000, 36000, 16057.06, 14.71, 12.13
12:12:53, 1021.90, 13.42, 3122, 9653, 11211, 18314, 13000, 10469, 26592, 10976, 36000, 36000, 16070.33, 14.69, 12.12
12:12:53, 1021.80, 13.44, 2438, 6563, 8734, 14675, 18928, 6178, 24439, 11025, 36000, 36000, 16096.94, 14.66, 12.12
12:12:53, 1021.30, 13.44, 7928, 10966, 16190, 14889, 21225, 21403, 22993, 28396, 36000, 36000, 16083.63, 14.68, 12.21
