Secchi Depth (cm) = 0750
Forel Ule Scale = 07
pH Colour Scale = 99
SmartSecchi S/N = A0000001
Latitude (degs N) = 56.46656
Longitude (degs E) = -5.44911
Date = 2023-05-23
Time (UTC), Pressure (mbar) MS5803, Temp (deg C) MS5803, 415nm, 445nm, 480nm, 515nm, 555nm, 590nm, 630nm, 680nm, Clear, NIR, Resistance 10KTHERM, Temp (deg C) 10KTHERM, Temp (deg C) TMP117
12:30:41, 1018.00, 12.50, 953, 1383, 1855, 2095, 2269, 2369, 2728, 3020, 11861, 4116, 17889.86, 12.46, 11.19
12:30:41, 1017.90, 12.51, 933, 1343, 1802, 2037, 2220, 2322, 2670, 2961, 11593, 4036, 17859.47, 12.50, 11.19
12:30:41, 1018.10, 12.51, 934, 1366, 1831, 2061, 2298, 2377, 2763, 3053, 12123, 4197, 17889.86, 12.46, 11.17
12:30:42, 1017.90, 12.51, 987, 1461, 1947, 2217, 2469, 2554, 3002, 3279, 13368, 4640, 17844.31, 12.51, 11.17
12:30:42, 1017.90, 12.50, 1000, 1477, 1958, 2241, 2465, 2564, 2995, 3295, 13352, 4618, 17874.66, 12.48, 11.17
12:30:43, 1017.90, 12.50, 981, 1453, 1928, 2207, 2383, 2478, 2901, 3175, 12653, 4339, 17889.86, 12.46, 11.14
12:30:43, 1017.90, 12.51, 952, 1393, 1858, 2119, 2292, 2386, 2779, 3052, 12151, 4210, 17859.47, 12.50, 11.14
12:30:44, 1018.10, 12.51, 941, 1376, 1840, 2087, 2287, 2372, 2760, 3043, 11947, 4133, 17844.31, 12.51, 11.14
12:30:44, 1018.00, 12.51, 937, 1378, 1834, 2091, 2306, 2396, 2807, 3071, 12151, 4183, 17874.66, 12.48, 11.14
12:30:44, 1018.00, 12.51, 945, 1407, 1867, 2141, 2333, 2406, 2848, 3096, 12519, 4327, 17889.86, 12.46, 11.13
12:30:45, 1017.70, 12.50, 925, 1392, 1838, 2125, 2322, 2402, 2857, 3091, 12746, 4386, 17889.86, 12.46, 11.13
12:30:45, 1017.90, 12.50, 970, 1451, 1912, 2206, 2404, 2512, 2929, 3226, 12547, 4270, 17859.47, 12.50, 11.13
12:30:46, 1017.90, 12.50, 983, 1442, 1917, 2189, 2367, 2474, 2861, 3162, 12324, 4259, 17859.47, 12.50, 11.12
12:30:46, 1017.90, 12.51, 965, 1399, 1873, 2123, 2311, 2414, 2786, 3079, 12140, 4223, 17889.86, 12.46, 11.12
12:30:46, 1018.00, 12.51, 945, 1383, 1848, 2098, 2318, 2394, 2815, 3076, 12452, 4326, 17874.66, 12.48, 11.13
12:30:47, 1017.80, 12.51, 955, 1446, 1909, 2199, 2423, 2510, 2973, 3244, 12790, 4326, 17859.47, 12.50, 11.13
12:30:47, 1017.80, 12.51, 114, 150, 204, 230, 195, 245, 397, 510, 987, 427, 17889.86, 12.46, 11.13
12:30:48, 1016.40, 12.45, 33, 39, 50, 58, 31, 48, 87, 134, 346, 217, 17889.86, 12.46, 11.12
12:30:48, 1015.40, 12.42, 17, 19, 22, 24, 25, 37, 70, 110, 377, 263, 17874.66, 12.48, 11.12
12:30:49, 1015.20, 12.41, 16, 18, 22, 24, 25, 38, 77, 120, 377, 241, 17889.86, 12.46, 11.13
12:30:49, 1015.40, 12.42, 17, 20, 23, 26, 26, 42, 86, 131, 369, 229, 17859.47, 12.50, 11.13
12:30:49, 1015.50, 12.43, 15, 17, 20, 23, 23, 38, 77, 118, 304, 186, 17874.66, 12.48, 11.13
12:30:50, 1017.00, 12.46, 13, 15, 18, 20, 18, 28, 58, 92, 237, 151, 17889.86, 12.46, 11.16
12:30:50, 1018.00, 12.51, 57, 72, 94, 109, 117, 178, 329, 437, 804, 354, 17859.47, 12.50, 11.16
12:30:51, 1017.70, 12.52, 67, 79, 106, 120, 182, 261, 434, 580, 1008, 433, 17859.47, 12.50, 11.18
12:30:51, 1017.70, 12.52, 127, 150, 211, 227, 278, 369, 580, 757, 1302, 540, 17859.47, 12.50, 11.18
12:30:51, 1017.80, 12.51, 111, 131, 183, 198, 123, 190, 337, 461, 843, 383, 17874.66, 12.48, 11.23
12:30:52, 1018.10, 12.52, 93, 114, 156, 170, 1807, 1880, 2200, 2456, 9811, 3484, 17905.07, 12.44, 11.23
12:30:52, 1018.20, 12.52, 723, 1010, 1337, 1554, 1643, 1786, 2054, 2240, 6294, 2055, 17874.66, 12.48, 11.23
12:30:53, 1018.10, 12.52, 811, 1174, 1534, 1833, 2098, 2298, 2577, 2879, 8998, 2863, 17859.47, 12.50, 11.26
12:30:53, 1018.00, 12.52, 941, 1368, 1835, 2068, 2542, 2629, 3122, 3381, 12883, 4319, 17874.66, 12.48, 11.26
12:30:54, 1018.00, 12.52, 937, 1394, 1811, 2158, 2529, 2733, 3112, 3475, 13633, 4510, 17905.07, 12.44, 11.26
12:30:54, 1017.90, 12.52, 959, 1344, 1779, 2053, 2077, 2242, 2502, 2917, 11820, 4315, 17905.07, 12.44, 11.26
12:30:54, 1017.90, 12.52, 972, 1353, 1806, 2068, 2109, 2292, 2549, 2955, 11873, 4256, 17844.31, 12.51, 11.26
12:30:55, 1018.00, 12.52, 1090, 1543, 2039, 2376, 2454, 2651, 3012, 3364, 13025, 4325, 17889.86, 12.46, 11.23
12:30:55, 1017.80, 12.52, 1069, 1583, 2072, 2453, 2745, 2886, 3416, 3673, 13969, 4569, 17874.66, 12.48, 11.23
12:30:56, 1017.70, 12.53, 1057, 1589, 2101, 2441, 2666, 2774, 3273, 3557, 14266, 4895, 17859.47, 12.50, 11.24
12:30:56, 1017.60, 12.53, 1055, 1559, 2069, 2362, 2642, 2772, 3191, 3565, 14155, 4896, 17905.07, 12.44, 11.24
12:30:56, 1017.80, 12.53, 1120, 1639, 2182, 2499, 2798, 2927, 3415, 3759, 15745, 5530, 17844.31, 12.51, 11.24
12:30:57, 1017.70, 12.53, 1193, 1768, 2335, 2710, 2484, 2592, 3051, 3346, 15274, 5443, 17874.66, 12.48, 11.23
12:30:57, 1017.90, 12.54, 1025, 1503, 1986, 2305, 2752, 2898, 3371, 3713, 16716, 5885, 17889.86, 12.46, 11.23
12:30:58, 1018.00, 12.54, 1061, 1552, 2054, 2384, 2753, 2908, 3377, 3719, 16594, 5843, 17889.86, 12.46, 11.24
12:30:58, 1018.00, 12.54, 1142, 1698, 2238, 2607, 2876, 3028, 3519, 3882, 16527, 5791, 17874.66, 12.48, 11.24
12:30:59, 1018.20, 12.54, 1152, 1711, 2250, 2626, 2756, 2913, 3377, 3733, 16084, 5647, 17905.07, 12.44, 11.23
12:30:59, 1018.00, 12.55, 1103, 1617, 2134, 2480, 2647, 2801, 3238, 3586, 15965, 5616, 17905.07, 12.44, 11.23
12:30:59, 1018.20, 12.55, 1002, 1465, 1939, 2257, 2494, 2623, 3064, 3342, 15453, 5450, 17920.31, 12.43, 11.23
12:31:00, 1018.10, 12.55, 988, 1424, 1897, 2195, 2415, 2534, 2954, 3242, 14703, 5264, 17889.86, 12.46, 11.23
12:31:00, 1018.10, 12.56, 1001, 1430, 1907, 2196, 2311, 2454, 2803, 3115, 14081, 4944, 17874.66, 12.48, 11.23
12:31:01, 1018.10, 12.56, 918, 1322, 1754, 2034, 2075, 2187, 2529, 2792, 12473, 4366, 17889.86, 12.46, 11.23
12:31:01, 1018.40, 12.56, 940, 1358, 1804, 2082, 2145, 2255, 2608, 2882, 11736, 4050, 17889.86, 12.46, 11.23
12:31:01, 1018.30, 12.57, 836, 1209, 1602, 1857, 2041, 2153, 2480, 2743, 10389, 3476, 17859.47, 12.50, 11.23
12:31:02, 1029.90, 12.56, 700, 1015, 1348, 1554, 1912, 2019, 2287, 2569, 7760, 1698, 17905.07, 12.44, 11.23
12:31:02, 1049.30, 12.51, 321, 471, 637, 775, 1054, 1083, 1251, 1312, 2907, 317, 17874.66, 12.48, 11.23
12:31:03, 1061.40, 12.45, 605, 952, 1348, 1584, 1479, 1478, 1630, 1782, 4099, 340, 17859.47, 12.50, 11.16
12:31:03, 1065.50, 12.40, 499, 757, 1087, 1317, 1680, 1708, 1876, 1956, 4468, 329, 17889.86, 12.46, 11.16
12:31:04, 1060.10, 12.35, 685, 1073, 1543, 1836, 2015, 2034, 2287, 2316, 5719, 422, 17905.07, 12.44, 11.16
12:31:04, 1054.70, 12.31, 630, 968, 1383, 1625, 1915, 1933, 2199, 2287, 4334, 346, 17905.07, 12.44, 11.13
12:31:04, 1060.90, 12.27, 817, 1237, 1754, 2091, 2029, 2091, 2324, 2443, 4734, 371, 17920.31, 12.43, 11.13
12:31:05, 1082.00, 12.24, 612, 936, 1356, 1613, 1847, 1882, 2010, 2070, 3785, 231, 17905.07, 12.44, 11.12
12:31:05, 1094.50, 12.21, 568, 914, 1367, 1672, 1708, 1688, 1798, 1745, 3240, 181, 17859.47, 12.50, 11.12
12:31:06, 1094.60, 12.18, 545, 902, 1348, 1643, 1901, 1867, 2025, 1956, 4911, 273, 17920.31, 12.43, 11.12
12:31:06, 1083.40, 12.17, 660, 1072, 1583, 1917, 2139, 2126, 2303, 2291, 5411, 315, 17874.66, 12.48, 11.12
12:31:06, 1070.80, 12.15, 731, 1163, 1700, 2050, 2231, 2241, 2440, 2459, 6540, 431, 17905.07, 12.44, 11.12
12:31:07, 1061.40, 12.14, 781, 1217, 1754, 2091, 2208, 2248, 2485, 2559, 7323, 573, 17829.17, 12.53, 11.12
12:31:07, 1063.40, 12.12, 755, 1159, 1661, 1949, 2049, 2085, 2292, 2397, 7665, 653, 17874.66, 12.48, 11.12
12:31:08, 1060.60, 12.12, 697, 1089, 1567, 1857, 2009, 2035, 2247, 2307, 8423, 707, 17905.07, 12.44, 11.13
12:31:08, 1045.80, 12.11, 729, 1122, 1604, 1882, 2083, 2130, 2349, 2504, 8792, 845, 17905.07, 12.44, 11.13
12:31:09, 1025.50, 12.10, 852, 1289, 1786, 2091, 2512, 2657, 2929, 3248, 10077, 1366, 17905.07, 12.44, 11.13
12:31:09, 1017.80, 12.04, 1220, 1778, 2344, 2745, 2900, 3100, 3503, 3931, 10055, 3038, 17889.86, 12.46, 11.12
12:31:09, 1017.70, 12.03, 1238, 1756, 2338, 2703, 2789, 2904, 3389, 3724, 10308, 3694, 17905.07, 12.44, 11.12
12:31:10, 1017.70, 12.03, 976, 1353, 1815, 2082, 2324, 2455, 2863, 3142, 10811, 3867, 17905.07, 12.44, 11.13
12:31:10, 1017.50, 12.03, 1200, 1745, 2303, 2656, 2637, 2795, 3225, 3587, 13023, 4373, 17905.07, 12.44, 11.13
12:31:11, 1017.70, 12.03, 949, 1414, 1883, 2147, 2425, 2507, 2940, 3289, 14519, 5433, 17889.86, 12.46, 11.13
12:31:11, 1017.40, 12.04, 1141, 1626, 2152, 2474, 2454, 2647, 2960, 3408, 10590, 3659, 17889.86, 12.46, 11.10
12:31:11, 1017.80, 12.09, 883, 1272, 1660, 1929, 1758, 1982, 2103, 2550, 9365, 3197, 17889.86, 12.46, 11.10
12:31:12, 1017.80, 12.10, 215, 314, 407, 469, 1135, 1249, 1408, 1701, 6073, 2144, 17905.07, 12.44, 11.07
12:31:12, 1017.80, 12.12, 655, 983, 1296, 1499, 1703, 1822, 2147, 2443, 9061, 2980, 17905.07, 12.44, 11.07
12:31:13, 1017.70, 12.13, 634, 955, 1240, 1450, 1311, 1387, 1654, 1811, 5150, 1774, 17889.86, 12.46, 11.03
12:31:13, 1017.70, 12.14, 554, 780, 1075, 1204, 1244, 1336, 1594, 1708, 4562, 1513, 17874.66, 12.48, 11.03
12:31:14, 1017.80, 12.16, 380, 551, 742, 848, 933, 992, 1192, 1313, 3745, 1398, 17889.86, 12.46, 11.03
12:31:14, 1017.80, 12.17, 565, 792, 1072, 1188, 1497, 1592, 1873, 2112, 7572, 2684, 17905.07, 12.44, 10.99
12:31:14, 1017.80, 12.18, 893, 1291, 1710, 1959, 1754, 1880, 2161, 2362, 8143, 2605, 17889.86, 12.46, 10.99
12:31:15, 1017.80, 12.19, 421, 552, 770, 834, 525, 572, 609, 754, 1661, 843, 17844.31, 12.51, 10.98
12:31:15, 1017.70, 12.20, 59, 72, 86, 108, 150, 168, 237, 298, 1527, 945, 17950.82, 12.39, 10.98
12:31:16, 1017.60, 12.21, 129, 159, 183, 290, 211, 274, 334, 447, 1825, 1103, 17920.31, 12.43, 10.98
12:31:16, 1017.60, 12.22, 131, 170, 208, 261, 194, 225, 322, 314, 1834, 1031, 17889.86, 12.46, 10.97
12:31:16, 1017.80, 12.23, 65, 74, 85, 151, 125, 148, 229, 187, 1260, 678, 17874.66, 12.48, 10.97
12:31:17, 1017.80, 12.24, 72, 92, 107, 164, 163, 174, 255, 320, 1522, 912, 17889.86, 12.46, 10.96
12:31:17, 1017.70, 12.25, 90, 116, 140, 196, 300, 324, 461, 523, 2512, 1224, 17905.07, 12.44, 10.96
12:31:18, 1017.80, 12.26, 213, 297, 368, 491, 507, 570, 720, 797, 3906, 1604, 17920.31, 12.43, 10.96
12:31:18, 1017.90, 12.26, 238, 337, 415, 554, 551, 611, 774, 895, 4092, 1712, 17920.31, 12.43, 10.95
12:31:19, 1017.90, 12.26, 130, 178, 209, 307, 289, 305, 439, 509, 2391, 1249, 17905.07, 12.44, 10.95
12:31:19, 1017.70, 12.26, 113, 154, 186, 261, 237, 246, 366, 447, 2032, 1112, 17889.86, 12.46, 10.96
12:31:19, 1017.50, 12.26, 97, 129, 159, 202, 214, 227, 304, 426, 1763, 987, 17950.82, 12.39, 10.96
12:31:20, 1017.60, 12.26, 106, 141, 177, 213, 235, 246, 323, 448, 1865, 1013, 17889.86, 12.46, 10.95
12:31:20, 1017.60, 12.27, 113, 150, 191, 227, 232, 245, 326, 457, 1879, 1015, 17905.07, 12.44, 10.95
12:31:21, 1017.70, 12.27, 110, 144, 180, 226, 222, 240, 332, 460, 1883, 1016, 17889.86, 12.46, 10.95
12:31:21, 1017.70, 12.27, 108, 137, 173, 216, 224, 238, 317, 433, 1928, 1054, 17874.66, 12.48, 10.95
12:31:22, 1017.60, 12.27, 101, 133, 169, 210, 220, 229, 320, 413, 1938, 1033, 17920.31, 12.43, 10.95
12:31:22, 1017.70, 12.27, 97, 130, 165, 212, 229, 224, 347, 405, 2117, 1108, 17889.86, 12.46, 10.97
12:31:22, 1017.80, 12.28, 104, 146, 180, 244, 261, 253, 398, 450, 2318, 1223, 17889.86, 12.46, 10.97
12:31:23, 1017.70, 12.28, 106, 143, 175, 235, 247, 253, 370, 463, 2145, 1143, 17889.86, 12.46, 10.97
12:31:23, 1017.70, 12.29, 113, 151, 189, 251, 223, 229, 340, 448, 2043, 1182, 17905.07, 12.44, 10.97
12:31:24, 1017.70, 12.29, 106, 138, 168, 226, 214, 225, 325, 436, 1955, 1167, 17889.86, 12.46, 10.97
12:31:24, 1017.70, 12.29, 79, 103, 126, 156, 147, 157, 211, 319, 1291, 865, 17920.31, 12.43, 10.96
12:31:24, 1017.70, 12.29, 72, 94, 115, 146, 163, 164, 246, 324, 1470, 899, 17920.31, 12.43, 10.96
12:31:25, 1017.70, 12.30, 78, 103, 126, 163, 163, 163, 244, 321, 1445, 876, 17950.82, 12.39, 10.96
12:31:25, 1017.60, 12.29, 84, 111, 140, 170, 206, 224, 285, 391, 1677, 877, 17905.07, 12.44, 10.97
12:31:26, 1017.50, 12.29, 88, 120, 153, 186, 201, 204, 285, 369, 1579, 840, 17905.07, 12.44, 10.97
12:31:26, 1017.50, 12.28, 58, 74, 90, 108, 91, 103, 128, 229, 734, 486, 17935.55, 12.41, 10.97
12:31:27, 1017.30, 12.28, 28, 36, 42, 53, 53, 55, 78, 102, 420, 232, 17905.07, 12.44, 10.97
12:31:27, 1017.90, 12.29, 13, 16, 21, 25, 20, 21, 29, 44, 197, 155, 17935.55, 12.41, 10.97
12:31:27, 1017.90, 12.29, 27, 38, 51, 60, 66, 63, 94, 107, 541, 319, 17889.86, 12.46, 10.97
12:31:28, 1017.80, 12.29, 33, 44, 55, 72, 73, 77, 108, 133, 507, 289, 17905.07, 12.44, 10.97
12:31:28, 1017.70, 12.30, 53, 72, 94, 108, 111, 107, 165, 189, 592, 344, 17905.07, 12.44, 10.97
12:31:29, 1017.80, 12.30, 62, 79, 100, 121, 140, 171, 202, 263, 851, 395, 17920.31, 12.43, 10.97
12:31:29, 1017.90, 12.30, 23, 32, 38, 52, 68, 82, 107, 137, 489, 296, 17905.07, 12.44, 10.96
12:31:29, 1018.00, 12.30, 42, 52, 66, 87, 147, 117, 208, 217, 492, 335, 17905.07, 12.44, 10.96
12:31:30, 1018.10, 12.31, 184, 263, 348, 391, 776, 770, 949, 1094, 2033, 1007, 17935.55, 12.41, 10.96
12:31:30, 1017.40, 12.30, 661, 987, 1298, 1524, 1900, 1974, 2358, 2519, 7417, 2423, 17920.31, 12.43, 10.95
12:31:31, 1017.30, 12.30, 1053, 1531, 2041, 2337, 2600, 2686, 3143, 3481, 12024, 4338, 17889.86, 12.46, 10.95
12:31:31, 1017.30, 12.30, 1069, 1594, 2071, 2431, 2639, 2747, 3210, 3586, 11895, 4312, 17935.55, 12.41, 10.95
12:31:32, 1017.40, 12.30, 1185, 1717, 2278, 2609, 2744, 2857, 3314, 3663, 12280, 4266, 17950.82, 12.39, 10.95
12:31:32, 1017.60, 12.30, 1131, 1635, 2178, 2504, 2676, 2801, 3302, 3573, 12533, 4322, 17950.82, 12.39, 10.95
12:31:32, 1017.10, 12.27, 1080, 1551, 2067, 2402, 1884, 2014, 2497, 2762, 9233, 3376, 17935.55, 12.41, 11.23
12:31:33, 1017.00, 12.26, 420, 563, 734, 885, 704, 797, 1032, 1263, 4487, 2141, 17905.07, 12.44, 11.23
12:31:33, 1017.60, 12.28, 464, 648, 847, 1039, 1509, 1660, 2144, 2445, 6996, 2790, 17950.82, 12.39, 12.27
12:31:34, 1017.50, 12.31, 1200, 1731, 2309, 2681, 2702, 2907, 3525, 3889, 14105, 4780, 17950.82, 12.39, 12.27
12:31:34, 1017.70, 12.31, 1321, 1886, 2523, 2884, 3055, 3180, 3760, 4050, 14717, 5093, 17935.55, 12.41, 12.72
12:31:34, 1018.10, 12.31, 1148, 1682, 2214, 2605, 2864, 3049, 3558, 3893, 16661, 5835, 17920.31, 12.43, 12.72
12:31:35, 1017.90, 12.31, 1070, 1506, 1995, 2321, 2566, 2744, 3088, 3490, 15430, 5601, 17966.10, 12.37, 12.72
12:31:35, 1018.00, 12.31, 989, 1392, 1879, 2134, 2205, 2277, 2729, 2943, 11293, 4209, 17905.07, 12.44, 12.34
12:31:36, 1017.90, 12.30, 899, 1298, 1716, 2031, 1931, 2052, 2423, 2617, 6917, 2317, 17905.07, 12.44, 12.34
12:31:36, 1018.30, 12.30, 1115, 1627, 2120, 2539, 2619, 2766, 3264, 3515, 10342, 3446, 17889.86, 12.46, 12.02
12:31:37, 1018.20, 12.30, 966, 1396, 1831, 2192, 2431, 2534, 3048, 3234, 10136, 3520, 17905.07, 12.44, 12.02
12:31:37, 1018.30, 12.30, 962, 1374, 1832, 2105, 2413, 2540, 2912, 3254, 13631, 5059, 17905.07, 12.44, 12.02
12:31:37, 1018.20, 12.30, 1103, 1571, 2103, 2392, 2395, 2508, 2871, 3244, 15352, 5577, 17889.86, 12.46, 11.73
12:31:38, 1018.10, 12.30, 1137, 1647, 2178, 2530, 2737, 2936, 3350, 3699, 16317, 5633, 17950.82, 12.39, 11.73
12:31:38, 1027.80, 12.30, 1159, 1711, 2251, 2631, 2367, 2487, 2913, 3160, 11529, 3562, 17950.82, 12.39, 11.52
12:31:39, 1017.70, 12.26, 704, 1050, 1423, 1674, 2371, 2439, 2875, 3086, 12695, 3264, 17950.82, 12.39, 11.52
12:31:39, 1018.20, 12.22, 1070, 1572, 2092, 2425, 2604, 2733, 3197, 3437, 14171, 4852, 17920.31, 12.43, 11.23
12:31:39, 1018.40, 12.18, 1018, 1480, 1970, 2282, 2452, 2578, 2998, 3236, 13451, 4592, 17935.55, 12.41, 11.23
12:31:40, 1036.30, 12.16, 762, 1114, 1486, 1727, 1495, 1530, 1802, 1922, 5778, 1005, 17966.10, 12.37, 11.23
12:31:40, 1062.70, 12.13, 804, 1277, 1771, 2123, 1645, 1646, 1882, 1966, 6699, 620, 17920.31, 12.43, 11.16
12:31:41, 1088.90, 12.10, 438, 698, 1010, 1218, 1330, 1280, 1438, 1421, 5725, 427, 17935.55, 12.41, 11.16
12:31:41, 1093.70, 12.05, 474, 773, 1166, 1412, 1717, 1681, 1803, 1756, 5551, 350, 17935.55, 12.41, 11.14
12:31:42, 1080.30, 12.03, 593, 944, 1397, 1691, 1949, 1939, 2098, 2104, 5745, 377, 17920.31, 12.43, 11.14
12:31:42, 1077.90, 12.01, 618, 964, 1420, 1709, 1709, 1712, 1877, 1879, 4111, 263, 17966.10, 12.37, 11.14
12:31:42, 1089.80, 11.99, 653, 1036, 1524, 1831, 1984, 1984, 2127, 2143, 5630, 338, 17920.31, 12.43, 11.13
12:31:43, 1116.60, 11.98, 549, 907, 1361, 1664, 1664, 1627, 1711, 1631, 3593, 194, 17966.10, 12.37, 11.13
12:31:43, 1143.60, 11.97, 355, 582, 918, 1157, 1229, 1180, 1206, 1102, 1991, 107, 17966.10, 12.37, 11.13
12:31:44, 1147.60, 11.96, 376, 636, 1012, 1258, 1588, 1511, 1516, 1399, 3442, 179, 17981.40, 12.36, 11.13
12:31:44, 1129.10, 11.95, 430, 730, 1143, 1404, 1683, 1611, 1638, 1547, 4003, 218, 17935.55, 12.41, 11.13
12:31:45, 1102.70, 11.94, 497, 814, 1264, 1546, 1639, 1583, 1666, 1572, 3889, 228, 17950.82, 12.39, 11.13
12:31:45, 1081.50, 11.94, 525, 853, 1283, 1568, 1861, 1824, 1988, 1926, 5050, 308, 17950.82, 12.39, 11.13
12:31:45, 1076.40, 11.93, 662, 1048, 1537, 1821, 1880, 1883, 2068, 2083, 6468, 463, 17966.10, 12.37, 11.13
12:31:46, 1093.80, 11.92, 631, 1007, 1487, 1775, 2026, 1998, 2181, 2138, 7226, 487, 17935.55, 12.41, 11.13
12:31:46, 1125.00, 11.91, 557, 933, 1419, 1704, 1821, 1750, 1850, 1758, 5916, 367, 17950.82, 12.39, 11.13
12:31:47, 1150.40, 11.90, 433, 746, 1171, 1461, 1401, 1327, 1364, 1217, 3436, 194, 17950.82, 12.39, 11.13
12:31:47, 1138.20, 11.90, 395, 684, 1097, 1362, 1502, 1413, 1438, 1293, 4243, 248, 17950.82, 12.39, 11.13
12:31:47, 1106.80, 11.90, 443, 765, 1190, 1478, 1611, 1543, 1636, 1504, 5272, 321, 17950.82, 12.39, 11.13
12:31:48, 1080.20, 11.89, 541, 872, 1310, 1585, 1776, 1761, 1921, 1889, 6626, 453, 17966.10, 12.37, 11.13
12:31:48, 1072.20, 11.89, 610, 957, 1385, 1660, 1889, 1892, 2123, 2133, 8494, 677, 17950.82, 12.39, 11.14
12:31:49, 1093.80, 11.89, 542, 883, 1297, 1554, 1837, 1784, 1978, 1894, 7433, 517, 17966.10, 12.37, 11.14
12:31:49, 1118.90, 11.88, 546, 914, 1403, 1685, 1831, 1747, 1825, 1732, 5412, 322, 17950.82, 12.39, 11.14
12:31:50, 1130.60, 11.88, 479, 810, 1265, 1555, 1675, 1590, 1655, 1532, 3980, 222, 17966.10, 12.37, 11.13
12:31:50, 1126.80, 11.87, 486, 816, 1263, 1552, 1826, 1765, 1803, 1719, 4756, 268, 17950.82, 12.39, 11.13
12:31:50, 1118.00, 11.87, 531, 879, 1362, 1639, 1770, 1709, 1767, 1679, 4807, 279, 17950.82, 12.39, 11.14
12:31:51, 1100.40, 11.87, 543, 901, 1391, 1708, 1928, 1865, 1960, 1840, 5648, 335, 17920.31, 12.43, 11.14
12:31:51, 1081.80, 11.88, 555, 898, 1347, 1630, 1701, 1689, 1852, 1814, 5653, 378, 17981.40, 12.36, 11.14
12:31:52, 1081.00, 11.88, 693, 1108, 1615, 1909, 2177, 2158, 2360, 2427, 6921, 482, 17981.40, 12.36, 11.14
12:31:52, 1101.30, 11.87, 703, 1122, 1676, 1979, 2111, 2085, 2179, 2171, 6557, 405, 17996.71, 12.34, 11.14
12:31:52, 1106.00, 11.87, 517, 843, 1289, 1567, 1816, 1759, 1839, 1760, 4921, 291, 17966.10, 12.37, 11.13
12:31:53, 1100.80, 11.87, 570, 937, 1435, 1737, 1960, 1924, 1970, 1951, 5590, 319, 18012.05, 12.32, 11.13
12:31:53, 1081.30, 11.87, 596, 943, 1413, 1687, 1802, 1784, 1950, 1939, 4422, 279, 17981.40, 12.36, 11.13
12:31:54, 1067.90, 11.87, 630, 971, 1400, 1670, 2039, 2051, 2275, 2326, 5559, 401, 17981.40, 12.36, 11.13
12:31:54, 1064.40, 11.87, 728, 1113, 1608, 1936, 1970, 1995, 2206, 2226, 4916, 328, 17966.10, 12.37, 11.13
12:31:55, 1068.00, 11.86, 682, 1049, 1521, 1805, 2045, 2068, 2278, 2339, 5330, 362, 18027.40, 12.30, 11.13
12:31:55, 1082.30, 11.86, 720, 1127, 1629, 1958, 2072, 2087, 2277, 2307, 5489, 345, 17996.71, 12.34, 11.13
12:31:55, 1094.80, 11.86, 626, 988, 1467, 1767, 1871, 1850, 1975, 1950, 4525, 264, 17966.10, 12.37, 11.14
12:31:56, 1089.70, 11.86, 572, 919, 1387, 1687, 1946, 1926, 2037, 1993, 5009, 291, 17996.71, 12.34, 11.14
12:31:56, 1070.50, 11.86, 573, 905, 1338, 1615, 1735, 1719, 1898, 1898, 4389, 303, 17966.10, 12.37, 11.14
12:31:57, 1057.20, 11.86, 617, 937, 1335, 1593, 1939, 1967, 2220, 2290, 5690, 502, 18012.05, 12.32, 11.13
12:31:57, 1061.60, 11.86, 840, 1275, 1819, 2131, 2324, 2360, 2570, 2734, 7957, 660, 17981.40, 12.36, 11.13
12:31:57, 1073.10, 11.85, 747, 1160, 1684, 1970, 2123, 2126, 2319, 2380, 7409, 546, 17981.40, 12.36, 11.14
12:31:58, 1075.20, 11.85, 620, 992, 1463, 1750, 1932, 1911, 2106, 2084, 6904, 487, 17950.82, 12.39, 11.14
12:31:58, 1062.00, 11.85, 693, 1089, 1589, 1880, 2088, 2084, 2348, 2378, 8356, 690, 18027.40, 12.30, 11.14
12:31:59, 1050.00, 11.86, 704, 1087, 1529, 1793, 2016, 2040, 2335, 2450, 9331, 1078, 17996.71, 12.34, 11.13
12:31:59, 1051.60, 11.85, 744, 1157, 1645, 1947, 2290, 2291, 2623, 2649, 9729, 895, 17996.71, 12.34, 11.13
12:32:00, 1042.10, 11.85, 767, 1172, 1658, 1951, 2250, 2282, 2634, 2725, 10548, 1259, 17981.40, 12.36, 11.13
12:32:00, 1037.10, 11.85, 875, 1325, 1819, 2114, 2272, 2336, 2722, 2876, 12049, 2083, 17996.71, 12.34, 11.13
12:32:00, 1047.90, 11.85, 904, 1388, 1930, 2271, 2410, 2444, 2820, 2896, 11372, 1262, 18027.40, 12.30, 11.13
12:32:01, 1053.90, 11.85, 760, 1178, 1655, 1954, 2311, 2321, 2674, 2734, 11009, 1121, 17981.40, 12.36, 11.13
12:32:01, 1051.10, 11.85, 819, 1277, 1798, 2125, 2209, 2214, 2556, 2631, 10643, 1113, 18027.40, 12.30, 11.13
12:32:02, 1041.30, 11.85, 844, 1314, 1845, 2188, 2460, 2491, 2871, 2960, 11257, 1234, 17996.71, 12.34, 11.14
12:32:02, 1025.20, 11.85, 867, 1302, 1783, 2081, 2339, 2418, 2826, 3007, 12813, 2609, 18027.40, 12.30, 11.14
12:32:02, 1021.10, 11.85, 974, 1423, 1904, 2207, 2444, 2562, 2995, 3215, 14172, 4781, 18027.40, 12.30, 11.15
12:32:03, 1024.70, 11.85, 1144, 1696, 2271, 2615, 2191, 2267, 2669, 2891, 9439, 2800, 18027.40, 12.30, 11.15
12:32:03, 1038.70, 11.84, 873, 1313, 1787, 2067, 2158, 2224, 2563, 2753, 11219, 1941, 18027.40, 12.30, 11.15
12:32:04, 1054.80, 11.84, 886, 1374, 1924, 2249, 2560, 2559, 2954, 3019, 10528, 1068, 18027.40, 12.30, 11.13
12:32:04, 1057.90, 11.84, 768, 1201, 1713, 1998, 2153, 2137, 2440, 2540, 9164, 891, 18027.40, 12.30, 11.13
12:32:05, 1051.40, 11.84, 796, 1251, 1790, 2102, 2384, 2382, 2717, 2766, 9568, 883, 18042.76, 12.29, 11.13
12:32:05, 1032.70, 11.84, 746, 1129, 1586, 1864, 2033, 2105, 2386, 2534, 7929, 982, 18012.05, 12.32, 11.13
12:32:05, 1017.60, 11.83, 904, 1301, 1755, 2037, 2039, 2168, 2488, 2708, 9466, 2814, 18027.40, 12.30, 11.13
12:32:06, 1023.00, 11.84, 970, 1393, 1861, 2147, 2264, 2395, 2762, 2998, 10838, 3575, 18012.05, 12.32, 11.13
12:32:06, 1042.30, 11.83, 854, 1287, 1757, 2026, 2206, 2226, 2589, 2766, 10285, 1653, 18012.05, 12.32, 11.13
12:32:07, 1064.70, 11.83, 686, 1087, 1540, 1804, 1869, 1849, 2061, 2170, 6858, 584, 18027.40, 12.30, 11.14
12:32:07, 1078.30, 11.83, 576, 902, 1325, 1606, 1507, 1494, 1635, 1630, 3854, 250, 18027.40, 12.30, 11.14
12:32:07, 1068.90, 11.82, 633, 989, 1443, 1723, 2063, 2082, 2265, 2353, 7272, 557, 18042.76, 12.29, 11.14
12:32:08, 1060.70, 11.82, 690, 1049, 1496, 1774, 1841, 1873, 2101, 2169, 7104, 666, 18027.40, 12.30, 11.14
12:32:08, 1065.80, 11.82, 701, 1099, 1596, 1884, 1963, 1953, 2183, 2195, 7149, 546, 18027.40, 12.30, 11.14
12:32:09, 1070.80, 11.82, 647, 1021, 1494, 1777, 1980, 1962, 2191, 2188, 7999, 609, 18042.76, 12.29, 11.14
12:32:09, 1070.40, 11.82, 611, 984, 1423, 1705, 1884, 1863, 2112, 2094, 8215, 642, 18042.76, 12.29, 11.14
12:32:10, 1069.80, 11.82, 622, 994, 1443, 1716, 1910, 1892, 2125, 2116, 8577, 666, 18042.76, 12.29, 11.14
12:32:10, 1065.60, 11.83, 645, 1022, 1480, 1766, 1963, 1947, 2206, 2218, 8897, 739, 18073.54, 12.25, 11.14
12:32:10, 1059.90, 11.83, 712, 1127, 1604, 1901, 2103, 2085, 2385, 2452, 9276, 874, 18058.15, 12.27, 11.14
12:32:11, 1060.60, 11.83, 704, 1100, 1571, 1854, 2117, 2128, 2418, 2445, 9212, 828, 18058.15, 12.27, 11.14
12:32:11, 1053.00, 11.83, 725, 1127, 1621, 1920, 2147, 2164, 2452, 2481, 9176, 830, 18073.54, 12.25, 11.14
12:32:12, 1038.60, 11.84, 791, 1195, 1677, 1963, 2060, 2113, 2430, 2552, 10251, 1419, 18058.15, 12.27, 11.14
12:32:12, 1043.40, 11.83, 793, 1182, 1627, 1894, 2214, 2269, 2630, 2763, 10980, 1636, 18073.54, 12.25, 11.14
12:32:12, 1057.90, 11.83, 675, 1048, 1496, 1756, 1958, 1949, 2207, 2220, 8897, 765, 18058.15, 12.27, 11.14
12:32:13, 1057.60, 11.83, 679, 1076, 1565, 1861, 2085, 2074, 2346, 2375, 8607, 723, 18042.76, 12.29, 11.13
12:32:13, 1047.50, 11.83, 761, 1181, 1653, 1928, 2268, 2301, 2641, 2769, 10164, 1255, 18073.54, 12.25, 11.13
12:32:14, 1063.50, 11.82, 748, 1132, 1595, 1860, 1996, 2011, 2277, 2359, 8685, 864, 18058.15, 12.27, 11.14
12:32:14, 1073.80, 11.82, 668, 1054, 1545, 1821, 2017, 1996, 2204, 2197, 7589, 551, 18073.54, 12.25, 11.14
12:32:15, 1063.60, 11.82, 636, 1005, 1473, 1746, 1945, 1967, 2146, 2202, 7519, 584, 18073.54, 12.25, 11.14
12:32:15, 1041.20, 11.82, 709, 1079, 1534, 1802, 1953, 2021, 2244, 2387, 8124, 898, 18058.15, 12.27, 11.14
12:32:15, 1032.50, 11.82, 719, 1062, 1465, 1710, 1997, 2067, 2360, 2544, 9333, 1566, 18073.54, 12.25, 11.14
12:32:16, 1039.40, 11.82, 873, 1297, 1789, 2074, 2280, 2319, 2670, 2867, 10595, 1680, 18073.54, 12.25, 11.14
12:32:16, 1060.40, 11.82, 655, 988, 1395, 1627, 1713, 1723, 1954, 2020, 8108, 818, 18042.76, 12.29, 11.14
12:32:17, 1087.50, 11.81, 566, 900, 1312, 1577, 1548, 1527, 1708, 1694, 6383, 463, 18088.96, 12.23, 11.13
12:32:17, 1109.30, 11.81, 381, 626, 937, 1132, 1483, 1425, 1527, 1467, 5244, 326, 18073.54, 12.25, 11.13
12:32:17, 1094.60, 11.80, 540, 900, 1381, 1667, 1902, 1836, 1975, 1882, 6837, 443, 18058.15, 12.27, 11.13
12:32:18, 1075.30, 11.81, 616, 984, 1472, 1749, 2037, 2043, 2202, 2220, 7755, 553, 18104.39, 12.21, 11.13
12:32:18, 1070.50, 11.80, 566, 875, 1271, 1502, 1801, 1802, 2005, 2027, 7168, 570, 18012.05, 12.32, 11.13
12:32:19, 1083.50, 11.80, 683, 1081, 1594, 1897, 2009, 1992, 2186, 2156, 7516, 523, 18073.54, 12.25, 11.14
12:32:19, 1098.70, 11.80, 530, 851, 1277, 1529, 1762, 1727, 1842, 1809, 6496, 428, 18073.54, 12.25, 11.14
12:32:20, 1108.20, 11.80, 502, 820, 1252, 1519, 1636, 1589, 1686, 1600, 5658, 357, 18073.54, 12.25, 11.14
12:32:20, 1096.30, 11.80, 516, 848, 1289, 1545, 1706, 1666, 1781, 1745, 5856, 378, 18058.15, 12.27, 11.14
12:32:20, 1080.10, 11.80, 575, 921, 1371, 1642, 1990, 1982, 2121, 2130, 7226, 497, 18088.96, 12.23, 11.14
12:32:21, 1072.70, 11.80, 584, 920, 1362, 1611, 1705, 1703, 1849, 1879, 5948, 422, 18088.96, 12.23, 11.14
12:32:21, 1067.10, 11.80, 690, 1078, 1570, 1873, 2060, 2083, 2291, 2329, 7431, 564, 18058.15, 12.27, 11.14
12:32:22, 1069.50, 11.80, 657, 1012, 1464, 1728, 1872, 1900, 2087, 2129, 6387, 496, 18058.15, 12.27, 11.13
12:32:22, 1077.00, 11.80, 648, 1016, 1478, 1776, 1928, 1931, 2110, 2124, 6033, 412, 18104.39, 12.21, 11.13
12:32:23, 1082.00, 11.80, 612, 962, 1419, 1708, 1840, 1840, 1989, 1986, 5629, 368, 18058.15, 12.27, 11.13
12:32:23, 1083.70, 11.80, 598, 948, 1396, 1676, 1861, 1853, 2012, 2013, 5610, 373, 18088.96, 12.23, 11.14
12:32:23, 1079.90, 11.80, 610, 959, 1415, 1698, 1834, 1841, 1986, 2002, 5438, 361, 18104.39, 12.21, 11.14
12:32:24, 1068.50, 11.81, 624, 984, 1440, 1734, 1928, 1943, 2100, 2131, 5769, 390, 18104.39, 12.21, 11.14
12:32:24, 1047.50, 11.81, 714, 1090, 1566, 1859, 2026, 2061, 2306, 2413, 6013, 528, 18119.85, 12.20, 11.14
12:32:25, 1035.40, 11.81, 839, 1231, 1691, 1989, 2207, 2293, 2613, 2823, 6981, 989, 18119.85, 12.20, 11.14
12:32:25, 1040.10, 11.81, 811, 1200, 1664, 1931, 1876, 1928, 2197, 2314, 4756, 491, 18073.54, 12.25, 11.13
12:32:25, 1037.90, 11.81, 761, 1130, 1586, 1875, 1982, 2050, 2302, 2452, 5566, 551, 18104.39, 12.21, 11.13
12:32:26, 1035.70, 11.80, 796, 1162, 1588, 1862, 2118, 2209, 2512, 2722, 6163, 884, 18104.39, 12.21, 11.14
12:32:26, 1061.70, 11.80, 735, 1090, 1508, 1776, 1903, 1946, 2189, 2306, 4888, 417, 18104.39, 12.21, 11.14
12:32:27, 1086.50, 11.80, 620, 971, 1410, 1703, 1836, 1836, 1996, 1987, 4276, 255, 18058.15, 12.27, 11.14
12:32:27, 1089.00, 11.79, 512, 824, 1236, 1499, 1593, 1593, 1674, 1655, 3593, 197, 18058.15, 12.27, 11.13
12:32:28, 1066.60, 11.79, 498, 782, 1155, 1397, 1619, 1615, 1788, 1796, 3254, 212, 18088.96, 12.23, 11.13
12:32:28, 1046.70, 11.79, 645, 978, 1390, 1660, 1617, 1659, 1872, 1966, 3273, 291, 18088.96, 12.23, 11.13
12:32:28, 1049.70, 11.79, 668, 991, 1385, 1639, 2201, 2273, 2553, 2718, 6698, 650, 18104.39, 12.21, 11.13
12:32:29, 1077.00, 11.79, 755, 1165, 1643, 1950, 2030, 2104, 2244, 2404, 6036, 425, 18104.39, 12.21, 11.13
12:32:29, 1102.40, 11.78, 556, 894, 1330, 1615, 1660, 1640, 1743, 1691, 4037, 223, 18119.85, 12.20, 11.13
12:32:30, 1127.50, 11.78, 379, 667, 1012, 1246, 1172, 1122, 1186, 1084, 2296, 134, 18104.39, 12.21, 11.13
12:32:30, 1115.80, 11.78, 328, 555, 869, 1076, 1351, 1292, 1365, 1277, 2860, 154, 18104.39, 12.21, 11.14
12:32:30, 1102.70, 11.78, 394, 647, 975, 1206, 1246, 1224, 1321, 1290, 2204, 127, 18119.85, 12.20, 11.14
12:32:31, 1097.60, 11.78, 397, 629, 960, 1172, 1422, 1392, 1482, 1435, 3248, 189, 18135.31, 12.18, 11.13
12:32:31, 1105.30, 11.77, 481, 787, 1201, 1477, 1581, 1555, 1619, 1560, 4459, 258, 18135.31, 12.18, 11.13
12:32:32, 1125.00, 11.77, 420, 682, 1052, 1281, 1485, 1439, 1497, 1421, 4192, 245, 18135.31, 12.18, 11.13
12:32:32, 1148.40, 11.77, 408, 683, 1069, 1331, 1340, 1274, 1314, 1185, 3161, 178, 18119.85, 12.20, 11.13
12:32:33, 1167.90, 11.77, 306, 523, 844, 1066, 1306, 1224, 1216, 1072, 3099, 173, 18135.31, 12.18, 11.13
12:32:33, 1160.80, 11.77, 343, 602, 994, 1246, 1409, 1307, 1276, 1120, 4282, 252, 18135.31, 12.18, 11.12
12:32:33, 1142.00, 11.77, 319, 545, 879, 1109, 1339, 1263, 1291, 1152, 4130, 247, 18166.30, 12.14, 11.12
12:32:34, 1127.70, 11.77, 426, 714, 1121, 1379, 1526, 1471, 1515, 1421, 4818, 289, 18088.96, 12.23, 11.12
12:32:34, 1131.20, 11.77, 460, 769, 1193, 1464, 1682, 1604, 1672, 1556, 5437, 330, 18119.85, 12.20, 11.11
12:32:35, 1152.40, 11.77, 416, 718, 1137, 1406, 1484, 1393, 1419, 1263, 4709, 280, 18119.85, 12.20, 11.11
12:32:35, 1170.90, 11.77, 321, 560, 918, 1162, 1318, 1220, 1199, 1028, 3660, 212, 18135.31, 12.18, 11.12
12:32:35, 1179.60, 11.76, 329, 584, 970, 1233, 1323, 1221, 1182, 1019, 3835, 223, 18166.30, 12.14, 11.12
12:32:36, 1179.10, 11.76, 296, 519, 858, 1084, 1183, 1092, 1074, 942, 3932, 239, 18135.31, 12.18, 11.12
12:32:36, 1178.20, 11.77, 373, 665, 1093, 1366, 1612, 1471, 1463, 1266, 5150, 310, 18150.79, 12.16, 11.12
12:32:37, 1180.70, 11.77, 358, 642, 1066, 1334, 1525, 1382, 1365, 1161, 5104, 310, 18150.79, 12.16, 11.12
12:32:37, 1180.00, 11.77, 351, 636, 1062, 1347, 1519, 1370, 1358, 1134, 5057, 304, 18119.85, 12.20, 11.12
12:32:38, 1175.80, 11.77, 343, 618, 1027, 1297, 1444, 1309, 1301, 1109, 4914, 297, 18135.31, 12.18, 11.12
12:32:38, 1179.20, 11.77, 346, 616, 1018, 1281, 1489, 1358, 1353, 1153, 4991, 299, 18166.30, 12.14, 11.13
12:32:38, 1192.90, 11.77, 326, 583, 972, 1227, 1294, 1172, 1152, 972, 4750, 289, 18181.82, 12.13, 11.13
12:32:39, 1210.00, 11.77, 280, 508, 864, 1100, 1291, 1154, 1109, 916, 4485, 272, 18135.31, 12.18, 11.13
12:32:39, 1220.80, 11.76, 290, 539, 930, 1190, 1356, 1193, 1137, 917, 4533, 273, 18150.79, 12.16, 11.11
12:32:40, 1221.90, 11.76, 283, 532, 919, 1179, 1331, 1165, 1118, 897, 4586, 276, 18150.79, 12.16, 11.11
12:32:40, 1214.50, 11.76, 275, 516, 887, 1141, 1270, 1119, 1076, 870, 4562, 274, 18166.30, 12.14, 11.12
12:32:40, 1205.80, 11.76, 259, 481, 831, 1061, 1213, 1066, 1022, 833, 4574, 278, 18166.30, 12.14, 11.12
12:32:41, 1203.40, 11.76, 257, 473, 815, 1049, 1199, 1062, 1018, 824, 4651, 283, 18150.79, 12.16, 11.12
12:32:41, 1209.10, 11.76, 276, 507, 870, 1114, 1390, 1234, 1196, 973, 5131, 309, 18135.31, 12.18, 11.13
12:32:42, 1227.20, 11.76, 305, 573, 972, 1242, 1259, 1104, 1078, 871, 4730, 286, 18150.79, 12.16, 11.13
12:32:42, 1251.80, 11.76, 248, 471, 821, 1059, 1278, 1106, 1031, 807, 4272, 257, 18088.96, 12.23, 11.12
12:32:43, 1266.90, 11.76, 245, 478, 864, 1144, 1211, 1033, 922, 691, 3573, 210, 18166.30, 12.14, 11.12
12:32:43, 1260.90, 11.75, 165, 317, 585, 778, 829, 706, 631, 485, 3359, 211, 18197.36, 12.11, 11.12
12:32:43, 1239.20, 11.75, 154, 287, 515, 678, 791, 690, 642, 514, 3619, 232, 18135.31, 12.18, 11.12
12:32:44, 1228.90, 11.76, 195, 360, 626, 811, 1000, 882, 844, 683, 4346, 271, 18181.82, 12.13, 11.12
12:32:44, 1242.70, 11.75, 272, 516, 897, 1163, 1356, 1174, 1101, 856, 4836, 287, 18212.91, 12.09, 11.11
12:32:45, 1266.70, 11.75, 251, 487, 882, 1163, 1272, 1073, 963, 717, 4384, 261, 18150.79, 12.16, 11.11
12:32:45, 1284.70, 11.75, 218, 428, 795, 1061, 1183, 993, 872, 640, 4085, 242, 18181.82, 12.13, 11.12
12:32:45, 1288.00, 11.74, 200, 394, 721, 964, 1113, 939, 842, 627, 3904, 231, 18166.30, 12.14, 11.12
12:32:46, 1282.60, 11.75, 171, 335, 605, 809, 930, 789, 723, 543, 3309, 199, 18181.82, 12.13, 11.12
12:32:46, 1275.50, 11.74, 182, 358, 653, 878, 1051, 883, 791, 582, 3771, 226, 18181.82, 12.13, 11.10
12:32:47, 1267.10, 11.75, 202, 397, 735, 981, 1159, 969, 863, 635, 4194, 253, 18181.82, 12.13, 11.10
12:32:47, 1267.00, 11.74, 228, 444, 813, 1078, 1282, 1089, 983, 734, 4401, 260, 18181.82, 12.13, 11.11
12:32:48, 1281.70, 11.74, 273, 539, 975, 1295, 1470, 1241, 1117, 831, 4372, 252, 18181.82, 12.13, 11.11
12:32:48, 1304.00, 11.74, 245, 494, 912, 1222, 1409, 1164, 1022, 737, 4187, 242, 18181.82, 12.13, 11.11
12:32:48, 1319.40, 11.74, 233, 476, 901, 1227, 1316, 1070, 918, 644, 3985, 231, 18181.82, 12.13, 11.11
12:32:49, 1314.60, 11.73, 199, 406, 776, 1056, 1172, 956, 823, 576, 3784, 223, 18181.82, 12.13, 11.11
12:32:49, 1301.70, 11.74, 172, 345, 649, 879, 999, 826, 724, 523, 3645, 221, 18150.79, 12.16, 11.10
12:32:50, 1297.50, 11.74, 201, 400, 748, 1007, 1240, 1027, 898, 645, 4136, 244, 18197.36, 12.11, 11.10
12:32:50, 1302.40, 11.74, 243, 491, 924, 1245, 1455, 1196, 1039, 741, 4259, 249, 18181.82, 12.13, 11.11
12:32:51, 1313.30, 11.73, 244, 502, 953, 1291, 1483, 1209, 1040, 734, 4041, 236, 18197.36, 12.11, 11.11
12:32:51, 1325.20, 11.73, 233, 479, 917, 1247, 1425, 1161, 990, 693, 3963, 231, 18181.82, 12.13, 11.11
12:32:51, 1335.00, 11.73, 221, 459, 884, 1205, 1387, 1119, 949, 656, 3874, 225, 18181.82, 12.13, 11.10
12:32:52, 1344.40, 11.73, 216, 452, 879, 1211, 1387, 1113, 930, 635, 3790, 220, 18166.30, 12.14, 11.10
12:32:52, 1348.60, 11.73, 206, 431, 846, 1167, 1321, 1050, 871, 590, 3734, 217, 18181.82, 12.13, 11.11
12:32:53, 1343.40, 11.73, 187, 393, 771, 1066, 1197, 952, 794, 533, 3617, 211, 18228.48, 12.07, 11.11
12:32:53, 1333.70, 11.73, 182, 377, 741, 1021, 1191, 951, 792, 536, 3718, 218, 18228.48, 12.07, 11.11
12:32:53, 1327.70, 11.73, 195, 403, 787, 1080, 1280, 1029, 863, 594, 3950, 232, 18166.30, 12.14, 11.09
12:32:54, 1330.60, 11.73, 219, 449, 866, 1182, 1410, 1144, 969, 673, 3972, 230, 18197.36, 12.11, 11.09
12:32:54, 1345.50, 11.73, 234, 485, 937, 1293, 1466, 1189, 987, 684, 3806, 220, 18181.82, 12.13, 11.09
12:32:55, 1365.10, 11.73, 208, 435, 862, 1197, 1378, 1098, 889, 601, 3605, 210, 18212.91, 12.09, 11.09
12:32:55, 1378.30, 11.72, 193, 411, 830, 1166, 1350, 1061, 843, 559, 3396, 197, 18150.79, 12.16, 11.09
12:32:56, 1373.10, 11.72, 188, 402, 817, 1148, 1309, 1025, 819, 537, 3480, 201, 18197.36, 12.11, 11.09
12:32:56, 1356.90, 11.72, 173, 363, 728, 1011, 1125, 891, 729, 485, 3553, 210, 18244.06, 12.06, 11.09
12:32:56, 1349.80, 11.72, 171, 354, 700, 968, 1187, 942, 782, 525, 3588, 211, 18181.82, 12.13, 11.06
12:32:57, 1356.10, 11.72, 211, 440, 869, 1206, 1438, 1154, 930, 635, 3652, 210, 18197.36, 12.11, 11.06
12:32:57, 1371.60, 11.72, 209, 443, 885, 1242, 1398, 1104, 879, 585, 3506, 204, 18212.91, 12.09, 11.09
12:32:58, 1386.60, 11.71, 187, 400, 818, 1155, 1325, 1036, 813, 530, 3346, 195, 18212.91, 12.09, 11.09
12:32:58, 1394.60, 11.71, 178, 385, 795, 1130, 1322, 1024, 800, 517, 3269, 189, 18197.36, 12.11, 11.09
12:32:58, 1392.40, 11.71, 180, 387, 795, 1124, 1293, 1003, 788, 512, 3340, 193, 18228.48, 12.07, 11.04
12:32:59, 1389.80, 11.70, 178, 380, 775, 1091, 1259, 979, 773, 501, 3374, 196, 18197.36, 12.11, 11.04
12:32:59, 1390.80, 11.70, 177, 377, 775, 1096, 1308, 1016, 793, 514, 3351, 194, 18228.48, 12.07, 11.05
12:33:00, 1393.90, 11.69, 184, 397, 820, 1166, 1343, 1038, 803, 519, 3316, 193, 18197.36, 12.11, 11.05
12:33:00, -3066.70, 11.69, 181, 392, 813, 1159, 1350, 1044, 809, 521, 3256, 189, 18228.48, 12.07, 11.05
12:33:01, 1398.80, 11.68, 178, 386, 800, 1140, 1336, 1029, 807, 518, 3232, 187, 18228.48, 12.07, 11.04
12:33:01, 1403.40, 11.68, 181, 397, 817, 1168, 1368, 1055, 826, 534, 3153, 182, 18212.91, 12.09, 11.04
12:33:01, 1412.50, 11.68, 179, 390, 806, 1155, 1334, 1029, 790, 507, 3107, 179, 18197.36, 12.11, 11.02
12:33:02, 1422.60, 11.67, 168, 366, 771, 1110, 1275, 972, 730, 457, 3034, 175, 18228.48, 12.07, 11.02
12:33:02, 1424.30, 11.65, 155, 339, 728, 1051, 1232, 926, 689, 424, 3009, 174, 18197.36, 12.11, 10.96
12:33:03, 1415.50, 11.65, 154, 336, 721, 1036, 1224, 922, 696, 432, 3161, 184, 18212.91, 12.09, 10.96
12:33:03, 1406.90, 11.65, 162, 350, 735, 1047, 1230, 943, 730, 462, 3305, 192, 18244.06, 12.06, 10.96
12:33:04, 1406.00, 11.64, 173, 372, 768, 1087, 1323, 1024, 796, 514, 3298, 191, 18244.06, 12.06, 10.94
12:33:04, 1421.40, 11.64, 186, 403, 837, 1201, 1372, 1059, 805, 516, 3056, 176, 18228.48, 12.07, 10.94
12:33:04, 1443.20, 11.63, 161, 358, 762, 1108, 1285, 960, 717, 440, 2863, 165, 18228.48, 12.07, 10.92
12:33:05, 1454.20, 11.62, 149, 333, 729, 1067, 1239, 912, 663, 398, 2721, 157, 18166.30, 12.14, 10.92
12:33:05, 1444.90, 11.62, 142, 317, 699, 1020, 1168, 862, 625, 376, 2835, 165, 18228.48, 12.07, 10.92
12:33:06, 1430.20, 11.61, 144, 316, 688, 990, 1184, 883, 658, 402, 3053, 178, 18244.06, 12.06, 10.88
12:33:06, 1419.70, 11.61, 154, 336, 713, 1022, 1212, 918, 702, 436, 3142, 181, 18244.06, 12.06, 10.88
12:33:06, 1424.40, 11.61, 181, 390, 811, 1162, 1385, 1075, 817, 528, 3111, 179, 18228.48, 12.07, 10.89
12:33:07, 1443.80, 11.60, 172, 377, 797, 1153, 1321, 993, 739, 461, 2874, 166, 18228.48, 12.07, 10.89
12:33:07, 1462.10, 11.60, 149, 328, 721, 1052, 1238, 911, 649, 394, 2600, 149, 18244.06, 12.06, 10.89
12:33:08, 1469.90, 11.59, 140, 311, 699, 1028, 1211, 880, 618, 367, 2636, 152, 18228.48, 12.07, 10.89
12:33:08, 1460.60, 11.59, 140, 313, 697, 1025, 1190, 873, 628, 374, 2768, 161, 18228.48, 12.07, 10.89
12:33:09, 1443.00, 11.59, 140, 310, 678, 982, 1149, 848, 630, 381, 2982, 173, 18259.67, 12.04, 10.86
12:33:09, 1428.70, 11.58, 144, 316, 676, 976, 1184, 888, 674, 414, 3077, 177, 18212.91, 12.09, 10.86
12:33:09, 1431.20, 11.59, 174, 380, 802, 1157, 1376, 1047, 792, 499, 2999, 174, 18275.29, 12.02, 10.87
12:33:10, 1453.40, 11.58, 163, 353, 767, 1112, 1273, 953, 685, 422, 2803, 162, 18259.67, 12.04, 10.87
12:33:10, 1475.90, 11.58, 145, 315, 704, 1034, 1209, 898, 626, 375, 2464, 140, 18259.67, 12.04, 10.87
12:33:11, 1484.20, 11.57, 135, 301, 681, 996, 1165, 838, 581, 346, 2507, 144, 18275.29, 12.02, 10.88
12:33:11, 1477.00, 11.57, 133, 298, 672, 983, 1172, 845, 598, 355, 2609, 151, 18228.48, 12.07, 10.88
12:33:11, 1464.00, 11.56, 139, 311, 690, 1001, 1173, 859, 623, 373, 2822, 164, 18244.06, 12.06, 10.88
12:33:12, 1462.90, 11.56, 143, 319, 701, 1026, 1226, 907, 653, 393, 2726, 157, 18259.67, 12.04, 10.88
12:33:12, 1475.70, 11.56, 154, 338, 746, 1095, 1276, 946, 674, 406, 2594, 149, 18275.29, 12.02, 10.88
12:33:13, 1495.90, 11.56, 136, 303, 684, 1012, 1184, 859, 592, 348, 2529, 145, 18290.93, 12.00, 10.88
12:33:13, -3066.70, -543.15, 130, 287, 662, 987, 1159, 836, 557, 323, 2377, 136, 18275.29, 12.02, 10.88
12:33:14, 1503.00, 11.54, 121, 274, 636, 946, 1117, 790, 535, 309, 2420, 140, 18259.67, 12.04, 10.89
12:33:14, 1488.30, 11.54, 122, 275, 630, 929, 1117, 798, 557, 323, 2605, 152, 18259.67, 12.04, 10.89
12:33:14, -3066.70, -543.15, 130, 294, 663, 975, 1196, 861, 612, 359, 2758, 160, 18290.93, 12.00, 10.89
12:33:15, 1483.90, 11.54, 144, 322, 716, 1056, 1264, 929, 659, 393, 2666, 153, 18259.67, 12.04, 10.89
12:33:15, 1493.10, 11.54, 144, 318, 713, 1051, 1227, 897, 624, 371, 2538, 146, 18228.48, 12.07, 10.89
12:33:16, 1504.20, 11.54, 134, 297, 678, 1006, 1185, 855, 582, 338, 2477, 142, 18259.67, 12.04, 10.87
12:33:16, 1512.70, 11.53, 126, 282, 653, 977, 1160, 829, 556, 319, 2409, 138, 18275.29, 12.02, 10.87
12:33:17, -3066.70, -543.15, 124, 278, 648, 972, 1153, 819, 549, 313, 2376, 137, 18259.67, 12.04, 10.86
12:33:17, -3066.70, -543.15, 121, 274, 636, 953, 1134, 803, 542, 309, 2395, 138, 18259.67, 12.04, 10.86
12:33:17, 1511.60, 11.51, 119, 271, 626, 935, 1128, 798, 546, 311, 2495, 145, 18290.93, 12.00, 10.86
12:33:18, 1504.10, 11.51, 123, 279, 642, 956, 1153, 817, 561, 322, 2571, 149, 18290.93, 12.00, 10.84
12:33:18, -3066.70, -543.15, 129, 290, 665, 992, 1192, 855, 584, 338, 2527, 146, 18275.29, 12.02, 10.84
12:33:19, -3066.70, -543.15, 131, 291, 671, 1001, 1179, 849, 572, 331, 2355, 135, 18259.67, 12.04, 10.84
12:33:19, -3066.70, -543.15, 123, 274, 639, 959, 1129, 803, 535, 305, 2319, 133, 18275.29, 12.02, 10.84
12:33:19, -3066.70, -543.15, 117, 263, 618, 931, 1104, 779, 508, 287, 2262, 129, 18244.06, 12.06, 10.84
12:33:20, -3066.70, -543.15, 114, 257, 610, 919, 1097, 769, 500, 281, 2270, 130, 18228.48, 12.07, 10.86
12:33:20, -3066.70, -543.15, 112, 254, 602, 908, 111, 254, 601, 906, 2334, 135, 18259.67, 12.04, -0.01
12:33:21, -3066.70, -543.15, 112, 257, 606, 915, 1102, 769, 510, 285, 2367, 137, 18275.29, 12.02, 10.84
12:33:21, -3066.70, -543.15, 118, 267, 627, 946, 1140, 808, 536, 303, 2341, 134, 18306.58, 11.99, 10.84
12:33:22, -3066.70, -543.15, 123, 275, 643, 967, 1152, 819, 543, 309, 2306, 132, 18275.29, 12.02, 10.84
12:33:22, -3066.70, -543.15, 119, 266, 625, 940, 1103, 779, 506, 286, 2255, 129, 18275.29, 12.02, 10.84
12:33:22, -3066.70, -543.15, 111, 251, 598, 904, 1073, 747, 481, 267, 2181, 125, 18259.67, 12.04, 10.84
12:33:23, -3066.70, -543.15, 106, 240, 578, 882, 1054, 728, 462, 253, 2111, 121, 18306.58, 11.99, 10.80
12:33:23, -3066.70, -543.15, 104, 237, 574, 880, 1045, 716, 452, 244, 2090, 119, 18244.06, 12.06, -0.01
12:33:24, -3066.70, -543.15, 102, 233, 567, 872, 1034, 706, 449, 243, 2178, 125, 18290.93, 12.00, -0.01
12:33:24, -3066.70, -543.15, 102, 233, 564, 860, 1039, 714, 457, 250, 2229, 129, 18259.67, 12.04, -0.01
12:33:25, 1599.70, 11.31, 93, 216, 535, 829, 1001, 675, 413, 218, 1974, 113, 18337.95, 11.95, 10.61
12:33:32, 1613.10, 11.31, 94, 211, 532, 825, 976, 660, 391, 207, 1846, 105, 18337.95, 11.95, 10.59
12:33:32, 1634.10, 11.31, 87, 196, 498, 779, 925, 620, 361, 188, 1803, 102, 18290.93, 12.00, 10.59
12:33:33, 1647.60, 11.30, 84, 192, 490, 768, 920, 610, 352, 182, 1740, 98, 18306.58, 11.99, 10.59
12:33:33, 1645.40, 11.30, 83, 191, 487, 763, 920, 606, 352, 182, 1778, 101, 18306.58, 11.99, 10.59
12:33:33, 1632.00, 11.30, 81, 189, 481, 750, 910, 594, 354, 182, 1866, 107, 18306.58, 11.99, 10.59
12:33:34, 1618.30, 11.30, 81, 189, 480, 748, 895, 583, 350, 180, 1912, 110, 18290.93, 12.00, 10.59
12:33:34, 1623.60, 11.30, 88, 203, 514, 802, 969, 646, 381, 199, 1848, 106, 18337.95, 11.95, 10.59
12:33:35, 1643.90, 11.29, 86, 194, 498, 781, 920, 609, 350, 180, 1763, 100, 18306.58, 11.99, 10.59
12:33:35, 1667.10, 11.29, 78, 177, 458, 723, 855, 562, 316, 162, 1633, 92, 18306.58, 11.99, 10.59
12:33:36, 1682.70, 11.28, 75, 172, 449, 711, 861, 557, 310, 157, 1576, 88, 18337.95, 11.95, 10.59
12:33:36, 1669.50, 11.28, 76, 175, 458, 725, 854, 546, 308, 154, 1704, 97, 18306.58, 11.99, 10.59
12:33:36, 1651.60, 11.28, 70, 165, 431, 678, 826, 526, 304, 152, 1780, 103, 18353.66, 11.93, 10.59
12:33:37, 1644.10, 11.28, 74, 174, 451, 711, 880, 566, 330, 166, 1801, 103, 18337.95, 11.95, 10.59
12:33:37, 1651.70, 11.28, 82, 189, 487, 769, 929, 610, 352, 180, 1691, 96, 18306.58, 11.99, 10.59
12:33:38, -3066.70, -543.15, 79, 180, 469, 741, 868, 563, 315, 158, 1654, 94, 18353.66, 11.93, 10.59
12:33:38, -3066.70, -543.15, 72, 164, 435, 694, 831, 536, 291, 145, 1521, 85, 18369.39, 11.92, 10.59
12:33:38, -3066.70, -543.15, 70, 161, 432, 690, 826, 523, 282, 139, 1552, 88, 18337.95, 11.95, 10.59
12:33:39, -3066.70, -543.15, 69, 161, 431, 687, 832, 525, 288, 142, 1601, 91, 18353.66, 11.93, 10.61
12:33:39, -3066.70, -543.15, 68, 160, 424, 674, 799, 502, 283, 139, 1700, 98, 18322.26, 11.97, 10.61
12:33:40, -3066.70, -543.15, 71, 167, 435, 690, 878, 567, 324, 163, 1712, 97, 18337.95, 11.95, 10.61
12:33:40, -3066.70, -543.15, 78, 179, 468, 741, 881, 570, 321, 161, 1577, 89, 18337.95, 11.95, 10.61
12:33:41, -3066.70, -543.15, 70, 161, 429, 687, 813, 515, 279, 137, 1531, 87, 18322.26, 11.97, 10.61
12:33:41, -3066.70, -543.15, 67, 154, 418, 673, 807, 505, 266, 129, 1488, 84, 18337.95, 11.95, 10.62
12:33:41, -3066.70, -543.15, 60, 140, 386, 626, 766, 470, 247, 118, 1521, 87, 18369.39, 11.92, 10.62
12:33:42, -3066.70, -543.15, 62, 145, 397, 641, 787, 490, 261, 126, 1566, 90, 18353.66, 11.93, 10.61
12:33:42, -3066.70, -543.15, 66, 153, 411, 660, 786, 491, 268, 130, 1583, 90, 18369.39, 11.92, 10.61
12:33:43, -3066.70, -543.15, 67, 157, 416, 664, 818, 517, 288, 142, 1639, 93, 18337.95, 11.95, 10.61
12:33:43, -3066.70, -543.15, 72, 168, 442, 702, 858, 550, 307, 153, 1631, 92, 18353.66, 11.93, 10.62
12:33:43, -3066.70, -543.15, 73, 167, 443, 706, 841, 535, 291, 144, 1529, 86, 18353.66, 11.93, 10.62
12:33:44, -3066.70, -543.15, 63, 146, 399, 643, 770, 481, 253, 122, 1452, 82, 18385.12, 11.90, 10.63
12:33:44, -3066.70, -543.15, 61, 139, 385, 627, 759, 469, 240, 115, 1327, 74, 18322.26, 11.97, 10.63
12:33:45, -3066.70, -543.15, 58, 134, 373, 610, 734, 447, 228, 108, 1395, 80, 18353.66, 11.93, 10.63
12:33:45, -3066.70, -543.15, 57, 133, 369, 602, 707, 426, 222, 105, 1447, 83, 18353.66, 11.93, 10.63
12:33:46, -3066.70, -543.15, 58, 136, 371, 600, 765, 472, 254, 122, 1563, 89, 18369.39, 11.92, 10.63
12:33:46, -3066.70, -543.15, 63, 149, 400, 641, 802, 502, 276, 135, 1629, 93, 18322.26, 11.97, 10.63
12:33:46, -3066.70, -543.15, 71, 165, 438, 698, 831, 528, 285, 141, 1499, 84, 18353.66, 11.93, 10.63
12:33:47, -3066.70, -543.15, 66, 151, 410, 662, 792, 496, 261, 127, 1458, 82, 18369.39, 11.92, -0.01
12:33:47, -3066.70, -543.15, 62, 142, 393, 638, 773, 476, 243, 116, 1388, 78, 18337.95, 11.95, -0.01
12:33:48, -3066.70, -543.15, 58, 134, 375, 612, 738, 447, 227, 107, 1404, 80, 18353.66, 11.93, -0.01
12:33:48, -3066.70, -543.15, 58, 134, 374, 609, 749, 455, 234, 110, 1415, 80, 18385.12, 11.90, -0.01
12:33:48, -3066.70, -543.15, 59, 138, 380, 618, 766, 469, 246, 117, 1479, 84, 18385.12, 11.90, -0.01
12:33:49, -3066.70, -543.15, 62, 145, 394, 635, 784, 485, 259, 125, 1558, 89, 18385.12, 11.90, -0.01
12:33:49, -3066.70, -543.15, 828, 522, 283, 138, 840, 531, 288, 141, 1534, 86, 18337.95, 11.95, -0.01
12:33:50, -3066.70, -543.15, 827, 520, 279, 136, 812, 509, 271, 132, 1482, 83, 18353.66, 11.93, -0.01
12:33:50, -3066.70, -543.15, 776, 482, 251, 121, 774, 479, 247, 118, 1373, 77, 18385.12, 11.90, -0.01
12:33:51, -3066.70, -543.15, 757, 463, 234, 111, 742, 450, 226, 106, 1353, 76, 18385.12, 11.90, -0.01
12:33:51, -3066.70, -543.15, 58, 134, 376, 616, 749, 452, 227, 106, 1336, 75, 18400.89, 11.88, -0.01
12:33:52, -3066.70, -543.15, 55, 128, 361, 592, 726, 436, 219, 102, 1364, 77, 18369.39, 11.92, -0.01
12:33:52, -3066.70, -543.15, 56, 130, 363, 593, 719, 434, 222, 104, 1414, 80, 18432.46, 11.84, -0.01
12:33:52, -3066.70, -543.15, 61, 141, 388, 629, 783, 483, 251, 120, 1440, 81, 18400.89, 11.88, -0.01
12:33:53, -3066.70, -543.15, 62, 146, 398, 646, 770, 473, 245, 116, 1371, 76, 18385.12, 11.90, -0.01
12:33:53, -3066.70, -543.15, 59, 137, 380, 620, 747, 454, 230, 108, 1350, 76, 18400.89, 11.88, -0.01
12:33:54, -3066.70, -543.15, 56, 130, 366, 599, 725, 436, 217, 101, 1317, 74, 18369.39, 11.92, -0.01
12:33:54, -3066.70, -543.15, 55, 127, 360, 591, 722, 432, 213, 99, 1297, 73, 18432.46, 11.84, -0.01
12:33:55, -3066.70, -543.15, 54, 125, 357, 589, 719, 429, 211, 98, 1279, 71, 18416.67, 11.86, 10.65
12:33:55, -3066.70, -543.15, 53, 124, 352, 581, 705, 421, 207, 96, 1310, 74, 18385.12, 11.90, 10.65
12:33:55, -3066.70, -543.15, 54, 127, 357, 586, 720, 432, 217, 101, 1356, 76, 18400.89, 11.88, 10.64
12:33:56, -3066.70, -543.15, 56, 132, 367, 599, 733, 443, 223, 105, 1364, 77, 18416.67, 11.86, 10.64
12:33:56, -3066.70, -543.15, 57, 133, 371, 604, 739, 446, 225, 106, 1357, 76, 18385.12, 11.90, 10.64
12:33:57, -3066.70, -543.15, 57, 132, 370, 606, 737, 445, 221, 103, 1295, 72, 18400.89, 11.88, -0.01
12:33:57, -3066.70, -543.15, 55, 127, 361, 594, 719, 429, 210, 98, 1285, 72, 18432.46, 11.84, -0.01
12:33:57, -3066.70, -543.15, 55, 128, 363, 596, 703, 418, 203, 94, 1284, 72, 18432.46, 11.84, 10.67
12:34:01, -3066.70, -543.15, 704, 417, 201, 93, 714, 425, 212, 98, 1337, 75, 18416.67, 11.86, 10.65
12:34:02, 1780.40, 11.22, 55, 128, 361, 591, 714, 426, 212, 99, 1340, 76, 18416.67, 11.86, 10.65
12:34:03, 1780.50, 11.23, 55, 128, 362, 592, 728, 437, 217, 102, 1343, 76, 18416.67, 11.86, 10.65
12:34:03, 1790.20, 11.23, 56, 131, 368, 602, 724, 434, 214, 100, 1280, 71, 18448.28, 11.83, 10.59
12:34:04, 1795.60, 11.23, 54, 126, 356, 584, 710, 424, 207, 96, 1290, 72, 18432.46, 11.84, 10.59
12:34:04, 1794.30, 11.23, 53, 124, 353, 579, 704, 419, 205, 95, 1297, 73, 18400.89, 11.88, 10.59
12:34:05, -7544.50, 11.23, 53, 124, 352, 576, 704, 417, 206, 95, 1309, 74, 18432.46, 11.84, -0.01
12:34:05, 1784.80, 11.23, 708, 421, 208, 96, 710, 422, 209, 97, 1294, 72, 18400.89, 11.88, 10.59
12:34:05, -3066.70, -543.15, 707, 420, 208, 96, 711, 423, 210, 97, 1337, 76, 18432.46, 11.84, -0.01
12:34:06, 1781.60, 11.22, 56, 131, 368, 601, 738, 444, 221, 103, 1317, 74, 18479.96, 11.79, 10.64
12:34:07, 1789.90, 11.23, 56, 130, 367, 601, 720, 431, 212, 99, 1303, 73, 18448.28, 11.83, 10.63
12:34:08, 1792.70, 11.22, 55, 128, 361, 592, 717, 428, 211, 98, 1285, 72, 18400.89, 11.88, 10.63
12:34:08, 1787.30, 11.23, 54, 127, 357, 585, 719, 429, 213, 99, 1318, 74, 18464.10, 11.81, 10.62
12:34:09, -3066.70, -543.15, 55, 127, 361, 593, 722, 431, 211, 98, 1278, 71, 18448.28, 11.83, 10.62
12:34:10, -3066.70, -543.15, 54, 125, 356, 585, 712, 423, 206, 95, 1271, 71, 18432.46, 11.84, 10.63
12:34:10, -3066.70, -543.15, 53, 124, 353, 581, 706, 418, 203, 94, 1269, 71, 18464.10, 11.81, 10.63
12:34:10, -3066.70, -543.15, 53, 123, 350, 576, 704, 417, 202, 93, 1255, 70, 18448.28, 11.83, 0.00
12:34:11, -3066.70, -543.15, 52, 122, 347, 571, 689, 407, 198, 91, 1267, 71, 18432.46, 11.84, -0.01
12:34:12, -3066.70, -543.15, 62, 144, 395, 632, 778, 480, 252, 121, 1563, 90, 18479.96, 11.79, -0.01
12:34:16, -3066.70, -543.15, 66, 154, 416, 667, 810, 503, 269, 130, 1577, 89, 18479.96, 11.79, -0.01
12:34:16, -3066.70, -543.15, 66, 155, 416, 664, 814, 509, 276, 135, 1655, 95, 18479.96, 11.79, -0.01
12:34:17, -3066.70, -543.15, 69, 160, 422, 666, 807, 511, 283, 141, 1717, 99, 18464.10, 11.81, -0.01
12:34:17, -3066.70, -543.15, 74, 173, 449, 703, 860, 551, 314, 157, 1819, 105, 18464.10, 11.81, -0.01
12:34:18, -3066.70, -543.15, 76, 178, 457, 712, 859, 554, 322, 164, 1888, 110, 18464.10, 11.81, -0.01
12:34:18, -3066.70, -543.15, 86, 199, 503, 780, 946, 625, 371, 193, 2014, 117, 18479.96, 11.79, -0.01
12:34:19, -3066.70, -543.15, 86, 198, 497, 768, 943, 628, 380, 200, 2078, 122, 18511.71, 11.76, -0.01
12:34:19, -3066.70, -543.15, 93, 213, 525, 804, 995, 673, 419, 225, 2205, 129, 18479.96, 11.79, 11.99
12:34:19, -3066.70, -543.15, 101, 228, 553, 838, 1003, 688, 440, 241, 2318, 136, 18464.10, 11.81, -0.01
12:34:20, -3066.70, -543.15, 111, 250, 591, 890, 1089, 765, 507, 285, 2484, 146, 18511.71, 11.76, 10.62
12:34:20, -3066.70, -543.15, 121, 272, 630, 939, 1132, 806, 548, 314, 2631, 155, 18511.71, 11.76, 10.62
12:34:21, -3066.70, -543.15, 134, 297, 675, 998, 1196, 868, 600, 352, 2766, 162, 18511.71, 11.76, 11.99
12:34:21, -3066.70, -543.15, 145, 320, 716, 1050, 1249, 918, 647, 387, 2883, 170, 18495.82, 11.77, -0.01
12:34:21, -3066.70, -543.15, 151, 331, 732, 1069, 1294, 958, 692, 418, 3009, 177, 18511.71, 11.76, -0.01
12:34:22, -3066.70, -543.15, 167, 361, 779, 1124, 1318, 992, 734, 458, 3190, 189, 18495.82, 11.77, -0.01
12:34:22, -3066.70, -543.15, 171, 367, 779, 1110, 1366, 1042, 788, 502, 3413, 202, 18495.82, 11.77, -0.01
12:34:23, -3066.70, -543.15, 199, 421, 870, 1231, 1459, 1137, 884, 581, 3606, 213, 18495.82, 11.77, -0.01
12:34:23, -3066.70, -543.15, 219, 455, 922, 1289, 1567, 1250, 997, 679, 3829, 226, 18511.71, 11.76, -0.01
12:34:24, -3066.70, -543.15, 218, 449, 896, 1237, 1373, 1095, 888, 610, 3717, 221, 18495.82, 11.77, -0.01
12:34:24, -3066.70, -543.15, 243, 493, 953, 1297, 1443, 1177, 983, 702, 3861, 229, 18559.46, 11.70, -0.01
12:34:24, -3066.70, -543.15, 236, 468, 892, 1206, 1439, 1195, 1016, 744, 3713, 216, 18479.96, 11.79, -0.01
12:34:25, -3066.70, -543.15, 246, 486, 918, 1237, 1508, 1259, 1078, 795, 4046, 239, 18527.61, 11.74, -0.01
12:34:25, -3066.70, -543.15, 242, 471, 887, 1188, 1298, 1083, 929, 682, 4021, 242, 18543.52, 11.72, -0.01
12:34:26, -3066.70, -543.15, 224, 432, 817, 1095, 1179, 985, 830, 616, 3788, 228, 18495.82, 11.77, -0.01
12:34:26, -3066.70, -543.15, 192, 364, 689, 926, 974, 827, 698, 527, 3200, 196, 18527.61, 11.74, -0.01
12:34:27, -3066.70, -543.15, 192, 353, 657, 872, 1116, 966, 846, 664, 3700, 225, 18511.71, 11.76, -0.01
12:34:27, -3066.70, -543.15, 217, 397, 719, 938, 1031, 879, 805, 632, 4279, 270, 18511.71, 11.76, -0.01
12:34:28, -3066.70, -543.15, 232, 441, 787, 1028, 1304, 1100, 1035, 793, 4907, 302, 18559.46, 11.70, -0.01
12:34:28, -3066.70, -543.15, 270, 515, 934, 1218, 1374, 1156, 1048, 794, 4892, 299, 18527.61, 11.74, -0.01
12:34:28, -3066.70, -543.15, 288, 557, 1019, 1349, 1459, 1222, 1110, 829, 4974, 304, 18543.52, 11.72, -0.01
12:34:29, -3066.70, -543.15, 233, 444, 809, 1064, 979, 817, 761, 583, 3958, 256, 18511.71, 11.76, -0.01
12:34:29, -878.10, -543.15, 203, 368, 652, 831, 1033, 887, 850, 685, 4537, 290, 18495.82, 11.77, -0.01
12:34:31, 1171.70, 11.53, 124, 181, 332, 404, 848, 784, 735, 654, 3469, 224, 18575.42, 11.69, 11.12
12:34:33, -3066.70, -543.15, 171, 285, 497, 622, 1123, 986, 969, 800, 4964, 316, 18543.52, 11.72, -0.01
12:34:33, -3066.70, -543.15, 282, 517, 894, 1141, 1382, 1197, 1154, 932, 5386, 335, 18543.52, 11.72, -0.01
12:34:34, -3066.70, -543.15, 250, 454, 797, 1022, 1007, 856, 837, 661, 4262, 280, 18559.46, 11.70, -0.01
12:34:34, -3066.70, -543.15, 173, 307, 540, 690, 744, 631, 656, 533, 3635, 253, 18543.52, 11.72, -0.01
12:34:35, -3066.70, -543.15, 205, 357, 604, 754, 1367, 1216, 1239, 1048, 5941, 374, 18575.42, 11.69, -0.01
12:34:35, -3066.70, -543.15, 322, 568, 954, 1202, 1611, 1450, 1433, 1204, 6319, 390, 18527.61, 11.74, 11.14
12:34:36, -3066.70, -543.15, 346, 613, 1037, 1312, 1135, 1019, 993, 853, 4974, 322, 18495.82, 11.77, 11.13
12:34:36, -3066.70, -543.15, 163, 255, 450, 556, 749, 666, 649, 574, 3620, 251, 18511.71, 11.76, -0.01
12:34:37, 1130.20, 11.56, 144, 221, 385, 460, 464, 416, 393, 371, 2595, 196, 18543.52, 11.72, 11.13
12:34:37, -3066.70, -543.15, 154, 236, 406, 481, 596, 545, 530, 510, 3334, 245, 18527.61, 11.74, 11.13
12:34:38, -3066.70, -543.15, 182, 269, 451, 541, 755, 707, 694, 664, 3910, 273, 18511.71, 11.76, 11.13
12:34:38, -3066.70, -543.15, 249, 400, 656, 795, 1093, 1028, 1026, 953, 5157, 342, 18559.46, 11.70, 11.13
12:34:39, -3066.70, -543.15, 299, 488, 792, 969, 1066, 994, 1006, 930, 5273, 353, 18527.61, 11.74, 11.15
12:34:39, -3066.70, -543.15, 258, 411, 672, 808, 728, 666, 687, 634, 3969, 288, 18527.61, 11.74, 11.15
12:34:40, -3066.70, -543.15, 240, 401, 646, 786, 765, 667, 773, 675, 4239, 317, 18511.71, 11.76, 11.15
12:34:40, -3066.70, -543.15, 128, 195, 333, 391, 827, 748, 819, 763, 4784, 357, 18575.42, 11.69, 11.15
12:34:40, 1100.30, -543.15, 240, 380, 608, 727, 652, 581, 650, 599, 4019, 316, 18575.42, 11.69, 11.15
12:34:41, 1095.20, 11.58, 253, 427, 658, 833, 787, 703, 810, 732, 4596, 350, 18559.46, 11.70, 11.13
12:34:41, 9221.90, 11.58, 161, 223, 374, 431, 601, 569, 578, 581, 3768, 299, 18575.42, 11.69, 0.00
12:34:42, 1099.70, 11.59, 161, 219, 367, 427, 615, 570, 584, 575, 3700, 292, 18607.39, 11.65, 11.12
12:34:42, -7550.80, 11.59, 286, 459, 737, 894, 1401, 1310, 1403, 1310, 6822, 466, 18527.61, 11.74, -0.01
12:34:42, -3066.70, 13.22, 613, 1019, 1579, 1923, 1530, 1431, 1546, 1412, 7319, 488, 18559.46, 11.70, 11.16
12:34:58, 1025.40, 11.62, 206, 291, 431, 482, 553, 511, 634, 656, 4950, 1312, 18559.46, 11.70, 11.16
12:34:58, 1019.60, 11.64, 363, 556, 765, 896, 1571, 1560, 1881, 1997, 9406, 2245, 18575.42, 11.69, 11.16
12:34:59, 1025.00, 11.64, 325, 500, 695, 819, 948, 921, 1177, 1154, 6004, 1254, 18591.39, 11.67, 11.16
12:34:59, 1022.60, 11.63, 440, 655, 881, 1045, 829, 828, 1040, 1058, 3980, 1152, 18591.39, 11.67, 11.13
12:35:00, 1017.80, 11.63, 779, 1161, 1542, 1841, 59456, 0, 0, 832, 3072, 0, 18591.39, 11.67, 11.19
12:35:03, 986.70, -543.15, 2760, 2904, 3428, 3674, 1650, 1767, 1993, 2303, 7244, 2715, 18575.42, 11.69, -0.01
