Secchi Depth (cm) = 0740
Forel Ule Scale = 11
pH Colour Scale = 99
SmartSecchi S/N = A0000001
Latitude (degs N) = 56.51624
Longitude (degs E) = -5.37470
Date = 2023-05-25
Time (UTC), Pressure (mbar) MS5803, Temp (deg C) MS5803, 415nm, 445nm, 480nm, 515nm, 555nm, 590nm, 630nm, 680nm, Clear, NIR, Resistance 10KTHERM, Temp (deg C) 10KTHERM, Temp (deg C) TMP117
11:45:30, 1022.70, 13.68, 15, 21, 25, 26, 22, 29, 43, 54, 257, 205, 17309.13, 13.14, 12.21
11:45:30, 1022.60, 13.68, 14, 21, 24, 25, 22, 28, 41, 51, 250, 196, 17323.72, 13.13, 12.21
11:45:30, 1022.60, 13.69, 14, 21, 24, 26, 23, 29, 44, 55, 264, 210, 17352.94, 13.09, 12.21
11:45:31, 1022.70, 13.69, 15, 22, 25, 27, 24, 31, 46, 58, 275, 223, 17309.13, 13.14, 12.21
11:45:31, 1022.70, 13.69, 16, 23, 26, 28, 25, 32, 48, 62, 289, 240, 17280.00, 13.18, 12.21
11:45:32, 1022.50, 13.70, 15, 22, 26, 27, 23, 30, 45, 57, 269, 215, 17294.56, 13.16, 12.22
11:45:32, 1022.60, 13.70, 14, 20, 24, 25, 23, 30, 45, 56, 258, 207, 17280.00, 13.18, 12.22
11:45:33, 1023.10, 13.72, 14, 20, 24, 25, 21, 27, 41, 51, 237, 183, 17323.72, 13.13, 12.31
11:45:33, 1023.20, 13.72, 109, 161, 187, 199, 249, 251, 326, 335, 1586, 622, 17294.56, 13.16, 12.31
11:45:33, 1023.30, 13.73, 415, 588, 716, 756, 641, 641, 658, 729, 3331, 918, 17280.00, 13.18, 12.31
11:45:34, 1023.00, 13.72, 619, 883, 1067, 1099, 1099, 1031, 1074, 1093, 5705, 1621, 17294.56, 13.16, 15.18
11:45:34, 1022.90, 13.71, 628, 832, 998, 1044, 6630, 10900, 10938, 11767, 30288, 11498, 17294.56, 13.16, 15.18
11:45:35, 1022.70, 13.72, 500, 705, 858, 925, 1312, 1326, 1519, 1633, 6167, 1842, 17323.72, 13.13, 14.76
11:45:35, 1022.90, 13.72, 832, 1187, 1483, 1571, 1694, 1715, 1952, 2134, 7396, 2237, 17280.00, 13.18, 14.76
11:45:35, 1022.20, 13.70, 900, 1295, 1635, 1762, 2114, 2175, 2533, 2771, 7772, 2343, 17294.56, 13.16, 14.76
11:45:36, 1022.70, 13.71, 11192, 18143, 23621, 30532, 32873, 36000, 36000, 36000, 31634, 13134, 17294.56, 13.16, 14.52
11:45:36, 1022.80, 13.72, 14660, 21445, 30434, 35996, 36000, 36000, 36000, 36000, 36000, 31978, 17309.13, 13.14, 14.52
11:45:37, 1022.70, 13.72, 15344, 22975, 32939, 36000, 36000, 36000, 36000, 36000, 36000, 36000, 17280.00, 13.18, 14.34
11:45:37, 1022.70, 13.72, 14979, 24020, 33837, 36000, 35806, 35947, 36000, 36000, 36000, 36000, 17280.00, 13.18, 14.34
11:45:38, 1022.30, 13.70, 6903, 7050, 10990, 11257, 5640, 7741, 6246, 9663, 29863, 27154, 17294.56, 13.16, 14.14
11:45:38, 1022.00, 13.67, 3541, 2965, 4733, 4925, 12281, 17305, 14175, 20453, 36000, 36000, 17280.00, 13.18, 14.14
11:45:38, 1020.90, 13.61, 7746, 9228, 12588, 16060, 33923, 34179, 35335, 36000, 36000, 36000, 17309.13, 13.14, 14.14
11:45:39, 1020.20, 13.61, 12135, 19131, 25613, 31310, 27270, 30478, 33272, 35710, 23680, 9357, 17265.46, 13.20, 13.95
11:45:39, 1020.30, 13.61, 5851, 9416, 12515, 14820, 17236, 16036, 23774, 24701, 18976, 8074, 17250.93, 13.21, 13.95
11:45:40, 1020.50, 13.61, 9160, 14372, 19070, 23040, 25406, 27838, 32170, 36000, 22721, 9091, 17250.93, 13.21, 13.80
11:45:40, 1021.90, 13.65, 7315, 7502, 11726, 11947, 7035, 10518, 11021, 11473, 31378, 11003, 17265.46, 13.20, 13.80
11:45:41, 1021.60, 13.65, 3390, 5710, 8324, 9727, 13034, 10919, 15246, 16045, 36000, 36000, 17265.46, 13.20, 13.80
11:45:41, 1020.90, 13.61, 8629, 12601, 16484, 19704, 20571, 23663, 23941, 32675, 36000, 36000, 17280.00, 13.18, 13.70
11:45:41, 1021.30, 13.65, 8322, 10643, 14776, 17297, 15690, 19687, 18209, 26137, 36000, 36000, 17265.46, 13.20, 13.70
11:45:42, 1022.10, 13.67, 7007, 7102, 11240, 11164, 14737, 16526, 15538, 21758, 36000, 36000, 17280.00, 13.18, 13.52
11:45:42, 1022.50, 13.70, 8126, 10542, 14718, 16556, 21986, 24152, 27284, 34493, 36000, 36000, 17236.42, 13.23, 13.52
11:45:43, 1022.90, 13.73, 6858, 7825, 12334, 11866, 15887, 15618, 17911, 22110, 36000, 36000, 17236.42, 13.23, 13.52
11:45:43, 1023.00, 13.74, 3131, 4336, 7071, 6794, 9556, 6205, 13403, 9288, 36000, 36000, 17236.42, 13.23, 13.36
11:45:43, 1023.10, 13.76, 2441, 4616, 5774, 8743, 7740, 7072, 13453, 8700, 36000, 31628, 17236.42, 13.23, 13.36
11:45:44, 1022.80, 13.74, 4420, 6269, 7388, 12324, 8704, 12216, 14493, 13353, 36000, 15590, 17207.45, 13.27, 13.34
11:45:44, 1023.00, 13.75, 5786, 5836, 8082, 10980, 11526, 16336, 14075, 19272, 24887, 7934, 17236.42, 13.23, 13.34
11:45:45, 1022.10, 13.72, 8106, 9949, 14399, 15004, 2600, 2723, 3022, 3415, 7481, 2264, 17221.93, 13.25, 13.39
11:45:45, 1021.70, 13.70, 10713, 17150, 23685, 26917, 32914, 34642, 36000, 36000, 36000, 36000, 17221.93, 13.25, 13.39
11:45:46, 1021.80, 13.71, 8891, 12976, 16775, 20952, 19736, 23270, 23272, 31871, 36000, 36000, 17207.45, 13.27, 13.39
11:45:46, 1022.30, 13.73, 8317, 10579, 14474, 17167, 14111, 18057, 14836, 22760, 36000, 36000, 17221.93, 13.25, 13.30
11:45:46, 1020.40, 13.69, 6916, 6891, 10939, 10975, 12243, 14988, 11907, 18323, 36000, 36000, 17221.93, 13.25, 13.30
11:45:47, 1022.10, 13.73, 6752, 6727, 10627, 11154, 13216, 17646, 14194, 21496, 36000, 36000, 17221.93, 13.25, 13.21
11:45:47, 1021.90, 13.73, 8125, 10241, 14101, 16593, 19664, 22838, 22835, 31325, 36000, 36000, 17207.45, 13.27, 13.21
11:45:48, 1022.00, 13.73, 8456, 11469, 15263, 18380, 21596, 24484, 25222, 33616, 36000, 36000, 17207.45, 13.27, 13.21
11:45:48, 1021.70, 13.74, 8569, 13276, 16972, 20718, 25029, 26585, 30047, 36000, 36000, 36000, 17207.45, 13.27, 13.15
11:45:48, 1026.30, 13.82, 9168, 14773, 19836, 23887, 27117, 29980, 34210, 36000, 36000, 14390, 17192.98, 13.28, 13.15
11:45:49, 1030.60, 13.79, 11237, 17398, 21899, 24019, 16547, 18789, 19862, 24842, 17111, 3602, 17236.42, 13.23, 12.94
11:45:49, 1030.30, 13.76, 15025, 18316, 21284, 23274, 27570, 31496, 30060, 34677, 20597, 4667, 17221.93, 13.25, 12.94
11:45:50, 1028.80, 13.72, 6200, 10411, 13231, 15493, 27976, 34030, 33233, 36000, 27540, 6167, 17250.93, 13.21, 12.64
11:45:50, 1029.50, 13.70, 12706, 17922, 22610, 25549, 24237, 28939, 29722, 33630, 20036, 4490, 17221.93, 13.25, 12.64
11:45:51, 1030.70, 13.68, 5792, 11759, 15276, 16207, 32861, 33134, 32668, 34546, 36000, 27358, 17236.42, 13.23, 12.64
11:45:51, 1031.20, 13.67, 8672, 17160, 19896, 21598, 30764, 27751, 31530, 34214, 36000, 36000, 17221.93, 13.25, 12.55
11:45:51, 1033.00, 13.64, 6605, 9819, 12165, 14177, 19542, 22939, 14925, 26405, 36000, 36000, 17221.93, 13.25, 12.55
11:45:52, 1033.90, 13.63, 6230, 4384, 11162, 6201, 14540, 12476, 13626, 13707, 36000, 33788, 17236.42, 13.23, 12.52
11:45:52, 1034.50, 13.61, 5209, 6465, 11088, 8707, 17968, 8409, 19732, 12782, 36000, 36000, 17221.93, 13.25, 12.52
11:45:53, 1033.70, 13.61, 5445, 8840, 15688, 14153, 15704, 8649, 20160, 14067, 36000, 29756, 17250.93, 13.21, 12.52
11:45:53, 1034.90, 13.61, 4007, 8044, 14484, 17080, 19913, 8535, 27251, 13055, 36000, 36000, 17250.93, 13.21, 12.52
11:45:54, 1032.90, 13.61, 3359, 5610, 10439, 10338, 16442, 7551, 19549, 10684, 36000, 36000, 17221.93, 13.25, 12.52
11:45:54, 1035.10, 13.59, 3085, 5268, 9616, 10099, 17368, 7336, 22613, 10452, 36000, 36000, 17236.42, 13.23, 12.52
11:45:54, 1034.50, 13.57, 3590, 5126, 10155, 8433, 16848, 6726, 20467, 9771, 36000, 36000, 17265.46, 13.20, 12.52
11:45:55, 1035.20, 13.53, 4205, 4853, 11619, 7640, 15752, 6964, 18867, 9968, 36000, 35940, 17265.46, 13.20, 12.52
11:45:55, 1036.80, 13.51, 4311, 5245, 11555, 8552, 18341, 8918, 25375, 16527, 36000, 36000, 17221.93, 13.25, 12.51
11:45:56, 1036.40, 13.50, 3962, 5454, 11743, 8957, 12011, 6338, 16179, 8412, 36000, 36000, 17236.42, 13.23, 12.51
11:45:56, 1036.80, 13.49, 5592, 7389, 13491, 11454, 20889, 8108, 24688, 12837, 36000, 35957, 17236.42, 13.23, 12.48
11:45:56, 1035.00, 13.48, 2900, 4346, 8088, 7430, 16165, 5329, 19124, 8075, 36000, 36000, 17236.42, 13.23, 12.48
11:45:57, 1035.10, 13.46, 4480, 5514, 11534, 9126, 11009, 6366, 15462, 8273, 36000, 28906, 17236.42, 13.23, 12.48
11:45:57, 1034.40, 13.45, 5203, 5972, 13099, 10101, 16851, 8280, 21798, 12139, 36000, 36000, 17236.42, 13.23, 12.48
11:45:58, 1034.60, 13.44, 3540, 4463, 9965, 7330, 18390, 9443, 23560, 14866, 36000, 36000, 17250.93, 13.21, 12.48
11:45:58, 1035.20, 13.43, 4978, 5435, 10851, 8319, 11852, 7408, 13955, 9843, 36000, 36000, 17221.93, 13.25, 12.48
11:45:59, 1035.30, 13.42, 6584, 8636, 13189, 13241, 19891, 13678, 23482, 21348, 36000, 33837, 17236.42, 13.23, 12.48
11:45:59, 1035.70, 13.42, 2825, 3346, 6823, 5374, 14970, 7055, 18740, 12312, 36000, 35597, 17221.93, 13.25, 12.48
11:45:59, 1035.70, 13.41, 4714, 3885, 10393, 5686, 14225, 8414, 17315, 11161, 36000, 36000, 17221.93, 13.25, 12.48
11:46:00, 1035.00, 13.41, 6677, 7386, 14988, 12261, 16269, 6371, 22158, 10826, 36000, 36000, 17221.93, 13.25, 12.48
11:46:00, 1035.20, 13.41, 3623, 4383, 9594, 7073, 16810, 7314, 19488, 11086, 36000, 36000, 17221.93, 13.25, 12.48
11:46:01, 1034.50, 13.40, 5269, 7455, 15006, 11888, 17025, 8412, 22950, 13075, 36000, 36000, 17207.45, 13.27, 12.48
11:46:01, 1036.20, 13.40, 3968, 5144, 10470, 8651, 21951, 11275, 29217, 22716, 36000, 36000, 17236.42, 13.23, 12.49
11:46:01, 1034.90, 13.39, 4072, 4941, 11152, 8235, 14765, 7857, 17525, 10690, 36000, 36000, 17236.42, 13.23, 12.49
11:46:02, 1035.70, 13.39, 6244, 8486, 14513, 13442, 15686, 8377, 19516, 12683, 36000, 31247, 17236.42, 13.23, 12.50
11:46:02, 1034.50, 13.39, 3133, 4888, 8343, 8686, 19702, 8322, 23571, 12936, 36000, 36000, 17221.93, 13.25, 12.50
11:46:03, 1034.90, 13.38, 2930, 4651, 8278, 8161, 17378, 7485, 24519, 10271, 36000, 36000, 17236.42, 13.23, 12.50
11:46:03, 1035.00, 13.38, 3940, 5400, 10827, 8736, 17443, 7090, 21702, 10408, 36000, 36000, 17250.93, 13.21, 12.49
11:46:04, 1034.00, 13.37, 4025, 5099, 10680, 8469, 18154, 8632, 23095, 13336, 36000, 36000, 17250.93, 13.21, 12.49
11:46:04, 1033.80, 13.37, 4389, 4711, 10889, 7397, 15870, 7518, 22077, 11197, 36000, 36000, 17221.93, 13.25, 12.49
11:46:04, 1033.70, 13.37, 5981, 5879, 13179, 8799, 20029, 8704, 20593, 14502, 36000, 36000, 17236.42, 13.23, 12.49
11:46:05, 1033.30, 13.37, 4531, 5060, 11645, 8200, 17083, 7877, 21859, 12043, 36000, 36000, 17236.42, 13.23, 12.49
11:46:05, 1034.10, 13.37, 6401, 6756, 12887, 10489, 15026, 7692, 19773, 11071, 36000, 36000, 17265.46, 13.20, 12.47
11:46:06, 1033.60, 13.37, 5797, 5824, 11468, 8361, 19055, 9911, 25031, 17121, 36000, 36000, 17250.93, 13.21, 12.47
11:46:06, 1034.00, 13.36, 3340, 4030, 8547, 6655, 18981, 9962, 24832, 14326, 36000, 36000, 17221.93, 13.25, 12.48
11:46:07, 1033.90, 13.36, 5628, 5699, 13065, 8742, 15699, 7332, 19853, 10514, 36000, 36000, 17192.98, 13.28, 12.48
11:46:07, 1033.20, 13.36, 4652, 6550, 12842, 10769, 16611, 8524, 20329, 13590, 36000, 36000, 17236.42, 13.23, 12.48
11:46:07, 1034.00, 13.36, 3192, 5052, 9676, 8803, 17370, 7406, 25079, 10959, 36000, 35983, 17221.93, 13.25, 12.48
11:46:08, 1033.80, 13.35, 3594, 4628, 9837, 7483, 16771, 6895, 22444, 9641, 36000, 36000, 17265.46, 13.20, 12.48
11:46:08, 1033.70, 13.35, 3857, 6562, 12557, 11397, 16725, 6651, 20086, 9847, 36000, 36000, 17221.93, 13.25, 12.46
11:46:09, 1034.10, 13.35, 2956, 5090, 9029, 10087, 19571, 7701, 26409, 11580, 36000, 36000, 17236.42, 13.23, 12.46
11:46:09, 1033.70, 13.34, 4017, 6471, 10427, 12012, 19361, 8388, 27529, 12431, 36000, 36000, 17236.42, 13.23, 12.48
11:46:09, 1033.70, 13.34, 3693, 4780, 9880, 7919, 15231, 6698, 21338, 9353, 36000, 36000, 17236.42, 13.23, 12.48
11:46:10, 1033.70, 13.34, 4644, 5093, 11719, 8107, 18313, 8368, 24742, 14519, 36000, 36000, 17236.42, 13.23, 12.48
11:46:10, 1034.10, 13.33, 6146, 6262, 12949, 8581, 11966, 5744, 14393, 8390, 36000, 36000, 17236.42, 13.23, 12.47
11:46:11, 1033.90, 13.33, 6329, 7479, 12809, 10515, 18260, 9503, 21165, 16250, 36000, 35609, 17207.45, 13.27, 12.47
11:46:11, 1033.80, 13.33, 5291, 5037, 11812, 7279, 13117, 4752, 13944, 8022, 36000, 36000, 17221.93, 13.25, 12.46
11:46:12, 1032.40, 13.33, 6221, 5395, 13355, 7525, 18999, 8238, 24375, 13701, 36000, 36000, 17236.42, 13.23, 12.46
11:46:12, 1033.40, 13.33, 4550, 5571, 12484, 9244, 19129, 8886, 22157, 12623, 36000, 36000, 17236.42, 13.23, 12.46
11:46:12, 1032.40, 13.32, 3120, 4784, 9550, 7798, 18888, 8265, 23428, 14081, 36000, 36000, 17221.93, 13.25, 12.41
11:46:13, 1033.00, 13.32, 2606, 4467, 8123, 9319, 16818, 7133, 25384, 10259, 36000, 36000, 17207.45, 13.27, 12.41
11:46:13, 1035.00, 13.31, 2545, 4358, 7774, 9081, 14002, 6789, 22939, 9194, 36000, 36000, 17236.42, 13.23, 12.44
11:46:14, 1034.70, 13.30, 3125, 5561, 10468, 11111, 18240, 7453, 23213, 10939, 36000, 36000, 17207.45, 13.27, 12.44
11:46:14, 1036.60, 13.30, 2659, 3901, 7445, 6514, 19262, 7495, 26506, 11706, 36000, 36000, 17178.53, 13.30, 12.42
11:46:14, 1034.80, 13.29, 4560, 5338, 11167, 8701, 14710, 6476, 17773, 9354, 36000, 36000, 17207.45, 13.27, 12.42
11:46:15, 1038.90, 13.28, 5503, 6735, 11449, 10242, 17475, 8920, 22040, 14132, 36000, 35170, 17192.98, 13.28, 12.42
11:46:15, 1043.30, 13.29, 2547, 3775, 7080, 6349, 17566, 9524, 21576, 17075, 36000, 28987, 17178.53, 13.30, 12.43
11:46:16, 1048.90, 13.28, 2570, 3509, 6268, 5982, 7462, 5867, 9690, 7232, 35790, 14118, 17207.45, 13.27, 12.43
11:46:16, 1055.20, 13.28, 5492, 8123, 14177, 13296, 16567, 8835, 20259, 14968, 36000, 21006, 17192.98, 13.28, 12.45
11:46:17, 1062.30, 13.27, 1881, 2882, 4967, 5027, 24962, 10053, 26642, 14107, 36000, 26256, 17236.42, 13.23, 12.45
11:46:17, 1069.70, 13.27, 3874, 4670, 10824, 8172, 11758, 5620, 14305, 7807, 36000, 14946, 17236.42, 13.23, 12.45
11:46:17, 1078.60, 13.27, 7094, 7917, 15571, 12091, 14128, 5872, 13958, 8293, 36000, 17501, 17207.45, 13.27, 12.45
11:46:18, 1086.10, 13.26, 5077, 5135, 12757, 7644, 10474, 4882, 10136, 6908, 36000, 8596, 17221.93, 13.25, 12.45
11:46:18, 1095.30, 13.26, 2462, 3225, 7479, 5766, 12335, 5055, 13952, 6659, 35820, 13064, 17207.45, 13.27, 12.43
11:46:19, 1100.60, 13.25, 1574, 2658, 5349, 5285, 8721, 4723, 9580, 5560, 36000, 5796, 17221.93, 13.25, 12.43
11:46:19, 1108.00, 13.23, 1682, 2859, 5172, 5488, 6451, 3775, 7907, 4235, 36000, 5459, 17265.46, 13.20, 12.43
11:46:20, 1115.40, 13.19, 2469, 3383, 7670, 6225, 15969, 5789, 16977, 7516, 36000, 13668, 17236.42, 13.23, 12.06
11:46:20, 1125.10, 13.14, 3825, 4666, 12017, 9203, 9177, 4920, 10895, 6456, 36000, 6146, 17265.46, 13.20, 12.06
11:46:20, 1131.30, 13.10, 1506, 2066, 4183, 3717, 19613, 6742, 20782, 9305, 36000, 16890, 17221.93, 13.25, 11.82
11:46:21, 1137.90, 13.06, 1978, 2625, 5789, 4886, 10447, 5602, 10432, 6261, 36000, 9661, 17207.45, 13.27, 11.82
11:46:21, 1147.70, 13.02, 1552, 2245, 4698, 4380, 12431, 4813, 13933, 6036, 36000, 7720, 17236.42, 13.23, 11.77
11:46:22, 1155.60, 12.99, 1391, 2485, 4850, 5130, 12327, 4522, 15169, 4944, 36000, 9914, 17236.42, 13.23, 11.77
11:46:22, 1163.60, 12.97, 1045, 1903, 3403, 3990, 8590, 4028, 9668, 4192, 36000, 4975, 17207.45, 13.27, 11.77
11:46:22, 1166.90, 12.95, 1588, 2464, 5591, 5001, 10290, 4165, 10964, 4875, 35365, 6327, 17178.53, 13.30, 11.66
11:46:23, 1176.10, 12.92, 1647, 2414, 4998, 4684, 11328, 5292, 12579, 6316, 36000, 7245, 17207.45, 13.27, 11.66
11:46:23, 1185.60, 12.89, 1702, 2208, 4941, 4177, 8763, 3941, 8699, 4081, 36000, 6306, 17236.42, 13.23, 11.61
11:46:24, 1194.70, 12.88, 1435, 2557, 5459, 5556, 8139, 3549, 8686, 3635, 36000, 4361, 17221.93, 13.25, 11.61
11:46:24, 1201.60, 12.86, 973, 1949, 3479, 4730, 5919, 3536, 6685, 3105, 33786, 3050, 17265.46, 13.20, 11.61
11:46:25, 1208.10, 12.83, 975, 2373, 4095, 6784, 5926, 3131, 6075, 2671, 27187, 2445, 17236.42, 13.23, 11.58
11:46:25, 1216.70, 12.82, 983, 2031, 3450, 4952, 6272, 3644, 6826, 3055, 32897, 2870, 17236.42, 13.23, 11.58
11:46:25, 1224.10, 12.81, 1137, 2793, 5412, 8364, 7384, 3711, 7714, 3183, 34795, 3310, 17207.45, 13.27, 11.59
11:46:26, 1233.40, 12.76, 881, 1731, 3229, 4161, 6588, 3375, 6922, 2847, 34831, 3422, 17236.42, 13.23, 11.59
11:46:27, 1244.60, 12.74, 1166, 1960, 4111, 4287, 6685, 3758, 5733, 3091, 35519, 3407, 17221.93, 13.25, 11.57
11:46:27, 1255.70, 12.72, 1257, 1978, 4328, 4304, 7882, 3923, 6736, 3255, 35925, 4655, 17221.93, 13.25, 11.57
11:46:28, 1267.70, 12.70, 1083, 1932, 4251, 4592, 6858, 3613, 6108, 2852, 35721, 3324, 17221.93, 13.25, 11.53
11:46:29, 1277.20, 12.68, 1080, 2275, 4805, 5887, 8985, 4084, 8697, 3334, 36000, 4225, 17236.42, 13.23, 11.52
11:46:29, 1288.80, 12.67, 877, 1902, 3816, 5081, 5580, 3012, 5094, 2225, 28537, 2456, 17236.42, 13.23, 11.52
11:46:30, 1295.80, 12.66, 886, 1737, 3470, 4219, 6291, 3368, 5073, 2439, 32267, 2799, 17207.45, 13.27, 11.52
11:46:30, 1303.20, 12.66, 1049, 1745, 3844, 4118, 6759, 3894, 5116, 2873, 36000, 3007, 17236.42, 13.23, 11.52
11:46:30, 1315.10, 12.65, 1531, 2174, 5450, 4931, 8454, 5409, 5727, 3837, 36000, 3684, 17207.45, 13.27, 11.48
11:46:31, 1324.20, 12.64, 1072, 1699, 3591, 3850, 6274, 3980, 4212, 2781, 32738, 2607, 17250.93, 13.21, 11.48
11:46:31, 1329.60, 12.63, 1146, 1828, 4204, 4279, 5999, 3395, 4368, 2277, 33369, 2702, 17236.42, 13.23, 11.45
11:46:32, 1334.70, 12.62, 807, 1436, 3148, 3608, 6426, 3426, 4838, 2357, 32920, 2716, 17207.45, 13.27, 11.45
11:46:32, 1345.70, 12.61, 858, 1674, 3552, 4268, 5774, 3308, 4230, 2111, 27247, 2178, 17265.46, 13.20, 11.45
11:46:33, 1360.70, 12.59, 737, 1528, 3362, 4175, 4656, 2624, 3691, 1589, 22011, 1778, 17250.93, 13.21, 11.38
11:46:33, 1366.70, 12.58, 757, 1769, 3409, 5400, 5293, 3173, 4196, 1814, 22534, 1688, 17236.42, 13.23, 11.38
11:46:33, 1371.20, 12.56, 555, 1283, 2341, 3959, 4980, 3184, 4355, 1701, 21404, 1500, 17221.93, 13.25, 11.36
11:46:34, 1379.40, 12.55, 637, 1504, 2752, 4606, 4706, 3001, 3933, 1581, 20230, 1374, 17221.93, 13.25, 11.36
11:46:34, 1391.70, 12.54, 611, 1470, 2747, 4695, 8329, 4229, 7515, 2360, 34030, 3011, 17236.42, 13.23, 11.36
11:46:35, 1398.40, 12.53, 568, 1324, 2549, 4122, 4382, 2638, 3400, 1375, 18095, 1334, 17250.93, 13.21, 11.34
11:46:35, 1402.30, 12.52, 565, 1267, 2573, 3789, 7726, 3593, 6107, 2202, 33025, 2855, 17207.45, 13.27, 11.34
11:46:36, 1410.00, 12.51, 665, 1481, 3119, 4361, 4799, 2837, 3167, 1509, 20084, 1493, 17236.42, 13.23, 11.34
11:46:36, 1418.10, 12.51, 649, 1342, 2864, 3754, 6494, 3330, 4236, 1900, 30638, 2455, 17265.46, 13.20, 11.34
11:46:36, 1425.20, 12.50, 795, 1502, 3520, 4195, 5255, 2950, 3247, 1576, 23542, 1806, 17236.42, 13.23, 11.34
11:46:37, 1426.70, 12.49, 636, 1254, 2724, 3483, 6759, 3433, 4325, 1980, 33368, 2731, 17221.93, 13.25, 11.32
11:46:37, 1433.50, 12.48, 900, 1544, 3541, 4129, 5833, 3990, 3166, 2013, 27064, 1959, 17250.93, 13.21, 11.32
11:46:38, 1441.10, 12.48, 824, 1495, 3263, 4072, 5098, 3555, 2650, 1689, 22620, 1609, 17207.45, 13.27, 11.30
11:46:38, 1448.10, 12.47, 1035, 1579, 3935, 4243, 7563, 5240, 4122, 2701, 35462, 2604, 17250.93, 13.21, 11.30
11:46:38, 1456.90, 12.46, 837, 1369, 3331, 3776, 6318, 3893, 3363, 1942, 29329, 2164, 17250.93, 13.21, 11.28
11:46:39, 1462.80, 12.45, 832, 1376, 3383, 3835, 7285, 4170, 3858, 2134, 34731, 2974, 17236.42, 13.23, 11.28
11:46:39, 1471.00, 12.44, 801, 1366, 3305, 3822, 4577, 3080, 2326, 1394, 19324, 1360, 17236.42, 13.23, 11.28
11:46:40, 1477.60, 12.43, 974, 1536, 3971, 4271, 6221, 4019, 3220, 1897, 28765, 2096, 17221.93, 13.25, 11.25
11:46:40, 1487.80, 12.42, 637, 1182, 2718, 3425, 6522, 3692, 3424, 1859, 29981, 2243, 17265.46, 13.20, 11.25
11:46:41, 1495.10, 12.40, 688, 1254, 3030, 3655, 4902, 2657, 2717, 1234, 22531, 1777, 17250.93, 13.21, 11.25
11:46:41, 1501.00, 12.40, 563, 1145, 2722, 3487, 4757, 2708, 2596, 1238, 19681, 1444, 17265.46, 13.20, 11.25
11:46:41, 1507.00, 12.39, 597, 1192, 3028, 3727, 5368, 2709, 3010, 1253, 23490, 1902, 17250.93, 13.21, 11.25
11:46:42, 1516.50, 12.39, 516, 1059, 2386, 3217, 5075, 2902, 2589, 1292, 21851, 1598, 17265.46, 13.20, 11.23
11:46:42, 1526.10, 12.38, 751, 1334, 3418, 4035, 4799, 2773, 2380, 1203, 20530, 1482, 17236.42, 13.23, 11.23
11:46:43, 1531.80, 12.37, 460, 936, 2179, 2909, 5389, 2630, 2900, 1159, 25333, 2085, 17250.93, 13.21, 11.25
11:46:43, 1537.60, 12.37, 558, 1147, 2755, 3692, 4269, 2427, 2164, 997, 16860, 1236, 17236.42, 13.23, 11.25
11:46:43, 1544.50, 12.37, 437, 979, 2331, 3247, 4651, 2431, 2498, 1011, 18067, 1356, 17265.46, 13.20, 11.23
11:46:44, 1554.20, 12.36, 481, 1107, 2644, 3888, 5353, 2469, 3331, 1025, 22166, 1904, 17265.46, 13.20, 11.23
11:46:44, 1560.10, 12.35, 368, 853, 1954, 2917, 3682, 2076, 1966, 793, 13728, 1000, 17236.42, 13.23, 11.23
11:46:45, 1565.60, 12.35, 398, 961, 2243, 3537, 5490, 2563, 3266, 1028, 21099, 1717, 17236.42, 13.23, 11.24
11:46:45, 1568.00, 12.35, 361, 829, 1894, 2799, 3742, 2081, 1910, 785, 14136, 1046, 17294.56, 13.16, 11.24
11:46:46, 1575.70, 12.35, 479, 1057, 2571, 3577, 4567, 2540, 2197, 985, 17465, 1264, 17280.00, 13.18, 11.22
11:46:46, 1586.50, 12.35, 409, 875, 2161, 2937, 4466, 2187, 2209, 850, 17658, 1380, 17250.93, 13.21, 11.22
11:46:46, 1595.20, 12.34, 386, 877, 2123, 3072, 4262, 2278, 2143, 840, 15947, 1200, 17265.46, 13.20, 11.22
11:46:47, 1597.30, 12.33, 406, 977, 2368, 3577, 5006, 2427, 2608, 930, 18702, 1418, 17265.46, 13.20, 11.20
11:46:47, 1604.70, 12.32, 329, 755, 1789, 2660, 3998, 2107, 1990, 759, 14737, 1118, 17265.46, 13.20, 11.20
11:46:48, 1615.50, 12.32, 406, 940, 2292, 3380, 4722, 2218, 2483, 819, 18255, 1481, 17250.93, 13.21, 11.18
11:46:48, 1624.60, 12.30, 297, 688, 1635, 2478, 3289, 1856, 1500, 614, 11268, 787, 17221.93, 13.25, 11.18
11:46:49, 1627.40, 12.30, 297, 722, 1697, 2721, 3930, 1980, 2033, 665, 13883, 1041, 17250.93, 13.21, 11.18
11:46:49, 1634.50, 12.29, 321, 779, 1841, 2928, 3535, 1988, 1607, 644, 11741, 808, 17236.42, 13.23, 11.16
11:46:49, 1644.20, 12.29, 305, 735, 1781, 2816, 4033, 2012, 2022, 678, 14545, 1112, 17294.56, 13.16, 11.16
11:46:50, 1654.70, 12.28, 289, 687, 1651, 2606, 3494, 1800, 1706, 565, 12025, 881, 17250.93, 13.21, 11.15
11:46:50, 1658.80, 12.27, 300, 754, 1817, 3017, 3703, 1968, 1748, 620, 12327, 882, 17280.00, 13.18, 11.15
11:46:51, 1665.30, 12.26, 289, 703, 1698, 2735, 3749, 1974, 1718, 612, 12433, 888, 17294.56, 13.16, 11.15
11:46:51, 1670.50, 12.26, 297, 715, 1782, 2777, 3518, 1871, 1504, 589, 12025, 858, 17265.46, 13.20, 11.15
11:46:51, 1677.90, 12.26, 305, 701, 1763, 2645, 3663, 1854, 1543, 582, 13010, 964, 17280.00, 13.18, 11.15
11:46:52, 1684.80, 12.26, 305, 700, 1797, 2677, 3625, 1843, 1504, 573, 12704, 947, 17280.00, 13.18, 11.13
11:46:52, 1691.20, 12.25, 298, 674, 1741, 2570, 3553, 1823, 1430, 558, 12479, 913, 17280.00, 13.18, 11.13
11:46:53, 1697.10, 12.25, 330, 714, 1879, 2709, 3776, 2048, 1414, 625, 13512, 935, 17265.46, 13.20, 11.15
11:46:53, 1706.90, 12.24, 344, 724, 1898, 2722, 3790, 2057, 1338, 607, 13594, 968, 17309.13, 13.14, 11.15
11:46:54, 1714.80, 12.24, 358, 716, 1944, 2700, 3842, 2097, 1353, 624, 14076, 1002, 17294.56, 13.16, 11.15
11:46:54, 1719.70, 12.23, 299, 637, 1688, 2453, 3356, 1760, 1223, 506, 11800, 850, 17265.46, 13.20, 11.14
11:46:54, 1726.00, 12.23, 293, 652, 1738, 2564, 3509, 1781, 1326, 517, 12126, 878, 17280.00, 13.18, 11.14
11:46:55, 1734.50, 12.23, 265, 614, 1612, 2457, 3312, 1686, 1252, 476, 11083, 802, 17294.56, 13.16, 11.14
11:46:55, 1742.90, 12.22, 276, 625, 1687, 2527, 3365, 1667, 1257, 466, 11467, 849, 17294.56, 13.16, 11.14
11:46:56, 1750.20, 12.21, 272, 606, 1616, 2434, 3339, 1795, 1134, 491, 11208, 767, 17250.93, 13.21, 11.14
11:46:56, 1757.60, 12.21, 306, 643, 1765, 2565, 3624, 1907, 1196, 519, 12593, 884, 17265.46, 13.20, 11.14
11:46:56, 1767.50, 12.20, 303, 640, 1743, 2572, 3332, 1825, 1062, 478, 11226, 772, 17309.13, 13.14, 11.14
11:46:57, 1774.50, 12.20, 272, 568, 1596, 2311, 3297, 1650, 1116, 443, 11567, 836, 17294.56, 13.16, 11.13
11:46:57, 1779.00, 12.19, 227, 520, 1412, 2177, 2944, 1478, 1053, 382, 9597, 697, 17309.13, 13.14, 11.13
11:46:58, 1788.50, 12.19, 225, 545, 1457, 2358, 3080, 1557, 1083, 399, 9540, 660, 17309.13, 13.14, 11.13
11:46:58, 1799.20, 12.18, 201, 489, 1296, 2138, 2774, 1418, 1006, 346, 8482, 583, 17294.56, 13.16, 11.13
11:46:59, 1804.70, 12.18, 206, 519, 1367, 2344, 2962, 1537, 1054, 370, 8563, 579, 17309.13, 13.14, 11.13
11:46:59, 1811.40, 12.18, 193, 479, 1263, 2185, 2858, 1460, 1063, 345, 8427, 571, 17294.56, 13.16, 11.13
11:46:59, 1821.90, 12.17, 197, 499, 1320, 2303, 2867, 1485, 1026, 345, 8228, 551, 17280.00, 13.18, 11.13
11:47:00, 1831.90, 12.17, 184, 463, 1229, 2181, 2572, 1348, 899, 304, 7267, 474, 17280.00, 13.18, 11.13
11:47:00, 1837.80, 12.16, 178, 446, 1186, 2095, 2653, 1382, 907, 309, 7396, 489, 17323.72, 13.13, 11.13
11:47:01, 1842.50, 12.16, 171, 421, 1137, 1943, 2500, 1291, 823, 292, 7222, 475, 17323.72, 13.13, 11.13
11:47:01, 1851.50, 12.16, 189, 465, 1289, 2174, 2814, 1361, 915, 314, 8363, 587, 17280.00, 13.18, 11.10
11:47:02, 1860.30, 12.15, 181, 431, 1211, 1988, 2699, 1333, 841, 304, 8080, 554, 17309.13, 13.14, 11.10
11:47:02, 1866.00, 12.15, 177, 433, 1219, 2052, 2754, 1309, 901, 299, 8236, 583, 17309.13, 13.14, 11.08
11:47:02, 1871.00, 12.14, 175, 429, 1199, 2037, 2576, 1282, 814, 282, 7400, 500, 17323.72, 13.13, 11.08
11:47:03, 1880.40, 12.14, 174, 432, 1202, 2080, 2778, 1363, 875, 299, 7881, 539, 17323.72, 13.13, 11.07
11:47:03, 1890.20, 12.13, 162, 396, 1120, 1906, 2434, 1203, 733, 258, 7051, 477, 17294.56, 13.16, 11.07
11:47:04, 1896.40, 12.12, 165, 396, 1136, 1899, 2587, 1227, 754, 268, 7714, 540, 17338.32, 13.11, 11.07
11:47:04, 1903.50, 12.12, 181, 412, 1205, 1950, 2635, 1301, 715, 278, 7953, 547, 17294.56, 13.16, 11.05
11:47:04, 1913.30, 12.12, 186, 410, 1221, 1951, 2686, 1332, 709, 286, 8188, 550, 17309.13, 13.14, 11.05
11:47:05, 1924.90, 12.11, 184, 408, 1214, 1949, 2579, 1261, 671, 264, 7936, 549, 17323.72, 13.13, 11.05
11:47:05, 1934.80, 12.10, 176, 390, 1172, 1890, 2531, 1248, 650, 258, 7493, 502, 17309.13, 13.14, 11.05
11:47:06, 1945.10, 12.09, 160, 368, 1098, 1813, 2503, 1191, 648, 243, 7352, 505, 17294.56, 13.16, 11.05
11:47:06, 1951.10, 12.09, 167, 374, 1130, 1846, 2442, 1215, 592, 242, 7167, 481, 17309.13, 13.14, 11.05
11:47:07, 1953.50, 12.08, 186, 397, 1211, 1957, 2695, 1428, 612, 277, 7951, 523, 17294.56, 13.16, 11.05
11:47:07, 1959.80, 12.05, 197, 413, 1255, 2043, 2625, 1434, 569, 271, 7498, 484, 17338.32, 13.11, 11.05
11:47:07, 1972.40, 12.05, 178, 367, 1139, 1825, 2342, 1183, 532, 229, 6935, 468, 17338.32, 13.11, 11.05
11:47:08, 1978.70, 12.05, 153, 335, 1036, 1692, 2280, 1097, 546, 213, 6635, 450, 17323.72, 13.13, 11.04
11:47:08, 1984.60, 12.04, 142, 323, 997, 1661, 2304, 1083, 567, 211, 6569, 446, 17338.32, 13.11, 11.04
11:47:09, 1995.20, 12.04, 144, 335, 1033, 1748, 2312, 1076, 575, 207, 6497, 441, 17352.94, 13.09, 11.04
11:47:09, 2003.50, 12.03, 132, 310, 954, 1639, 2144, 996, 527, 189, 5979, 407, 17309.13, 13.14, 11.02
11:47:01, 2008.80, 12.03, 135, 310, 968, 1636, 2189, 1027, 514, 193, 6195, 418, 17352.94, 13.09, 11.02
11:47:10, 2017.60, 12.02, 140, 313, 980, 1644, 2299, 1100, 509, 204, 6536, 433, 17352.94, 13.09, 11.03
11:47:10, 2026.50, 12.02, 146, 315, 1002, 1662, 2177, 1045, 470, 191, 6182, 413, 17338.32, 13.11, 11.03
11:47:11, 2031.10, 12.01, 137, 301, 953, 1602, 2132, 1014, 464, 185, 6005, 400, 17382.23, 13.06, 11.03
11:47:11, 2039.80, 12.01, 135, 297, 951, 1594, 2145, 993, 479, 181, 5994, 404, 17338.32, 13.11, 11.02
11:47:12, 2049.90, 12.01, 117, 274, 865, 1511, 1943, 897, 448, 160, 5177, 346, 17352.94, 13.09, 11.02
11:47:12, 2054.70, 12.00, 112, 268, 849, 1517, 1986, 898, 480, 159, 5232, 353, 17309.13, 13.14, 11.02
11:47:12, 2062.90, 12.00, 109, 263, 823, 1485, 1973, 920, 456, 159, 4994, 325, 17367.58, 13.07, 11.02
11:47:13, 2072.60, 12.00, 107, 259, 818, 1492, 1891, 868, 442, 149, 4795, 314, 17338.32, 13.11, 11.02
11:47:13, 2076.90, 11.99, 101, 245, 772, 1421, 1811, 853, 422, 143, 4473, 286, 17367.58, 13.07, 11.02
11:47:14, 2084.90, 11.99, 101, 247, 776, 1457, 1872, 890, 433, 147, 4477, 282, 17338.32, 13.11, 11.02
11:47:14, 2095.10, 11.99, 99, 240, 756, 1425, 1748, 829, 403, 135, 4188, 263, 17352.94, 13.09, 11.04
11:47:15, 2105.30, 11.99, 98, 236, 753, 1408, 1794, 841, 399, 137, 4291, 271, 17352.94, 13.09, 11.04
11:47:15, 2113.30, 11.98, 95, 228, 734, 1376, 1756, 803, 394, 131, 4315, 279, 17367.58, 13.07, 11.04
11:47:15, 2121.30, 11.98, 97, 230, 751, 1379, 1799, 810, 381, 134, 4509, 294, 17323.72, 13.13, 11.04
11:47:16, 2132.20, 11.98, 99, 230, 765, 1379, 1785, 793, 364, 131, 4598, 305, 17367.58, 13.07, 11.04
11:47:16, 2139.50, 11.97, 92, 212, 707, 1274, 1700, 758, 344, 124, 4333, 286, 17352.94, 13.09, 11.02
11:47:17, 2147.90, 11.97, 88, 207, 687, 1259, 1622, 728, 329, 117, 3999, 259, 17382.23, 13.06, 11.02
11:47:17, 2159.20, 11.96, 87, 206, 683, 1279, 1620, 736, 331, 115, 3855, 243, 17396.89, 13.04, 11.02
11:47:17, 2166.10, 11.96, 85, 202, 670, 1269, 1612, 737, 325, 114, 3734, 234, 17396.89, 13.04, 11.02
11:47:18, 2174.20, 11.96, 83, 196, 653, 1237, 1595, 723, 321, 111, 3709, 233, 17396.89, 13.04, 11.02
11:47:18, 2182.60, 11.96, 83, 196, 660, 1250, 1591, 708, 312, 110, 3772, 241, 17367.58, 13.07, 11.01
11:47:19, 2192.30, 11.95, 82, 190, 647, 1211, 1574, 695, 302, 108, 3789, 243, 17396.89, 13.04, 11.01
11:47:19, 2203.00, 11.95, 79, 185, 634, 1189, 1549, 683, 293, 105, 3695, 237, 17382.23, 13.06, 11.01
11:47:20, 2207.70, 11.94, 78, 182, 624, 1182, 1507, 666, 289, 101, 3560, 226, 17367.58, 13.07, 11.01
11:47:20, 2216.20, 11.94, 77, 181, 619, 1186, 1527, 683, 287, 102, 3481, 218, 17382.23, 13.06, 11.01
11:47:20, 2223.60, 11.94, 73, 170, 584, 1121, 1442, 638, 272, 95, 3347, 211, 17367.58, 13.07, 11.01
11:47:21, 2228.80, 11.94, 76, 177, 616, 1174, 1467, 641, 270, 96, 3449, 220, 17352.94, 13.09, 11.01
11:47:21, 2237.90, 11.94, 74, 168, 589, 1109, 1511, 653, 266, 99, 3622, 233, 17396.89, 13.04, 11.00
11:47:22, 2245.00, 11.93, 73, 165, 584, 1096, 1425, 612, 251, 92, 3445, 224, 17426.28, 13.00, 11.00
11:47:22, 2249.00, 11.93, 75, 169, 602, 1127, 1463, 627, 252, 94, 3536, 229, 17382.23, 13.06, 11.01
11:47:23, 2258.20, 11.93, 76, 168, 604, 1123, 1517, 652, 250, 97, 3671, 235, 17396.89, 13.04, 11.01
11:47:23, 2266.80, 11.93, 73, 161, 581, 1082, 1417, 604, 235, 90, 3429, 222, 17382.23, 13.06, 11.01
11:47:23, 2274.00, 11.92, 72, 158, 571, 1071, 1406, 597, 234, 88, 3369, 218, 17396.89, 13.04, 11.00
11:47:24, 2284.30, 11.92, 70, 154, 559, 1057, 1382, 586, 228, 86, 3266, 210, 17426.28, 13.00, 11.00
11:47:24, 2290.00, 11.92, 68, 150, 546, 1035, 1371, 582, 222, 85, 3246, 208, 17411.58, 13.02, 11.01
11:47:25, 2297.40, 11.92, 68, 148, 543, 1022, 1363, 579, 213, 84, 3259, 209, 17411.58, 13.02, 11.01
11:47:25, 2306.80, 11.91, 70, 150, 555, 1042, 1350, 573, 207, 83, 3221, 206, 17382.23, 13.06, 11.01
11:47:25, 2315.00, 11.91, 65, 140, 517, 979, 1296, 545, 202, 78, 3054, 196, 17382.23, 13.06, 11.00
11:47:26, 2324.50, 11.91, 63, 137, 508, 974, 1262, 528, 201, 75, 2913, 186, 17426.28, 13.00, 11.00
11:47:26, 2332.00, 11.90, 60, 133, 491, 957, 1254, 527, 200, 74, 2822, 178, 17411.58, 13.02, 11.00
11:47:27, 2340.20, 11.90, 59, 132, 490, 962, 1253, 527, 198, 74, 2776, 174, 17426.28, 13.00, 11.00
11:47:27, 2348.70, 11.90, 58, 129, 480, 943, 1219, 510, 190, 71, 2723, 171, 17426.28, 13.00, 11.00
11:47:28, 2356.10, 11.89, 58, 126, 475, 926, 1229, 509, 185, 71, 2795, 177, 17426.28, 13.00, 11.00
11:47:28, 2360.50, 11.89, 60, 127, 484, 930, 1238, 516, 176, 72, 2890, 183, 17426.28, 13.00, 11.00
11:47:28, 2366.40, 11.89, 64, 132, 503, 958, 1271, 544, 171, 75, 2960, 185, 17411.58, 13.02, 11.00
11:47:29, 2374.10, 11.89, 65, 130, 502, 956, 1250, 535, 165, 74, 2914, 183, 17440.99, 12.99, 11.00
11:47:29, 2377.00, 11.89, 62, 126, 486, 928, 1227, 519, 164, 72, 2850, 179, 17455.72, 12.97, 11.00
11:47:30, 2370.10, 11.89, 63, 127, 491, 938, 1255, 534, 167, 74, 2924, 184, 17440.99, 12.99, 11.00
11:47:30, 2366.30, 11.90, 63, 127, 490, 929, 1229, 517, 169, 72, 2898, 185, 17455.72, 12.97, 11.00
11:47:30, 2358.30, 11.90, 63, 131, 500, 954, 1267, 531, 178, 74, 2968, 188, 17440.99, 12.99, 11.00
11:47:31, 2350.20, 11.90, 62, 130, 494, 941, 1250, 520, 182, 73, 2928, 187, 17455.72, 12.97, 11.00
11:47:31, 2342.50, 11.90, 60, 129, 488, 938, 1231, 512, 186, 72, 2831, 180, 17455.72, 12.97, 10.99
11:47:32, 2332.90, 11.90, 60, 132, 491, 952, 1244, 520, 195, 74, 2832, 180, 17455.72, 12.97, 10.99
11:47:32, 2323.00, 11.90, 60, 132, 489, 945, 1249, 523, 197, 74, 2873, 183, 17455.72, 12.97, 11.01
11:47:33, 2311.80, 11.90, 63, 137, 508, 970, 1295, 543, 203, 78, 3057, 197, 17455.72, 12.97, 11.01
11:47:33, 2302.30, 11.90, 65, 142, 523, 989, 1317, 555, 206, 80, 3130, 201, 17440.99, 12.99, 11.01
11:47:33, 2291.20, 11.90, 70, 153, 563, 1061, 1404, 596, 221, 87, 3331, 213, 17440.99, 12.99, 11.00
11:47:34, 2281.00, 11.90, 68, 150, 545, 1029, 1381, 585, 225, 86, 3285, 211, 17455.72, 12.97, 11.00
11:47:34, 2269.80, 11.90, 70, 152, 553, 1031, 1340, 569, 221, 84, 3275, 216, 17470.46, 12.95, 11.01
11:47:35, 2261.10, 11.90, 70, 154, 556, 1036, 1379, 587, 231, 87, 3344, 218, 17455.72, 12.97, 11.01
11:47:35, 2249.80, 11.89, 72, 160, 571, 1070, 1442, 618, 247, 92, 3466, 224, 17485.22, 12.93, 11.01
11:47:36, 2241.40, 11.89, 73, 164, 583, 1098, 1411, 611, 251, 91, 3325, 213, 17470.46, 12.95, 10.99
11:47:36, 2230.30, 11.89, 73, 168, 589, 1123, 1460, 637, 267, 95, 3407, 217, 17411.58, 13.02, 10.99
11:47:36, 2222.20, 11.89, 71, 164, 571, 1081, 1412, 614, 258, 93, 3365, 217, 17470.46, 12.95, 11.01
11:47:37, 2209.40, 11.89, 76, 172, 602, 1117, 1479, 641, 269, 99, 3665, 241, 17500.00, 12.92, 11.01
11:47:37, 2198.90, 11.89, 79, 177, 617, 1130, 1527, 663, 277, 103, 3829, 252, 17485.22, 12.93, 11.01
11:47:38, 2188.10, 11.89, 86, 194, 671, 1227, 1630, 718, 303, 112, 3997, 259, 17470.46, 12.95, 11.00
11:47:38, 2179.50, 11.89, 82, 192, 651, 1222, 1576, 702, 308, 109, 3742, 239, 17485.22, 12.93, 11.00
11:47:38, 2166.30, 11.89, 86, 201, 681, 1260, 1616, 716, 310, 113, 4009, 261, 17514.79, 12.90, 11.00
11:47:39, 2156.40, 11.89, 87, 196, 666, 1203, 1643, 726, 313, 117, 4198, 278, 17470.46, 12.95, 11.00
11:47:39, 2145.60, 11.89, 94, 210, 712, 1268, 1676, 747, 323, 121, 4323, 286, 17470.46, 12.95, 11.00
11:47:40, 2137.50, 11.89, 99, 222, 748, 1332, 1793, 801, 346, 131, 4691, 310, 17455.72, 12.97, 11.00
11:47:40, 2126.40, 11.89, 106, 232, 784, 1371, 1840, 837, 351, 138, 4909, 323, 17500.00, 12.92, 11.00
11:47:41, 2117.70, 11.89, 107, 231, 776, 1345, 1806, 831, 344, 138, 4869, 324, 17500.00, 12.92, 11.00
11:47:41, 2106.10, 11.89, 113, 240, 807, 1380, 1838, 849, 354, 142, 5003, 335, 17500.00, 12.92, 11.00
11:47:41, 2096.70, 11.89, 108, 237, 782, 1353, 1841, 842, 371, 143, 4979, 333, 17485.22, 12.93, 11.01
11:47:42, 2089.20, 11.89, 109, 248, 813, 1422, 1915, 869, 403, 149, 5036, 334, 17514.79, 12.90, 11.01
11:47:42, 2079.20, 11.89, 106, 252, 809, 1454, 1950, 893, 431, 153, 4982, 325, 17500.00, 12.92, 11.01
11:47:43, 2069.90, 11.89, 110, 261, 835, 1498, 1911, 867, 436, 150, 4991, 334, 17514.79, 12.90, 11.01
11:47:43, 2058.60, 11.89, 109, 255, 814, 1433, 1903, 863, 428, 153, 5141, 349, 17485.22, 12.93, 11.01
11:47:44, 2048.80, 11.89, 110, 245, 789, 1344, 1870, 866, 405, 154, 5246, 360, 17485.22, 12.93, 11.00
11:47:44, 2036.70, 11.89, 131, 287, 923, 1551, 2105, 999, 449, 180, 5956, 399, 17544.42, 12.86, 11.00
11:47:44, 2026.30, 11.89, 138, 298, 953, 1588, 2170, 1041, 465, 189, 6152, 412, 17485.22, 12.93, 11.01
11:47:45, 2016.10, 11.89, 144, 309, 985, 1624, 2211, 1073, 476, 198, 6350, 427, 17514.79, 12.90, 11.01
11:47:45, 2005.70, 11.89, 146, 314, 993, 1633, 2176, 1050, 482, 195, 6300, 427, 17529.60, 12.88, 11.01
11:47:46, 1996.80, 11.89, 142, 305, 963, 1578, 2178, 1040, 499, 197, 6379, 435, 17514.79, 12.90, 11.02
11:47:46, 1983.60, 11.89, 144, 316, 982, 1612, 2148, 1035, 500, 198, 6304, 433, 17544.42, 12.86, 11.02
11:47:46, 1974.80, 11.89, 147, 322, 1003, 1634, 2315, 1083, 571, 213, 6866, 475, 17544.42, 12.86, 11.02
11:47:47, 1960.20, 11.89, 151, 347, 1053, 1753, 2447, 1202, 594, 237, 6983, 460, 17559.27, 12.85, 11.02
11:47:47, 1950.00, 11.88, 165, 360, 1106, 1780, 2315, 1109, 579, 223, 7085, 499, 17529.60, 12.88, 11.02
11:47:48, 1936.30, 11.88, 163, 357, 1077, 1739, 2231, 1099, 553, 223, 6792, 472, 17544.42, 12.86, 11.04
11:47:48, 1927.10, 11.88, 173, 366, 1117, 1754, 2627, 1314, 654, 272, 8028, 547, 17514.79, 12.90, 11.04
11:47:49, 1914.00, 11.88, 188, 400, 1198, 1899, 2609, 1356, 639, 279, 7946, 536, 17559.27, 12.85, 11.05
11:47:49, 1904.20, 11.88, 211, 429, 1305, 2000, 2637, 1324, 671, 282, 8410, 595, 17544.42, 12.86, 11.05
11:47:49, 1890.30, 11.88, 186, 403, 1189, 1871, 2552, 1270, 688, 275, 7993, 555, 17529.60, 12.88, 11.03
11:47:50, 1880.10, 11.88, 170, 380, 1109, 1761, 2494, 1208, 712, 268, 7812, 560, 17559.27, 12.85, 11.03
11:47:50, 1865.40, 11.89, 193, 430, 1252, 1965, 2591, 1295, 742, 290, 8040, 559, 17544.42, 12.86, 11.03
11:47:51, 1855.00, 11.89, 196, 453, 1287, 2060, 2830, 1366, 855, 316, 8914, 636, 17589.00, 12.81, 11.04
11:47:51, 1842.60, 11.89, 227, 482, 1411, 2127, 2896, 1527, 812, 352, 9311, 643, 17544.42, 12.86, 11.04
11:47:52, 1832.60, 11.89, 222, 473, 1340, 2050, 2738, 1414, 784, 332, 9046, 645, 17514.79, 12.90, 11.05
11:47:52, 1820.80, 11.89, 253, 501, 1501, 2145, 2887, 1506, 839, 361, 9673, 690, 17574.13, 12.83, 11.05
11:47:52, 1809.20, 11.89, 228, 486, 1365, 2056, 3046, 1577, 912, 387, 10355, 742, 17559.27, 12.85, 11.05
11:47:53, 1798.50, 11.90, 277, 554, 1575, 2317, 3214, 1880, 899, 446, 10525, 712, 17559.27, 12.85, 11.05
11:47:53, 1785.20, 11.90, 330, 627, 1787, 2595, 3569, 2233, 982, 533, 11998, 812, 17559.27, 12.85, 11.05
11:47:54, 1775.30, 11.90, 318, 609, 1720, 2469, 3387, 1923, 1012, 485, 11709, 817, 17589.00, 12.81, 11.07
11:47:54, 1762.90, 11.91, 271, 559, 1549, 2246, 3032, 1623, 972, 424, 10364, 735, 17574.13, 12.83, 11.07
11:47:55, 1752.60, 11.91, 274, 578, 1584, 2314, 3343, 1737, 1124, 476, 11800, 843, 17574.13, 12.83, 11.09
11:47:55, 1739.40, 11.91, 297, 602, 1676, 2363, 3419, 1813, 1136, 501, 12161, 878, 17574.13, 12.83, 11.09
11:47:55, 1728.30, 11.92, 345, 680, 1879, 2619, 3858, 2152, 1280, 604, 14439, 1051, 17559.27, 12.85, 11.09
11:47:56, 1717.80, 11.92, 348, 671, 1822, 2559, 3671, 2235, 1162, 608, 13004, 899, 17574.13, 12.83, 11.10
11:47:56, 1704.10, 11.92, 380, 698, 1918, 2608, 3439, 2123, 1101, 586, 12544, 893, 17589.00, 12.81, 11.10
11:47:57, 1692.30, 11.92, 372, 683, 1866, 2522, 3723, 2197, 1259, 633, 13943, 1003, 17589.00, 12.81, 11.12
11:47:57, 1676.80, 11.93, 395, 762, 2016, 2774, 3939, 2412, 1361, 712, 14443, 1008, 17559.27, 12.85, 11.12
11:47:57, 1665.40, 11.93, 436, 808, 2152, 2898, 4100, 2536, 1424, 766, 15613, 1121, 17574.13, 12.83, 11.12
11:47:58, 1651.00, 11.93, 454, 824, 2197, 2899, 3950, 2426, 1414, 752, 15308, 1109, 17603.89, 12.79, 11.13
11:47:58, 1639.00, 11.94, 398, 723, 1910, 2513, 3843, 2288, 1423, 732, 15670, 1182, 17544.42, 12.86, 11.13
11:47:59, 1626.90, 11.94, 545, 954, 2580, 3232, 4369, 2634, 1684, 876, 17088, 1224, 17603.89, 12.79, 11.14
11:47:59, 1616.60, 11.94, 508, 998, 2509, 3400, 4829, 2893, 1951, 1010, 18827, 1313, 17603.89, 12.79, 11.14
11:48:00, 1604.40, 11.95, 448, 852, 2187, 2853, 3936, 2354, 1595, 816, 15141, 1085, 17574.13, 12.83, 11.15
11:48:00, 1588.80, 11.95, 451, 875, 2212, 2884, 4197, 2296, 1820, 855, 17907, 1414, 17589.00, 12.81, 11.15
11:48:00, 1575.00, 11.96, 395, 772, 1941, 2529, 3569, 1973, 1622, 738, 14472, 1084, 17559.27, 12.85, 11.15
11:48:01, 1559.40, 11.96, 390, 797, 1952, 2608, 3750, 2047, 1824, 800, 15451, 1228, 17618.79, 12.78, 11.15
11:48:01, 1545.60, 11.96, 422, 865, 2106, 2797, 4279, 2238, 2148, 912, 18523, 1501, 17633.71, 12.76, 11.15
11:48:02, 1530.60, 11.96, 517, 989, 2429, 3067, 4153, 2415, 1996, 990, 17648, 1354, 17589.00, 12.81, 11.16
11:48:02, 1517.90, 11.97, 521, 979, 2442, 3020, 4882, 2492, 2519, 1099, 22858, 1874, 17618.79, 12.78, 11.16
11:48:03, 1499.40, 11.97, 576, 1057, 2588, 3155, 4348, 2615, 2149, 1149, 19156, 1456, 17574.13, 12.83, 11.16
11:48:03, 1484.20, 11.98, 619, 987, 2489, 2855, 4787, 3121, 2222, 1336, 23286, 1863, 17648.65, 12.74, 11.19
11:48:03, 1466.30, 11.98, 1057, 1596, 3930, 4625, 5738, 5033, 2508, 2135, 23004, 1688, 17589.00, 12.81, 11.19
11:48:04, 1451.10, 11.99, 851, 1449, 3239, 4177, 5115, 4053, 2341, 1777, 21543, 1593, 17618.79, 12.78, 11.24
11:48:04, 1431.30, 12.00, 1034, 1406, 3604, 3799, 5175, 3800, 2472, 1779, 27062, 2212, 17633.71, 12.76, 11.24
11:48:05, 1413.10, 12.00, 694, 1102, 2558, 2942, 4361, 2787, 2385, 1429, 23152, 1939, 17648.65, 12.74, 11.27
11:48:05, 1397.60, 12.01, 1122, 1600, 3949, 4101, 8065, 6287, 4274, 3315, 36000, 3128, 17618.79, 12.78, 11.27
11:48:05, 1381.10, 12.01, 1201, 1931, 4199, 5093, 6262, 5718, 3128, 2919, 25203, 1843, 17618.79, 12.78, 11.27
11:48:06, 1365.50, 12.02, 1522, 2271, 4759, 6452, 7823, 8871, 4726, 4547, 32578, 2239, 17618.79, 12.78, 11.32
11:48:06, 1351.50, 12.04, 1693, 2910, 5688, 7944, 9486, 8538, 5664, 5109, 31775, 2206, 17618.79, 12.78, 11.32
11:48:07, 1334.10, 12.05, 1713, 2811, 5432, 7465, 7500, 7023, 4671, 4127, 26103, 1738, 17633.71, 12.76, 11.46
11:48:07, 1319.90, 12.10, 2298, 3787, 7229, 9880, 8536, 8767, 5161, 5394, 32612, 2453, 17633.71, 12.76, 11.46
11:48:08, 1304.80, 12.12, 1676, 2897, 5351, 7324, 9812, 10193, 6827, 6496, 34789, 2444, 17648.65, 12.74, 11.46
11:48:08, 1292.30, 12.13, 2102, 3904, 6781, 9511, 12151, 10664, 8727, 7775, 34354, 2229, 17678.57, 12.71, 11.54
11:48:08, 1273.40, 12.15, 2016, 3824, 6671, 8854, 9576, 8411, 7013, 6239, 24717, 1377, 17559.27, 12.85, 11.54
11:48:09, 1256.40, 12.17, 2281, 4151, 6995, 9562, 15377, 12955, 11361, 10975, 35576, 2311, 17633.71, 12.76, 11.64
11:48:09, 1234.70, 12.20, 3042, 6046, 9728, 12659, 10556, 8661, 7884, 7138, 27301, 1728, 17648.65, 12.74, 11.64
11:48:10, 1220.30, 12.21, 2926, 6077, 10160, 12284, 25565, 21260, 19431, 21691, 36000, 3170, 17648.65, 12.74, 11.71
11:48:10, 1203.00, 12.24, 2165, 3660, 6068, 8225, 7844, 7646, 7072, 6848, 22038, 1101, 17633.71, 12.76, 11.71
11:48:11, 1187.90, 12.26, 3130, 6102, 9981, 12574, 25713, 21772, 20502, 25053, 35695, 2366, 17648.65, 12.74, 11.71
11:48:11, 1168.50, 12.29, 6149, 12807, 21528, 24273, 11296, 9792, 9432, 10092, 23975, 1275, 17678.57, 12.71, 11.88
11:48:11, 1153.50, 12.31, 3157, 6673, 11279, 11769, 27065, 23724, 23805, 28508, 35694, 2980, 17633.71, 12.76, 11.88
11:48:12, 1137.40, 12.34, 2779, 5459, 8194, 9754, 13243, 11590, 11699, 14057, 28318, 1798, 17648.65, 12.74, 11.94
11:48:12, 1128.00, 12.36, 5116, 10877, 17799, 18546, 17536, 15586, 14417, 18439, 28349, 1816, 17678.57, 12.71, 11.94
11:48:13, 1108.20, 12.37, 4547, 9216, 14485, 15365, 25277, 23702, 22369, 27272, 35855, 2372, 17693.55, 12.69, 11.94
11:48:13, 1090.90, 12.40, 8838, 13796, 22242, 27783, 26301, 27756, 24840, 28300, 24738, 1400, 17663.60, 12.72, 11.97
11:48:13, 1076.50, 12.39, 9244, 14170, 17942, 20284, 17511, 18620, 18820, 21563, 32415, 2187, 17678.57, 12.71, 11.97
11:48:14, 1061.00, 12.43, 5729, 10336, 15178, 16284, 16535, 19137, 18799, 25711, 21527, 1505, 17693.55, 12.69, 12.01
11:48:14, 1046.00, 12.44, 11768, 17402, 25171, 27985, 33678, 34096, 34514, 34721, 35736, 10552, 17678.57, 12.71, 12.01
11:48:15, 1032.90, 12.46, 5703, 10006, 12956, 14398, 21182, 25951, 24754, 31645, 28163, 4486, 17678.57, 12.71, 12.10
11:48:15, 1021.70, 12.45, 10427, 16048, 23755, 20511, 33267, 32269, 34093, 36000, 36000, 19576, 17663.60, 12.72, 12.10
11:48:16, 1021.00, 12.43, 13707, 20716, 31848, 32458, 35653, 36000, 35732, 36000, 36000, 32761, 17663.60, 12.72, 12.10
11:48:16, 1021.10, 12.45, 13303, 19317, 31832, 28507, 36000, 36000, 36000, 36000, 36000, 18704, 17648.65, 12.74, 12.16
11:48:16, 1021.30, 12.48, 13214, 20333, 28524, 27638, 35847, 36000, 36000, 36000, 36000, 19091, 17678.57, 12.71, 12.16
11:48:17, 1021.00, 12.48, 12931, 19286, 27370, 24579, 29209, 35963, 34911, 36000, 25828, 7725, 17663.60, 12.72, 12.16
11:48:17, 1021.00, 12.51, 13075, 20382, 29232, 29852, 26152, 36000, 36000, 36000, 28610, 7908, 17678.57, 12.71, 12.16
11:48:18, 1020.90, 12.53, 13461, 20432, 27934, 31777, 31538, 36000, 36000, 36000, 33851, 10273, 17663.60, 12.72, 12.16
11:48:18, 1021.10, 12.52, 14060, 20920, 28595, 32609, 36000, 36000, 36000, 36000, 36000, 15367, 17693.55, 12.69, 12.14
11:48:19, 1021.00, 12.57, 14978, 19593, 31961, 36000, 36000, 36000, 36000, 36000, 28232, 10507, 17693.55, 12.69, 12.14
11:48:19, 1021.60, 12.59, 9529, 14878, 18231, 24379, 15438, 11315, 24760, 14399, 15458, 6148, 17693.55, 12.69, 12.12
11:48:19, 1021.80, 12.63, 1260, 1751, 2225, 2432, 13234, 13191, 15258, 19502, 12234, 5263, 17678.57, 12.71, 12.12
11:48:20, 1022.10, 12.65, 8396, 9527, 14414, 13639, 18151, 20974, 18666, 29544, 19870, 7337, 17618.79, 12.78, 12.07
11:48:20, 1022.20, 12.65, 7394, 9594, 11940, 16873, 11580, 17382, 19131, 18508, 36000, 19832, 17648.65, 12.74, 12.07
11:48:21, 1021.60, 12.65, 2158, 3286, 3746, 6963, 7662, 6899, 14563, 8485, 36000, 31537, 17678.57, 12.71, 12.07
11:48:21, 1021.10, 12.64, 3381, 6293, 8799, 11681, 15150, 10343, 22092, 16112, 36000, 36000, 17678.57, 12.71, 12.12
11:48:22, 1021.00, 12.64, 3270, 3494, 6274, 4943, 2782, 2706, 3060, 3346, 21791, 10966, 17663.60, 12.72, 12.12
11:48:22, 1017.90, 12.52, 614, 838, 1072, 1200, 994, 1005, 1163, 1275, 5401, 2018, 17618.79, 12.78, 12.14
11:48:22, 1014.60, 12.34, 397, 533, 720, 920, 1007, 1146, 1403, 1520, 5716, 2532, 17648.65, 12.74, 12.14
11:48:23, 1007.80, 11.92, 362, 526, 705, 918, 997, 1127, 1417, 1545, 5361, 2636, 17618.79, 12.78, 12.14
11:48:23, 1008.40, 11.92, 351, 515, 691, 912, 1039, 1151, 1484, 1599, 5623, 2843, 17618.79, 12.78, 12.20
11:48:24, 1000.20, 11.95, 344, 502, 676, 903, 983, 1087, 1398, 1511, 5312, 2773, 17603.89, 12.79, 12.20
11:48:24, 1003.20, 12.22, 318, 482, 636, 855, 932, 1019, 1332, 1435, 5379, 2971, 17514.79, 12.90, 12.31
11:48:24, 1005.70, 12.26, 328, 485, 648, 851, 969, 1076, 1332, 1522, 4744, 2678, 17544.42, 12.86, 12.31
11:48:25, 993.90, 12.22, 318, 471, 633, 800, 865, 918, 1188, 1304, 4640, 2649, 17574.13, 12.83, 12.35
11:48:25, 1004.80, 12.31, 303, 451, 602, 767, 875, 940, 1194, 1333, 4227, 2475, 17514.79, 12.90, 12.35
11:48:26, 995.10, 12.24, 330, 490, 653, 866, 1044, 1143, 1481, 1645, 5787, 3241, 17529.60, 12.88, 12.35
11:48:26, 996.90, 12.30, 312, 474, 627, 816, 929, 1010, 1299, 1466, 5095, 2928, 17529.60, 12.88, 12.39
11:48:27, 1003.70, 12.17, 317, 486, 647, 833, 969, 1020, 1353, 1487, 5735, 3235, 17485.22, 12.93, 12.39
11:48:27, 1007.40, 12.11, 293, 439, 592, 733, 817, 897, 1150, 1346, 4806, 2767, 17455.72, 12.97, 12.48
11:48:27, 1001.90, 12.43, 345, 502, 678, 814, 1045, 1372, 1994, 2557, 9041, 5084, 17440.99, 12.99, 12.48
11:48:28, 1013.50, 12.55, 339, 439, 588, 666, 779, 1127, 1765, 2424, 6014, 3902, 17426.28, 13.00, 12.48
11:48:28, 1018.10, 12.68, 239, 288, 346, 430, 456, 652, 1004, 1419, 3743, 2722, 17411.58, 13.02, 12.55
11:48:29, 1019.30, 12.75, 236, 284, 348, 447, 443, 633, 952, 1312, 3666, 2605, 17411.58, 13.02, 12.55
11:48:29, 1019.30, 12.85, 215, 262, 318, 412, 414, 592, 898, 1231, 3393, 2492, 17426.28, 13.00, 12.56
11:48:30, 1019.60, 12.87, 212, 258, 312, 410, 417, 600, 924, 1254, 3369, 2480, 17440.99, 12.99, 12.56
11:48:30, 1019.20, 12.88, 212, 259, 312, 411, 411, 595, 925, 1258, 3377, 2493, 17411.58, 13.02, 12.56
11:48:30, 1018.10, 12.69, 275, 342, 417, 540, 764, 1051, 1558, 2116, 6577, 4365, 17455.72, 12.97, 12.52
11:48:31, 1016.70, 12.82, 451, 629, 855, 1032, 1117, 1279, 1729, 2013, 7404, 3680, 17440.99, 12.99, 12.52
11:48:31, 1009.90, 12.53, 317, 479, 621, 853, 870, 934, 1288, 1301, 5672, 3349, 17426.28, 13.00, 12.52
11:48:32, 1020.70, 13.00, 536, 841, 1154, 1360, 1787, 1985, 2315, 2876, 9966, 4956, 17426.28, 13.00, 12.52
11:48:32, 1022.00, 13.06, 587, 885, 1187, 1523, 1959, 2383, 2792, 3544, 12842, 7972, 17411.58, 13.02, 12.70
11:48:32, 1020.40, 12.97, 81, 103, 135, 174, 87, 102, 128, 142, 698, 569, 17382.23, 13.06, 12.70
11:48:33, 1012.00, 12.81, 137, 176, 233, 288, 318, 366, 485, 547, 3418, 3031, 17382.23, 13.06, 12.70
