Secchi Depth (cm) = 0805
Forel Ule Scale = 10
pH Colour Scale = 99
SmartSecchi S/N = A004
Latitude (degs N) = 56.53061
Longitude (degs E) = -5.43618
Date = 2023-05-25
Time (UTC), Pressure (mbar) MS5803, Temp (deg C) MS5803, 415nm, 445nm, 480nm, 515nm, 555nm, 590nm, 630nm, 680nm, Clear, NIR, Resistance 10KTHERM, Temp (deg C) 10KTHERM, Temp (deg C) TMP117
10:07:11, 1021.10, 14.80, 1152, 1429, 1823, 1987, 2032, 2141, 2287, 2332, 7961, 2759, 16557.63, 14.07, 13.29
10:07:11, 1021.10, 14.81, 1134, 1402, 1793, 1932, 1958, 2052, 2194, 2257, 7538, 2543, 16557.63, 14.07, 13.29
10:07:11, 1021.20, 14.81, 1129, 1379, 1772, 1887, 2080, 2172, 2373, 2457, 7381, 2520, 16571.43, 14.05, 13.29
10:07:12, 1021.00, 14.81, 1759, 1748, 2580, 2479, 2972, 3128, 3545, 3721, 8609, 3358, 16599.06, 14.02, 13.28
10:07:12, 1021.00, 14.81, 2541, 2219, 3587, 3226, 3847, 4073, 4694, 4959, 9956, 4237, 16571.43, 14.05, 13.28
10:07:13, 1021.00, 14.80, 3002, 2495, 4158, 3669, 4137, 4411, 5104, 5387, 10458, 4577, 16557.63, 14.07, 13.24
10:07:13, 1021.10, 14.81, 2942, 2459, 4060, 3614, 4102, 4374, 5078, 5324, 10393, 4534, 16571.43, 14.05, 13.24
10:07:14, 1020.90, 14.80, 2952, 2454, 4044, 3613, 4110, 4394, 5145, 5334, 10408, 4520, 16557.63, 14.07, 13.22
10:07:14, 1020.80, 14.80, 3022, 2474, 4084, 3649, 4145, 4450, 5256, 5379, 10474, 4521, 16543.85, 14.09, 13.22
10:07:14, 1021.00, 14.80, 3107, 2492, 4124, 3686, 4177, 4515, 5362, 5427, 10510, 4515, 16585.24, 14.03, 13.22
10:07:15, 1020.90, 14.80, 3170, 2501, 4147, 3708, 4186, 4546, 5413, 5431, 10484, 4503, 16557.63, 14.07, 13.20
10:07:15, 1020.90, 14.80, 3182, 2500, 4148, 3709, 4180, 4546, 5430, 5429, 10483, 4492, 16543.85, 14.09, 13.20
10:07:16, 1021.20, 14.80, 3177, 2496, 4134, 3706, 4175, 4541, 5429, 5415, 10490, 4504, 16571.43, 14.05, 13.20
10:07:16, 1020.90, 14.80, 3154, 2491, 4114, 3696, 4149, 4517, 5422, 5381, 10454, 4483, 16557.63, 14.07, 13.20
10:07:16, 1021.00, 14.79, 3125, 2475, 4072, 3675, 4124, 4511, 5407, 5357, 10435, 4477, 16571.43, 14.05, 13.20
10:07:17, 1021.10, 14.79, 3133, 2470, 4049, 3681, 4121, 4551, 5402, 5364, 10554, 4540, 16516.33, 14.12, 13.20
10:07:17, 1021.10, 14.79, 3153, 2477, 4051, 3707, 4136, 4593, 5425, 5383, 10673, 4601, 16557.63, 14.07, 13.20
10:07:18, 1021.10, 14.79, 3209, 2491, 4090, 3736, 4184, 4651, 5553, 5436, 10716, 4617, 16571.43, 14.05, 13.18
10:07:18, 1021.00, 14.79, 3290, 2513, 4153, 3771, 4239, 4708, 5725, 5492, 10707, 4600, 16585.24, 14.03, 13.18
10:07:19, 1021.10, 14.78, 3369, 2537, 4215, 3814, 4281, 4763, 5790, 5540, 10726, 4606, 16571.43, 14.05, 13.18
10:07:19, 1020.90, 14.78, 3368, 2533, 4197, 3818, 4274, 4766, 5777, 5522, 10804, 4648, 16543.85, 14.09, 13.16
10:07:19, 1020.90, 14.78, 3306, 2516, 4141, 3801, 4223, 4732, 5574, 5461, 10864, 4691, 16571.43, 14.05, 13.16
10:07:20, 1021.00, 14.78, 3237, 2498, 4082, 3781, 4175, 4680, 5469, 5398, 10898, 4721, 16543.85, 14.09, 13.14
10:07:20, 1021.10, 14.78, 3189, 2485, 4037, 3760, 4165, 4667, 5456, 5383, 10905, 4724, 16557.63, 14.07, 13.14
10:07:21, 1020.90, 14.77, 3251, 2503, 4097, 3787, 4222, 4731, 5567, 5460, 10882, 4699, 16530.08, 14.10, 13.14
10:07:21, 1020.90, 14.77, 3376, 2536, 4184, 3838, 4311, 4826, 5838, 5562, 10881, 4681, 16557.63, 14.07, 13.13
10:07:21, 1020.90, 14.77, 3467, 2555, 4232, 3879, 4334, 4864, 5911, 5592, 10879, 4670, 16543.85, 14.09, 13.13
10:07:22, 1021.10, 14.77, 3480, 2560, 4246, 3886, 4338, 4861, 5911, 5600, 10875, 4671, 16543.85, 14.09, 13.13
10:07:22, 1021.10, 14.76, 3462, 2554, 4235, 3872, 4324, 4840, 5883, 5587, 10845, 4656, 16543.85, 14.09, 13.13
10:07:23, 1021.00, 14.76, 3407, 2543, 4213, 3842, 4285, 4784, 5807, 5534, 10823, 4655, 16543.85, 14.09, 13.13
10:07:23, 1020.90, 14.76, 3311, 2519, 4151, 3795, 4232, 4727, 5638, 5477, 10842, 4676, 16530.08, 14.10, 13.12
10:07:23, 1020.90, 14.75, 3285, 2511, 4129, 3790, 4226, 4727, 5587, 5468, 10870, 4694, 16571.43, 14.05, 13.12
10:07:24, 1020.90, 14.75, 3329, 2525, 4156, 3823, 4273, 4795, 5691, 5515, 10915, 4706, 16516.33, 14.12, 13.12
10:07:24, 1020.90, 14.75, 3452, 2553, 4221, 3886, 4359, 4901, 5937, 5622, 10960, 4712, 16543.85, 14.09, 13.12
10:07:25, 1021.10, 14.75, 3619, 2590, 4311, 3955, 4428, 5010, 5996, 5733, 10965, 4698, 16557.63, 14.07, 13.12
10:07:25, 1020.80, 14.74, 3734, 2616, 4380, 3997, 4466, 5058, 5987, 5789, 10972, 4694, 16543.85, 14.09, 13.13
10:07:25, 1021.00, 14.74, 3717, 2609, 4364, 3989, 4438, 5022, 5979, 5749, 10951, 4689, 16557.63, 14.07, 13.13
10:07:26, 1020.90, 14.74, 3599, 2585, 4302, 3941, 4373, 4929, 5971, 5648, 10927, 4684, 16516.33, 14.12, 13.12
10:07:26, 1021.00, 14.74, 3481, 2559, 4238, 3890, 4330, 4862, 5879, 5585, 10928, 4700, 16543.85, 14.09, 13.12
10:07:27, 1020.90, 14.74, 3434, 2547, 4204, 3875, 4322, 4860, 5833, 5568, 10948, 4711, 16543.85, 14.09, 13.12
10:07:27, 1020.70, 14.73, 3445, 2550, 4210, 3885, 4325, 4866, 5846, 5568, 10952, 4711, 16543.85, 14.09, 13.11
10:07:28, 1020.80, 14.73, 3458, 2553, 4221, 3885, 4331, 4860, 5889, 5584, 10916, 4695, 16543.85, 14.09, 13.11
10:07:28, 1021.00, 14.73, 3453, 2549, 4224, 3867, 4316, 4834, 5877, 5572, 10849, 4661, 16543.85, 14.09, 13.10
10:07:28, 1021.00, 14.72, 3408, 2541, 4209, 3842, 4290, 4792, 5818, 5538, 10828, 4656, 16530.08, 14.10, 13.10
10:07:29, 1021.00, 14.72, 3321, 2521, 4154, 3803, 4221, 4723, 5596, 5463, 10847, 4684, 16530.08, 14.10, 13.10
10:07:29, 1020.90, 14.72, 3212, 2489, 4063, 3764, 4152, 4649, 5444, 5368, 10896, 4721, 16516.33, 14.12, 13.08
10:07:30, 1021.10, 14.72, 3148, 2474, 4003, 3741, 4143, 4632, 5453, 5343, 10921, 4747, 16571.43, 14.05, 13.08
10:07:30, 1021.10, 14.71, 3188, 2485, 4036, 3764, 4182, 4691, 5482, 5405, 10917, 4743, 16543.85, 14.09, 13.08
10:07:30, 1021.10, 14.71, 3311, 2519, 4145, 3813, 4266, 4781, 5703, 5512, 10882, 4708, 16543.85, 14.09, 13.08
10:07:31, 1020.90, 14.71, 3472, 2549, 4237, 3865, 4329, 4860, 5886, 5605, 10782, 4634, 16530.08, 14.10, 13.08
10:07:31, 1021.00, 14.71, 3557, 2551, 4277, 3880, 4352, 4889, 5870, 5628, 10791, 4616, 16516.33, 14.12, 13.06
10:07:32, 1021.10, 14.71, 3604, 2576, 4314, 3914, 4365, 4920, 5888, 5657, 10828, 4626, 16516.33, 14.12, 13.06
10:07:32, 1021.10, 14.70, 3575, 2571, 4289, 3911, 4356, 4905, 5926, 5635, 10845, 4646, 16530.08, 14.10, 13.05
10:07:32, 1021.10, 14.70, 3457, 2547, 4219, 3869, 4295, 4819, 5821, 5543, 10870, 4676, 16530.08, 14.10, 13.05
10:07:33, 1020.90, 14.69, 3326, 2517, 4151, 3802, 4234, 4734, 5669, 5474, 10813, 4660, 16530.08, 14.10, 13.05
10:07:33, 1020.80, 14.69, 3305, 2510, 4142, 3776, 4229, 4708, 5715, 5471, 10720, 4607, 16543.85, 14.09, 13.04
10:07:34, 1020.90, 14.70, 3366, 2527, 4203, 3799, 4268, 4751, 5763, 5529, 10670, 4571, 16530.08, 14.10, 13.04
10:07:34, 1021.00, 14.69, 3486, 2554, 4267, 3856, 4339, 4857, 5811, 5621, 10729, 4589, 16543.85, 14.09, 13.05
10:07:35, 1021.00, 14.69, 3621, 2578, 4310, 3923, 4402, 4971, 5917, 5694, 10827, 4628, 16530.08, 14.10, 13.05
10:07:35, 1020.90, 14.68, 3690, 2593, 4324, 3962, 4399, 4982, 5930, 5692, 10824, 4622, 16530.08, 14.10, 13.05
10:07:35, 1021.10, 14.68, 3626, 2571, 4268, 3927, 4394, 4974, 5980, 5658, 10644, 4553, 16502.59, 14.14, 13.05
10:07:36, 1020.90, 14.68, 3637, 2583, 4157, 4185, 4766, 5155, 6604, 5458, 10414, 4489, 16543.85, 14.09, 13.05
10:07:36, 1020.90, 14.68, 3195, 2692, 4110, 4899, 5635, 5813, 6358, 5700, 10483, 4525, 16557.63, 14.07, 13.06
10:07:37, 1020.90, 14.68, 3204, 2826, 4413, 5512, 5513, 5465, 6147, 5624, 10473, 4526, 16502.59, 14.14, 13.06
10:07:37, 1021.00, 14.67, 3239, 2595, 3990, 4473, 4581, 4993, 6540, 5355, 10555, 4696, 16516.33, 14.12, 13.06
10:07:37, 1020.70, 14.67, 2863, 2749, 4143, 5106, 5059, 6121, 5693, 6549, 10785, 4683, 16488.87, 14.15, 13.09
10:07:38, 1020.70, 14.67, 3272, 3688, 4383, 5367, 5383, 7619, 6303, 9556, 13288, 4727, 16516.33, 14.12, 13.09
10:07:38, 1020.70, 14.67, 2961, 3556, 4804, 5906, 5664, 6624, 7931, 7899, 30332, 14759, 16516.33, 14.12, 13.09
10:07:39, 1020.80, 14.67, 3304, 4035, 5339, 7624, 7024, 8670, 11810, 8955, 36000, 17993, 16516.33, 14.12, 13.09
10:07:39, 1021.10, 14.66, 2878, 4410, 5323, 9700, 10539, 9289, 27995, 10316, 36000, 34897, 16488.87, 14.15, 13.09
10:07:39, 1020.90, 14.66, 4130, 7759, 12846, 14533, 25224, 10830, 34560, 14602, 36000, 36000, 16475.15, 14.17, 13.15
10:07:40, 1020.80, 14.66, 14724, 9122, 24563, 12990, 24332, 24241, 23531, 29553, 36000, 36000, 16488.87, 14.15, 13.15
10:07:40, 1020.60, 14.65, 1522, 1797, 2457, 2398, 4753, 5453, 4520, 5529, 23691, 15811, 16488.87, 14.15, 13.04
10:07:41, 1021.00, 14.64, 10305, 9450, 17144, 14234, 9745, 25744, 14160, 26669, 36000, 29031, 16447.78, 14.21, 13.04
10:07:41, 1021.00, 14.64, 4150, 4671, 4669, 12189, 8330, 12701, 19021, 10636, 18653, 5935, 16447.78, 14.21, 13.04
10:07:42, 1020.80, 14.64, 2388, 4639, 4839, 11487, 7886, 5497, 15965, 6455, 11356, 4230, 16461.46, 14.19, 12.85
10:07:42, 1020.70, 14.62, 2000, 3053, 3956, 5325, 6824, 4271, 10522, 5762, 10052, 4044, 16447.78, 14.21, 12.85
10:07:42, 1020.60, 14.62, 2042, 2686, 3873, 3850, 5602, 4131, 6715, 5814, 14070, 7761, 16475.15, 14.17, 12.83
10:07:43, 1020.90, 14.64, 1179, 1525, 2071, 2090, 1969, 1930, 2232, 2307, 6857, 2457, 16461.46, 14.19, 12.83
10:07:43, 1020.70, 14.64, 2604, 2647, 4887, 3706, 4665, 4568, 5103, 6231, 12329, 5145, 16461.46, 14.19, 12.83
10:07:44, 1020.70, 14.64, 4534, 2666, 4532, 4405, 4573, 5120, 6116, 5430, 9807, 4232, 16447.78, 14.21, 12.79
10:07:44, 1020.40, 14.62, 3563, 2515, 4049, 4068, 4739, 5089, 6407, 5376, 9829, 4219, 16447.78, 14.21, 12.79
10:07:44, 1020.70, 14.62, 2954, 2374, 3681, 3821, 4157, 4500, 5753, 4951, 9717, 4234, 16447.78, 14.21, 12.76
10:07:45, 1021.00, 14.61, 3395, 2485, 3975, 3971, 4344, 4743, 6032, 5187, 9982, 4402, 16488.87, 14.15, 12.76
10:07:45, 1020.70, 14.61, 3129, 2424, 3856, 3769, 4207, 4665, 5688, 5254, 10295, 4604, 16475.15, 14.17, 12.76
10:07:46, 1020.90, 14.61, 3442, 2510, 4161, 3840, 4297, 4797, 5795, 5476, 10544, 4712, 16475.15, 14.17, 12.73
10:07:46, 1020.90, 14.60, 3598, 2537, 4202, 3947, 4472, 5043, 6045, 5587, 10298, 4585, 16475.15, 14.17, 12.73
10:07:46, 1020.80, 14.59, 4291, 2631, 4444, 4265, 4913, 5691, 6477, 5905, 10076, 4358, 16502.59, 14.14, 12.72
10:07:47, 1020.60, 14.59, 4565, 2719, 4554, 4580, 5254, 6000, 6577, 5918, 10008, 4238, 16447.78, 14.21, 12.72
10:07:47, 1020.80, 14.58, 4619, 2814, 4659, 5078, 5567, 6443, 6623, 6058, 10116, 4200, 16475.15, 14.17, 12.72
10:07:48, 1020.80, 14.58, 4168, 2692, 4440, 4648, 5040, 5712, 6573, 5797, 10191, 4394, 16447.78, 14.21, 12.69
10:07:48, 1020.70, 14.57, 4511, 2702, 4557, 4494, 4955, 5608, 6515, 5840, 10877, 4883, 16475.15, 14.17, 12.69
10:07:49, 1021.00, 14.57, 3760, 2693, 4357, 4299, 5042, 5705, 6567, 6325, 15045, 6601, 16488.87, 14.15, 12.66
10:07:49, 1020.70, 14.56, 4314, 2956, 4819, 4789, 5275, 6141, 7047, 6616, 17205, 7251, 16488.87, 14.15, 12.66
10:07:49, 1020.80, 14.56, 4161, 2955, 4696, 4961, 5720, 6662, 7333, 6787, 15302, 6759, 16475.15, 14.17, 12.63
10:07:50, 1021.00, 14.55, 4348, 3118, 4991, 5815, 6276, 7239, 7374, 7040, 16109, 7636, 16475.15, 14.17, 12.63
10:07:50, 1020.70, 14.55, 3909, 3451, 5218, 6254, 6144, 7604, 6622, 7077, 13653, 6261, 16502.59, 14.14, 12.63
10:07:51, 1020.90, 14.55, 3658, 3444, 5042, 6398, 5696, 7515, 6218, 7079, 12277, 5395, 16461.46, 14.19, 12.62
10:07:51, 1021.00, 14.53, 3696, 3505, 5119, 6461, 5863, 7574, 6681, 7101, 13743, 6297, 16475.15, 14.17, 12.62
10:07:51, 1020.90, 14.53, 3845, 3445, 5230, 6465, 6514, 7606, 7142, 7272, 17185, 7917, 16488.87, 14.15, 12.60
10:07:52, 1020.90, 14.52, 4470, 3332, 5272, 6080, 6445, 7506, 8262, 7705, 21606, 9348, 16461.46, 14.19, 12.60
10:07:52, 1021.00, 14.52, 4571, 3235, 5179, 5330, 5828, 6797, 7720, 7343, 20610, 8078, 16447.78, 14.21, 12.60
10:07:53, 1021.00, 14.52, 4607, 3145, 5318, 4840, 5321, 6114, 6918, 7284, 16816, 6621, 16488.87, 14.15, 12.59
10:07:53, 1020.80, 14.48, 4468, 3095, 5877, 4559, 5330, 5681, 6345, 7353, 13662, 5817, 16447.78, 14.21, 12.59
10:07:54, 1020.90, 14.48, 3642, 2899, 5692, 4205, 4820, 4939, 5438, 6605, 11313, 4993, 16447.78, 14.21, 12.55
10:07:54, 1020.60, 14.47, 3343, 2796, 5645, 3992, 4808, 4821, 5342, 6485, 10577, 4713, 16475.15, 14.17, 12.55
10:07:54, 1020.60, 14.46, 3183, 2710, 5148, 3928, 4658, 4738, 5273, 6252, 10273, 4538, 16488.87, 14.15, 12.55
10:07:55, 1020.80, 14.46, 3222, 2803, 5596, 4032, 4847, 4802, 5453, 6438, 10283, 4488, 16475.15, 14.17, 12.52
10:07:55, 1020.60, 14.45, 2954, 2705, 5263, 3901, 4511, 4402, 5046, 5840, 9660, 4128, 16475.15, 14.17, 12.52
10:07:56, 1020.90, 14.45, 1683, 1852, 3061, 2562, 4975, 4448, 4939, 5762, 9543, 4099, 16461.46, 14.19, 12.49
10:07:56, 1020.60, 14.44, 2601, 2651, 4839, 3698, 5027, 4363, 4869, 5559, 9348, 4020, 16461.46, 14.19, 12.49
10:07:56, 1020.70, 14.44, 2703, 2742, 4915, 3735, 5522, 4487, 5027, 5734, 9336, 3974, 16475.15, 14.17, 12.49
10:07:57, 1020.90, 14.44, 2675, 2715, 4868, 3692, 5504, 4475, 5005, 5686, 9288, 3944, 16461.46, 14.19, 12.45
10:07:57, 1020.60, 14.43, 2706, 2764, 4798, 3725, 5620, 4521, 5037, 5624, 9276, 3946, 16502.59, 14.14, 12.45
10:07:58, 1020.80, 14.43, 2703, 2760, 4519, 3686, 5545, 4361, 5076, 5539, 9264, 3962, 16488.87, 14.15, 12.40
10:07:58, 1020.60, 14.41, 2702, 2724, 4295, 3656, 5411, 4252, 5033, 5447, 9238, 3966, 16488.87, 14.15, 12.40
10:07:58, 1020.70, 14.41, 2611, 2689, 4173, 3622, 5309, 4221, 5067, 5329, 9204, 3952, 16488.87, 14.15, 12.40
10:07:59, 1020.70, 14.40, 2563, 2650, 4201, 3593, 5237, 4169, 5169, 5234, 9185, 3943, 16475.15, 14.17, 12.35
10:07:59, 1020.70, 14.40, 2609, 2669, 4281, 3634, 5347, 4184, 5361, 5306, 9195, 3934, 16488.87, 14.15, 12.35
10:08:00, 1020.70, 14.40, 2599, 2662, 4262, 3616, 5387, 4188, 5316, 5302, 9194, 3915, 16475.15, 14.17, 12.30
10:08:00, 1020.70, 14.39, 2611, 2661, 4265, 3643, 5313, 4153, 5738, 5391, 9186, 3941, 16488.87, 14.15, 12.30
10:08:01, 1020.40, 14.38, 2554, 2637, 4134, 3662, 5218, 4067, 6002, 5224, 9188, 3932, 16475.15, 14.17, 12.30
10:08:01, 1020.50, 14.38, 2503, 2614, 4096, 3718, 4983, 3980, 6132, 5154, 9182, 3947, 16502.59, 14.14, 12.23
10:08:01, 1020.40, 14.36, 2411, 2568, 3967, 3653, 4732, 3885, 6055, 5042, 9171, 3965, 16475.15, 14.17, 12.23
10:08:02, 1020.40, 14.36, 2367, 2547, 3905, 3622, 4700, 3873, 6035, 5020, 9188, 3988, 16488.87, 14.15, 12.18
10:08:02, 1020.40, 14.35, 2430, 2590, 4000, 3689, 4911, 3972, 6141, 5141, 9242, 3978, 16488.87, 14.15, 12.18
10:08:03, 1020.50, 14.36, 2585, 2679, 4209, 3822, 5330, 4166, 6594, 5387, 9295, 3969, 16475.15, 14.17, 12.18
10:08:03, 1020.70, 14.36, 2643, 2723, 4290, 3854, 5423, 4196, 6335, 5404, 9334, 3991, 16475.15, 14.17, 12.13
10:08:03, 1020.50, 14.35, 2646, 2741, 4326, 3903, 5354, 4207, 6486, 5450, 9385, 4047, 16488.87, 14.15, 12.13
10:08:04, 1020.50, 14.35, 2479, 2659, 4124, 3807, 4944, 4035, 6178, 5251, 9387, 4077, 16502.59, 14.14, 12.09
10:08:04, 1020.50, 14.34, 1822, 2074, 3043, 2879, 4676, 3883, 5844, 5062, 9235, 4034, 16475.15, 14.17, 12.09
10:08:05, 1020.80, 14.34, 2271, 2590, 4046, 3680, 4744, 3854, 5694, 5119, 9304, 4108, 16502.59, 14.14, 12.09
10:08:05, 1021.20, 14.36, 2133, 2553, 3819, 3605, 4875, 3761, 5496, 4970, 9230, 4073, 16516.33, 14.12, 12.06
10:08:05, 1021.30, 14.36, 1004, 1306, 1649, 1679, 1763, 1601, 1977, 1870, 5294, 1206, 16516.33, 14.12, 12.06
10:08:06, 1020.80, 14.34, 1371, 1810, 2437, 2453, 5607, 3791, 6723, 5156, 9352, 3942, 16502.59, 14.14, 12.05
10:08:06, 1023.00, 14.35, 2019, 2713, 3807, 3996, 5430, 3827, 7612, 5193, 9469, 3896, 16488.87, 14.15, 12.05
10:08:07, 1036.00, 14.32, 1090, 1578, 2112, 2238, 6632, 6324, 8102, 9431, 6905, 1235, 16516.33, 14.12, 12.05
10:08:07, 1050.70, 14.21, 2608, 4424, 6094, 7626, 6420, 4799, 8512, 6754, 7286, 1012, 16516.33, 14.12, 11.85
10:08:08, 1064.30, 14.10, 1834, 3229, 4626, 6622, 6379, 4358, 9972, 5582, 7747, 1055, 16502.59, 14.14, 11.85
10:08:08, 1079.50, 13.98, 1438, 2470, 3458, 4941, 4900, 3501, 7319, 3986, 6687, 634, 16516.33, 14.12, 11.58
10:08:08, 1090.40, 13.89, 1153, 2000, 2740, 4203, 8541, 5046, 13204, 5305, 7305, 635, 16516.33, 14.12, 11.58
10:08:09, 1094.80, 13.80, 1372, 2430, 3428, 5314, 5497, 3792, 9407, 4319, 6316, 562, 16502.59, 14.14, 11.58
10:08:09, 1093.00, 13.73, 1269, 2203, 3037, 4376, 8991, 5551, 14277, 5947, 8269, 771, 16516.33, 14.12, 11.46
10:08:10, 1091.60, 13.68, 1454, 2556, 3494, 5494, 13181, 7740, 22524, 8233, 9675, 963, 16516.33, 14.12, 11.46
10:08:10, 1092.50, 13.60, 1114, 1968, 2656, 4034, 7279, 4958, 11277, 5316, 7641, 680, 16502.59, 14.14, 11.41
10:08:10, 1095.20, 13.56, 1310, 2390, 3363, 5156, 6378, 4226, 9023, 4459, 6623, 519, 16516.33, 14.12, 11.41
10:08:11, 1096.00, 13.53, 1600, 3141, 4253, 7479, 3962, 2904, 5651, 3008, 5514, 378, 16530.08, 14.10, 11.41
10:08:11, 1096.20, 13.51, 1159, 2009, 2807, 4086, 5637, 3756, 8567, 3996, 6469, 522, 16516.33, 14.12, 11.41
10:08:12, 1096.00, 13.51, 958, 1562, 2148, 2815, 5002, 3391, 7610, 3681, 5990, 483, 16543.85, 14.09, 11.41
10:08:12, 1095.70, 13.49, 1149, 1960, 2700, 3646, 15079, 7253, 24768, 8055, 8934, 903, 16502.59, 14.14, 11.41
10:08:13, 1095.80, 13.48, 1149, 1979, 2798, 3884, 4024, 2942, 5340, 3163, 5497, 398, 16543.85, 14.09, 11.41
10:08:13, 1096.90, 13.47, 1291, 2266, 3307, 4904, 4467, 3061, 6053, 3316, 5671, 444, 16530.08, 14.10, 11.41
10:08:13, 1097.80, 13.46, 1053, 1709, 2479, 3135, 3333, 2354, 4115, 2499, 4824, 327, 16543.85, 14.09, 11.41
10:08:14, 1098.50, 13.45, 2005, 3548, 5611, 7663, 4539, 3103, 5939, 3414, 5678, 466, 16516.33, 14.12, 11.41
10:08:14, 1099.10, 13.45, 998, 1581, 2332, 2744, 5147, 3254, 6609, 3695, 6031, 556, 16530.08, 14.10, 11.41
10:08:15, 1099.10, 13.45, 1194, 1838, 2770, 3141, 3262, 2285, 3814, 2490, 4691, 348, 16502.59, 14.14, 11.41
10:08:15, 1098.00, 13.44, 1621, 2443, 4075, 4403, 9910, 5520, 10689, 6749, 8790, 1030, 16516.33, 14.12, 11.39
10:08:15, 1097.30, 13.43, 1426, 2163, 3497, 3799, 3271, 2254, 3496, 2412, 4639, 348, 16543.85, 14.09, 11.39
10:08:16, 1097.60, 13.43, 1569, 2263, 3813, 3823, 4431, 3101, 4574, 3536, 5887, 593, 16530.08, 14.10, 11.39
10:08:16, 1099.10, 13.44, 1283, 1787, 3192, 2992, 5074, 3159, 4828, 3524, 5584, 498, 16543.85, 14.09, 11.38
10:08:17, 1100.30, 13.43, 1561, 2127, 3588, 3670, 3778, 2720, 3796, 3077, 5293, 515, 16543.85, 14.09, 11.38
10:08:17, 1100.10, 13.43, 1245, 1700, 2857, 2829, 4025, 3071, 4291, 3534, 5680, 630, 16571.43, 14.05, 11.37
10:08:17, 1099.20, 13.41, 941, 1318, 2042, 2066, 1858, 1535, 1882, 1545, 3769, 230, 16543.85, 14.09, 11.37
10:08:18, 1099.00, 13.41, 720, 1075, 1486, 1629, 1731, 1474, 1692, 1460, 3780, 210, 16516.33, 14.12, 11.37
10:08:18, 1098.50, 13.40, 754, 1111, 1615, 1727, 1845, 1592, 1885, 1586, 3806, 222, 16571.43, 14.05, 11.37
10:08:19, 1100.10, 13.39, 739, 1109, 1503, 1710, 1989, 1639, 1881, 1624, 3926, 227, 16557.63, 14.07, 11.37
10:08:19, 1101.50, 13.38, 1253, 1522, 2464, 2410, 2974, 2146, 2487, 2224, 4189, 271, 16571.43, 14.05, 11.34
10:08:20, 1100.30, 13.38, 978, 1341, 2105, 2127, 2695, 2249, 2743, 2246, 4319, 299, 16557.63, 14.07, 11.34
10:08:20, 1098.50, 13.36, 1046, 1338, 2115, 2139, 2046, 1665, 1938, 1759, 3914, 233, 16571.43, 14.05, 11.34
10:08:20, 1098.60, 13.35, 1017, 1395, 2158, 2090, 2332, 1905, 2109, 1982, 4175, 267, 16557.63, 14.07, 11.32
10:08:21, 1100.40, 13.34, 2250, 2479, 4634, 3728, 2991, 2300, 2550, 2617, 4417, 318, 16585.24, 14.03, 11.32
10:08:21, 1102.00, 13.32, 1367, 1683, 2837, 2701, 4005, 2883, 3324, 3009, 5044, 410, 16571.43, 14.05, 11.32
10:08:22, 1101.80, 13.31, 1380, 1691, 3037, 2605, 7014, 4364, 4986, 4731, 6691, 678, 16557.63, 14.07, 11.32
10:08:22, 1100.50, 13.29, 1711, 1968, 3532, 3010, 4360, 3071, 3444, 3278, 5317, 443, 16571.43, 14.05, 11.32
10:08:22, 1099.20, 13.28, 1857, 2120, 4270, 3425, 6169, 4033, 4562, 4394, 6254, 605, 16599.06, 14.02, 11.30
10:08:23, 1098.00, 13.28, 2453, 2562, 4757, 4225, 5093, 3365, 3895, 3634, 5596, 506, 16599.06, 14.02, 11.30
10:08:23, 1098.70, 13.27, 1145, 1527, 2550, 2319, 2897, 2328, 2585, 2506, 4700, 327, 16599.06, 14.02, 11.31
10:08:24, 1101.20, 13.26, 1497, 1769, 3207, 2660, 4313, 3116, 3426, 3391, 5257, 458, 16571.43, 14.05, 11.31
10:08:24, 1102.50, 13.25, 1231, 1581, 2589, 2396, 5978, 3670, 4453, 4117, 5870, 542, 16557.63, 14.07, 11.31
10:08:24, 1101.00, 13.23, 1314, 1635, 2696, 2557, 5272, 3748, 3994, 3827, 6490, 626, 16599.06, 14.02, 11.31
10:08:25, 1098.50, 13.22, 2149, 2487, 4705, 4073, 3796, 2810, 3313, 3140, 5093, 420, 16599.06, 14.02, 11.31
10:08:25, 1098.60, 13.22, 1418, 1733, 2997, 2565, 5078, 3336, 3881, 3751, 5535, 504, 16585.24, 14.03, 11.32
10:08:26, 1099.50, 13.21, 1320, 1647, 2748, 2738, 4980, 3393, 4983, 3816, 5510, 519, 16626.76, 13.98, 11.32
10:08:26, 1100.10, 13.20, 1381, 1734, 2933, 2738, 2833, 2217, 2491, 2429, 4494, 314, 16612.90, 14.00, 11.32
10:08:27, 1100.90, 13.20, 3192, 3219, 6334, 5184, 3620, 2638, 3127, 2810, 4902, 355, 16599.06, 14.02, 11.32
10:08:27, 1101.10, 13.19, 1488, 1901, 3224, 3115, 4539, 3407, 4807, 3773, 5898, 529, 16612.90, 14.00, 11.32
10:08:27, 1099.50, 13.19, 2093, 2265, 4159, 3896, 4200, 3134, 4005, 3538, 5502, 526, 16640.63, 13.96, 11.33
10:08:28, 1097.70, 13.18, 1809, 2112, 3752, 3531, 5139, 3577, 4643, 3827, 5885, 543, 16640.63, 13.96, 11.33
10:08:28, 1098.60, 13.18, 1992, 2191, 4207, 3826, 4043, 3027, 4572, 3357, 5388, 470, 16654.51, 13.95, 11.33
10:08:29, 1100.70, 13.18, 1361, 1735, 3016, 2907, 4977, 3594, 5514, 4007, 5818, 569, 16612.90, 14.00, 11.33
10:08:29, 1101.10, 13.17, 1506, 1941, 3343, 3257, 3648, 2799, 4053, 3042, 5123, 409, 16626.76, 13.98, 11.33
10:08:29, 1100.70, 13.16, 1303, 1520, 2774, 2598, 4513, 3248, 4867, 3590, 5404, 487, 16612.90, 14.00, 11.34
10:08:30, 1099.70, 13.16, 1262, 1683, 2819, 2733, 3141, 2473, 3369, 2694, 4877, 384, 16654.51, 13.95, 11.34
10:08:30, 1098.20, 13.16, 1433, 1764, 3230, 2943, 6009, 4223, 7244, 4599, 6361, 614, 16640.63, 13.96, 11.34
10:08:31, 1098.40, 13.16, 1140, 1542, 2533, 2500, 2573, 2077, 2824, 2185, 4368, 286, 16640.63, 13.96, 11.34
10:08:31, 1100.10, 13.15, 934, 1326, 1999, 2044, 3056, 2340, 3283, 2537, 4659, 341, 16640.63, 13.96, 11.34
10:08:31, 1101.40, 13.14, 953, 1403, 2151, 2346, 3367, 2529, 3616, 2818, 4739, 352, 16654.51, 13.95, 11.34
10:08:32, 1101.80, 13.13, 1425, 1878, 3473, 3241, 2791, 2180, 2895, 2368, 4436, 312, 16668.40, 13.93, 11.34
10:08:32, 1100.60, 13.12, 1255, 1719, 2931, 2870, 3804, 2789, 4008, 3102, 5060, 417, 16696.24, 13.89, 11.34
10:08:33, 1098.90, 13.11, 1350, 1765, 3072, 2846, 3203, 2470, 3567, 2759, 4732, 346, 16682.31, 13.91, 11.34
10:08:33, 1099.00, 13.11, 908, 1341, 2027, 2164, 2184, 1832, 2268, 1922, 4134, 244, 16696.24, 13.89, 11.34
10:08:34, 1099.10, 13.11, 1305, 1669, 2977, 2770, 3694, 2846, 4228, 3232, 5284, 452, 16682.31, 13.91, 11.34
10:08:34, 1100.30, 13.11, 868, 1309, 1923, 1924, 3882, 2687, 4128, 3064, 4944, 369, 16668.40, 13.93, 11.34
10:08:34, 1102.10, 13.11, 862, 1270, 1902, 2068, 2646, 2072, 2684, 2227, 4369, 280, 16696.24, 13.89, 11.34
10:08:35, 1102.40, 13.11, 924, 1344, 2029, 2090, 4428, 3076, 4758, 3611, 5322, 459, 16682.31, 13.91, 11.35
10:08:35, 1099.50, 13.11, 1123, 1510, 2461, 2512, 2437, 2031, 2477, 2144, 4236, 256, 16696.24, 13.89, 11.35
10:08:36, 1097.00, 13.10, 1343, 1722, 3088, 2891, 2659, 2220, 3162, 2425, 4301, 273, 16724.14, 13.86, 11.34
10:08:36, 1098.00, 13.10, 804, 1187, 1730, 1822, 2386, 1923, 2456, 2101, 4187, 260, 16682.31, 13.91, 11.34
10:08:36, 1100.90, 13.10, 1101, 1585, 2533, 2519, 2778, 2130, 2786, 2321, 4380, 285, 16710.18, 13.88, 11.34
10:08:37, 1101.80, 13.10, 844, 1283, 1920, 2013, 2395, 1975, 2438, 2038, 4203, 262, 16710.18, 13.88, 11.35
10:08:37, 1100.20, 13.09, 796, 1183, 1729, 1850, 2776, 2104, 2761, 2338, 4425, 301, 16668.40, 13.93, 11.35
10:08:38, 1098.90, 13.08, 1400, 1878, 3302, 3031, 5961, 3581, 5578, 4240, 5705, 475, 16724.14, 13.86, 11.35
10:08:38, 1098.00, 13.08, 795, 1211, 1765, 1886, 2032, 1754, 2094, 1803, 4082, 241, 16738.11, 13.84, 11.35
10:08:39, 1098.20, 13.07, 895, 1301, 1950, 2012, 2261, 1888, 2265, 1996, 4151, 250, 16710.18, 13.88, 11.35
10:08:39, 1100.70, 13.07, 815, 1254, 1793, 1925, 2714, 2041, 2663, 2260, 4278, 259, 16752.09, 13.82, 11.35
10:08:39, 1102.40, 13.08, 793, 1191, 1697, 1828, 1965, 1620, 1892, 1661, 3935, 219, 16766.09, 13.81, 11.35
10:08:40, 1100.10, 13.07, 1038, 1553, 2477, 2473, 2873, 2104, 2793, 2250, 4240, 262, 16752.09, 13.82, 11.36
10:08:40, 1098.00, 13.07, 831, 1271, 1799, 1919, 2260, 1822, 2248, 1956, 4213, 244, 16752.09, 13.82, 11.36
10:08:41, 1098.10, 13.07, 813, 1221, 1741, 1893, 2436, 1937, 2462, 2119, 4295, 272, 16752.09, 13.82, 11.36
10:08:41, 1098.70, 13.06, 977, 1458, 2208, 2252, 4836, 2859, 4669, 3431, 5098, 395, 16752.09, 13.82, 11.36
10:08:41, 1100.70, 13.06, 795, 1184, 1710, 1873, 1986, 1653, 2071, 1739, 4028, 230, 16738.11, 13.84, 11.36
10:08:42, 1103.10, 13.06, 883, 1343, 1979, 2119, 4407, 2693, 4508, 3105, 4996, 374, 16752.09, 13.82, 11.35
10:08:42, 1101.30, 13.06, 885, 1370, 2006, 2119, 2808, 2017, 2806, 2220, 4374, 269, 16766.09, 13.81, 11.35
10:08:43, 1101.50, 13.05, 846, 1304, 1889, 2041, 2365, 1840, 2435, 2009, 4204, 242, 16766.09, 13.81, 11.35
10:08:43, 1107.30, 13.05, 948, 1477, 2247, 2475, 3560, 2310, 4465, 2572, 4605, 319, 16738.11, 13.84, 11.35
10:08:43, 1116.50, 13.04, 983, 1596, 2492, 2759, 5578, 2801, 7153, 3237, 4820, 344, 16780.11, 13.79, 11.35
10:08:44, 1125.30, 13.03, 817, 1299, 1904, 2176, 2086, 1736, 2086, 1716, 3986, 221, 16766.09, 13.81, 11.35
10:08:44, 1133.50, 13.02, 695, 1093, 1566, 1795, 2283, 1755, 2386, 1666, 3843, 221, 16780.11, 13.79, 11.35
10:08:45, 1140.20, 13.01, 731, 1171, 1716, 1946, 2195, 1773, 2151, 1652, 3789, 207, 16794.13, 13.77, 11.35
10:08:45, 1146.70, 12.99, 704, 1130, 1629, 1908, 2121, 1732, 2084, 1575, 3792, 204, 16808.18, 13.75, 11.35
10:08:46, 1153.70, 12.98, 682, 1118, 1613, 1991, 2359, 1826, 2530, 1618, 3850, 218, 16766.09, 13.81, 11.35
10:08:46, 1161.40, 12.98, 686, 1143, 1673, 2086, 2367, 1856, 2506, 1638, 3865, 220, 16794.13, 13.77, 11.35
10:08:46, 1171.20, 12.98, 1037, 2025, 3165, 4756, 3662, 2479, 4369, 2231, 4187, 255, 16794.13, 13.77, 11.35
10:08:47, 1180.40, 12.98, 1010, 1965, 3117, 4807, 7390, 4156, 10218, 3795, 5638, 437, 16822.23, 13.74, 11.34
10:08:47, 1188.00, 12.98, 801, 1441, 2221, 3036, 4005, 2660, 4565, 2269, 4437, 290, 16822.23, 13.74, 11.34
10:08:48, 1194.30, 12.98, 798, 1472, 2353, 3276, 7598, 4309, 9208, 3917, 5244, 383, 16808.18, 13.75, 11.34
10:08:48, 1200.70, 12.98, 880, 1737, 2735, 4054, 4756, 3069, 5466, 2575, 4464, 289, 16822.23, 13.74, 11.34
10:08:48, 1207.80, 12.98, 920, 1738, 2811, 4019, 6409, 3737, 7849, 3245, 5264, 404, 16808.18, 13.75, 11.34
10:08:49, 1218.10, 12.99, 784, 1496, 2429, 3447, 4828, 2924, 5673, 2415, 4369, 296, 16822.23, 13.74, 11.34
10:08:49, 1229.60, 12.99, 1106, 2352, 3920, 5994, 5768, 3522, 6691, 2844, 4602, 324, 16850.39, 13.70, 11.34
10:08:50, 1239.90, 12.98, 1162, 2279, 3929, 6186, 4204, 2871, 4332, 2211, 4220, 283, 16822.23, 13.74, 11.34
10:08:50, 1247.90, 12.98, 795, 1511, 2552, 3533, 5585, 3336, 6435, 2688, 4523, 329, 16836.30, 13.72, 11.33
10:08:50, 1255.60, 12.96, 780, 1552, 2622, 3730, 4750, 2953, 4915, 2223, 4047, 264, 16864.50, 13.68, 11.33
10:08:51, 1264.20, 12.95, 847, 1684, 2910, 4150, 5582, 3292, 6103, 2484, 4610, 341, 16850.39, 13.70, 11.27
10:08:51, 1274.10, 12.95, 676, 1303, 2215, 3060, 6156, 3398, 6818, 2504, 4545, 341, 16836.30, 13.72, 11.27
10:08:52, 1283.90, 12.94, 710, 1407, 2442, 3496, 6400, 3584, 6958, 2597, 4619, 350, 16836.30, 13.72, 11.27
10:08:52, 1292.50, 12.94, 702, 1394, 2443, 3441, 4282, 2636, 4247, 1805, 3834, 256, 16864.50, 13.68, 11.22
10:08:53, 1299.60, 12.93, 676, 1335, 2344, 3258, 4571, 2800, 4646, 1928, 3960, 276, 16850.39, 13.70, 11.22
10:08:53, 1306.80, 12.93, 650, 1295, 2298, 3286, 5301, 3095, 5451, 2132, 4036, 282, 16836.30, 13.72, 11.14
10:08:53, 1314.90, 12.93, 567, 1132, 1955, 2744, 4388, 2625, 4166, 1685, 3669, 239, 16850.39, 13.70, 11.14
10:08:54, 1324.20, 12.92, 616, 1233, 2188, 3082, 3732, 2433, 3293, 1498, 3592, 223, 16864.50, 13.68, 11.14
10:08:54, 1334.10, 12.93, 714, 1512, 2789, 4448, 3528, 2264, 3076, 1354, 3325, 204, 16864.50, 13.68, 11.11
10:08:55, 1342.40, 12.93, 562, 1162, 2062, 3027, 3319, 2219, 2750, 1301, 3314, 199, 16864.50, 13.68, 11.11
10:08:55, 1349.80, 12.93, 680, 1446, 2665, 4084, 8423, 4469, 8147, 2710, 4977, 374, 16878.62, 13.67, 11.09
10:08:55, 1356.90, 12.91, 507, 1046, 1844, 2683, 3507, 2312, 2881, 1287, 3316, 199, 16878.62, 13.67, 11.09
10:08:56, 1368.10, 12.89, 669, 1487, 2794, 4474, 5204, 2962, 4860, 1720, 3799, 253, 16892.74, 13.65, 11.07
10:08:56, 1379.10, 12.88, 534, 1137, 2063, 3075, 3175, 2147, 2508, 1123, 3227, 190, 16878.62, 13.67, 11.07
10:08:57, 1390.00, 12.84, 514, 1119, 2032, 3124, 3853, 2481, 3099, 1295, 3313, 203, 16906.89, 13.63, 11.07
10:08:57, 1398.20, 12.84, 626, 1399, 2667, 4342, 3400, 2233, 2569, 1132, 3255, 196, 16892.74, 13.65, 11.05
10:08:58, 1405.10, 12.87, 474, 1030, 1898, 2873, 4064, 2500, 3268, 1275, 3323, 207, 16906.89, 13.63, 11.05
10:08:58, 1412.40, 12.84, 566, 1249, 2366, 3756, 4892, 2768, 3903, 1379, 3524, 226, 16864.50, 13.68, 11.02
10:08:58, 1421.10, 12.84, 431, 918, 1702, 2563, 4824, 2709, 4222, 1368, 3569, 245, 16906.89, 13.63, 11.02
10:08:59, 1431.20, 12.83, 428, 922, 1727, 2572, 3712, 2236, 2986, 1081, 3159, 201, 16906.89, 13.63, 11.02
10:08:59, 1441.00, 12.83, 436, 953, 1816, 2748, 3130, 1994, 2202, 919, 2906, 176, 16892.74, 13.65, 11.00
10:09:00, 1449.30, 12.82, 453, 1010, 1956, 3009, 3531, 2205, 2561, 1010, 3077, 193, 16892.74, 13.65, 11.00
10:09:00, 1455.10, 12.80, 432, 968, 1896, 2985, 3441, 2002, 2520, 910, 2888, 179, 16921.05, 13.62, 10.96
10:09:00, 1461.90, 12.79, 417, 925, 1818, 2749, 3511, 2084, 2612, 945, 2943, 185, 16906.89, 13.63, 10.96
10:09:01, 1470.00, 12.78, 476, 1053, 2088, 3264, 3581, 2097, 2600, 917, 2925, 187, 16921.05, 13.62, 10.96
10:09:01, 1479.60, 12.77, 347, 760, 1477, 2197, 2633, 1636, 1776, 692, 2577, 152, 16921.05, 13.62, 10.91
10:09:02, 1490.00, 12.76, 414, 932, 1888, 2952, 3782, 2185, 2631, 932, 2964, 191, 16935.23, 13.60, 10.91
10:09:02, 1498.80, 12.75, 368, 814, 1620, 2477, 2573, 1619, 1622, 647, 2487, 148, 16921.05, 13.62, 10.89
10:09:03, 1505.50, 12.74, 315, 694, 1374, 2044, 3169, 1802, 2157, 743, 2639, 164, 16935.23, 13.60, 10.89
10:09:03, 1513.30, 12.72, 380, 848, 1740, 2620, 3341, 1975, 2227, 795, 2784, 176, 16878.62, 13.67, 10.89
10:09:03, 1522.30, 12.72, 394, 906, 1853, 2955, 3595, 2044, 2452, 808, 2772, 178, 16935.23, 13.60, 10.83
10:09:04, 1531.80, 12.70, 320, 709, 1445, 2193, 2853, 1688, 1808, 646, 2529, 154, 16935.23, 13.60, 10.83
10:09:04, 1542.00, 12.70, 308, 693, 1413, 2120, 2781, 1719, 1640, 637, 2513, 150, 16935.23, 13.60, 10.78
10:09:05, 1551.60, 12.69, 337, 773, 1618, 2524, 3187, 1828, 1977, 677, 2616, 166, 16963.63, 13.56, 10.78
10:09:05, 1559.30, 12.67, 309, 705, 1465, 2283, 2667, 1639, 1498, 576, 2431, 142, 16935.23, 13.60, 10.78
10:09:05, 1565.70, 12.65, 332, 765, 1618, 2508, 3704, 2005, 2410, 740, 2658, 172, 16949.42, 13.58, 10.74
10:09:06, 1572.50, 12.63, 304, 692, 1465, 2250, 2798, 1671, 1606, 581, 2435, 146, 16963.63, 13.56, 10.74
10:09:06, 1581.10, 12.62, 322, 746, 1591, 2496, 3229, 1874, 1877, 651, 2564, 159, 16963.63, 13.56, 10.73
10:09:07, 1589.50, 12.60, 290, 666, 1427, 2206, 2400, 1462, 1283, 482, 2260, 131, 16963.63, 13.56, 10.73
10:09:07, 1598.00, 12.60, 277, 640, 1373, 2145, 3246, 1817, 1920, 614, 2474, 153, 16949.42, 13.58, 10.73
10:09:08, 1606.20, 12.59, 316, 742, 1630, 2583, 2837, 1663, 1535, 541, 2380, 144, 16935.23, 13.60, 10.72
10:09:08, 1613.80, 12.60, 273, 633, 1376, 2157, 2706, 1586, 1429, 507, 2292, 136, 16977.85, 13.55, 10.72
10:09:08, 1621.60, 12.60, 289, 677, 1492, 2351, 3257, 1777, 1877, 583, 2404, 152, 16977.85, 13.55, 10.72
10:09:09, 1631.70, 12.59, 258, 593, 1312, 2003, 2381, 1414, 1170, 437, 2131, 124, 16977.85, 13.55, 10.72
10:09:09, 1643.10, 12.59, 285, 673, 1516, 2435, 3114, 1682, 1730, 528, 2305, 145, 16992.08, 13.53, 10.72
10:09:10, 1653.40, 12.58, 269, 624, 1418, 2199, 2640, 1507, 1286, 457, 2144, 129, 17020.60, 13.49, 10.69
10:09:10, 1661.30, 12.56, 268, 627, 1445, 2272, 2941, 1543, 1510, 473, 2148, 133, 16992.08, 13.53, 10.69
10:09:10, 1668.10, 12.54, 240, 549, 1255, 1903, 2601, 1441, 1296, 429, 2081, 128, 16963.63, 13.56, 10.67
10:09:11, 1676.00, 12.54, 252, 590, 1362, 2122, 2936, 1586, 1471, 470, 2142, 134, 16992.08, 13.53, 10.67
10:09:11, 1685.10, 12.54, 243, 559, 1307, 2024, 2398, 1312, 1116, 380, 1937, 117, 17006.34, 13.51, 10.67
10:09:12, 1694.60, 12.54, 207, 474, 1094, 1659, 2118, 1217, 932, 337, 1870, 110, 16992.08, 13.53, 10.65
10:09:12, 1703.50, 12.54, 220, 513, 1198, 1860, 2699, 1449, 1270, 409, 1999, 125, 17034.88, 13.48, 10.65
10:09:12, 1710.60, 12.53, 219, 500, 1199, 1806, 2195, 1222, 934, 334, 1827, 109, 17034.88, 13.48, 10.66
10:09:13, 1716.50, 12.53, 199, 459, 1081, 1649, 2276, 1257, 981, 338, 1855, 110, 16992.08, 13.53, 10.66
10:09:13, 1723.90, 12.52, 244, 567, 1383, 2135, 3048, 1562, 1405, 438, 2039, 130, 16992.08, 13.53, 10.66
10:09:14, 1733.00, 12.51, 218, 498, 1213, 1851, 2198, 1214, 930, 319, 1801, 108, 17049.18, 13.46, 10.64
10:09:14, 1743.30, 12.51, 191, 443, 1062, 1654, 2126, 1196, 874, 306, 1791, 106, 17006.34, 13.51, 10.64
10:09:15, 1752.90, 12.50, 211, 497, 1216, 1919, 2661, 1397, 1157, 362, 1905, 117, 17049.18, 13.46, 10.65
10:09:15, 1761.30, 12.50, 201, 471, 1158, 1829, 2384, 1278, 1015, 322, 1817, 110, 17034.88, 13.48, 10.65
10:09:15, 1768.60, 12.49, 187, 440, 1070, 1689, 2250, 1236, 917, 305, 1782, 105, 17034.88, 13.48, 10.65
10:09:16, 1776.70, 12.48, 187, 445, 1090, 1718, 2285, 1257, 909, 305, 1806, 106, 17034.88, 13.48, 10.65
10:09:16, 1785.80, 12.48, 188, 449, 1108, 1783, 2385, 1290, 984, 309, 1804, 107, 17006.34, 13.51, 10.65
10:09:17, 1795.70, 12.47, 182, 435, 1083, 1722, 2268, 1228, 893, 293, 1747, 103, 17049.18, 13.46, 10.65
10:09:17, 1805.10, 12.46, 181, 433, 1084, 1773, 2240, 1217, 890, 282, 1762, 105, 17020.60, 13.49, 10.65
10:09:17, 1813.70, 12.46, 182, 440, 1110, 1795, 2256, 1226, 864, 282, 1729, 102, 17063.49, 13.44, 10.66
10:09:18, 1821.60, 12.45, 175, 416, 1051, 1718, 2310, 1225, 908, 281, 1727, 103, 17049.18, 13.46, 10.66
10:09:18, 1829.60, 12.45, 176, 423, 1082, 1756, 2200, 1189, 808, 269, 1685, 98, 17034.88, 13.48, 10.66
10:09:19, 1838.70, 12.45, 164, 394, 997, 1608, 1985, 1111, 699, 243, 1628, 94, 17049.18, 13.46, 10.65
10:09:19, 1847.80, 12.46, 167, 399, 1028, 1681, 2275, 1198, 851, 265, 1669, 100, 17077.82, 13.42, 10.65
10:09:19, 1855.90, 12.46, 171, 409, 1069, 1741, 2160, 1162, 770, 252, 1640, 97, 17092.16, 13.41, 10.64
10:09:20, 1862.90, 12.46, 156, 372, 966, 1566, 1927, 1044, 662, 221, 1551, 90, 17077.82, 13.42, 10.64
10:09:20, 1869.80, 12.46, 155, 371, 974, 1590, 2089, 1093, 753, 232, 1564, 93, 17063.49, 13.44, 10.64
10:09:21, 1876.40, 12.45, 157, 373, 984, 1606, 2100, 1113, 724, 234, 1568, 93, 17077.82, 13.42, 10.64
10:09:21, 1886.00, 12.46, 155, 369, 984, 1590, 2002, 1047, 672, 218, 1505, 88, 17092.16, 13.41, 10.64
10:09:22, 1896.60, 12.46, 137, 324, 858, 1400, 1750, 944, 572, 190, 1433, 83, 17092.16, 13.41, 10.65
10:09:22, 1906.40, 12.45, 140, 334, 895, 1457, 1948, 1034, 624, 209, 1474, 86, 17092.16, 13.41, 10.65
10:09:22, 1915.20, 12.45, 149, 355, 967, 1577, 1973, 1028, 637, 206, 1463, 86, 17106.52, 13.39, 10.65
10:09:23, 1923.50, 12.44, 130, 307, 830, 1357, 1666, 897, 509, 174, 1366, 78, 17092.16, 13.41, 10.66
10:09:23, 1930.80, 12.44, 130, 308, 838, 1363, 1845, 968, 571, 190, 1394, 81, 17092.16, 13.41, 10.66
10:09:24, 1939.90, 12.44, 141, 330, 917, 1497, 1975, 1001, 624, 198, 1394, 83, 17092.16, 13.41, 10.68
10:09:24, 1949.50, 12.43, 127, 297, 827, 1349, 1701, 882, 512, 168, 1318, 77, 17135.28, 13.35, 10.68
10:09:24, 1957.90, 12.42, 122, 287, 800, 1309, 1719, 893, 506, 169, 1309, 76, 17120.89, 13.37, 10.68
10:09:25, 1964.20, 12.41, 126, 295, 829, 1349, 1832, 939, 535, 179, 1323, 78, 17106.52, 13.39, 10.68
10:09:25, 1970.40, 12.39, 129, 300, 852, 1389, 1759, 903, 512, 169, 1304, 76, 17120.89, 13.37, 10.68
10:09:26, 1978.60, 12.38, 118, 277, 778, 1277, 1583, 833, 443, 153, 1242, 71, 17149.68, 13.34, 10.64
10:09:26, 1988.50, 12.37, 111, 260, 733, 1202, 1596, 827, 447, 151, 1229, 71, 17106.52, 13.39, 10.64
10:09:27, 1998.80, 12.37, 117, 274, 784, 1292, 1690, 864, 475, 157, 1249, 73, 17135.28, 13.35, 10.64
10:09:27, 2007.90, 12.36, 115, 268, 775, 1275, 1602, 825, 433, 147, 1214, 70, 17120.89, 13.37, 10.62
10:09:27, 2014.60, 12.36, 108, 250, 722, 1190, 1523, 789, 406, 139, 1190, 68, 17120.89, 13.37, 10.62
10:09:28, 2020.60, 12.35, 113, 265, 772, 1281, 1701, 860, 463, 152, 1233, 72, 17149.68, 13.34, 10.52
10:09:28, 2027.70, 12.34, 114, 266, 777, 1284, 1632, 834, 431, 147, 1199, 69, 17149.68, 13.34, 10.52
10:09:29, 2037.90, 12.33, 102, 239, 696, 1158, 1471, 752, 386, 130, 1147, 66, 17178.53, 13.30, 10.52
10:09:29, 2049.20, 12.32, 99, 233, 682, 1142, 1509, 772, 390, 131, 1159, 66, 17135.28, 13.35, 10.52
10:09:29, 2058.90, 12.32, 103, 241, 711, 1191, 1533, 786, 383, 133, 1151, 66, 17164.10, 13.32, 10.52
10:09:30, 2065.40, 12.31, 102, 235, 701, 1172, 1503, 762, 375, 128, 1134, 65, 17120.89, 13.37, 10.52
10:09:30, 2071.10, 12.31, 98, 228, 679, 1136, 1473, 748, 359, 125, 1117, 64, 17164.10, 13.32, 10.52
10:09:31, 2078.10, 12.30, 98, 229, 684, 1152, 1481, 752, 365, 125, 1110, 64, 17164.10, 13.32, 10.52
10:09:31, 2086.90, 12.30, 97, 225, 678, 1137, 1456, 731, 353, 121, 1093, 63, 17178.53, 13.30, 10.54
10:09:31, 2096.70, 12.29, 92, 213, 643, 1079, 1364, 692, 320, 112, 1060, 60, 17164.10, 13.32, 10.54
10:09:32, 2105.80, 12.28, 89, 207, 626, 1061, 1384, 697, 328, 112, 1051, 60, 17164.10, 13.32, 10.52
10:09:32, 2113.00, 12.27, 91, 209, 639, 1072, 1401, 702, 320, 113, 1041, 60, 17164.10, 13.32, 10.52
10:09:33, 2119.00, 12.25, 90, 206, 632, 1065, 1388, 693, 320, 111, 1030, 59, 17192.98, 13.28, 10.52
10:09:33, 2125.90, 12.24, 89, 203, 629, 1062, 1394, 682, 323, 110, 1012, 58, 17207.45, 13.27, 10.54
10:09:34, 2134.80, 12.23, 87, 198, 615, 1031, 1316, 656, 290, 104, 988, 56, 17178.53, 13.30, 10.54
10:09:34, 2144.20, 12.23, 84, 193, 599, 1015, 1315, 655, 291, 102, 987, 56, 17178.53, 13.30, 10.55
10:09:34, 2154.00, 12.22, 85, 194, 608, 1031, 1349, 660, 298, 104, 976, 56, 17207.45, 13.27, 10.55
10:09:35, 2161.60, 12.21, 82, 186, 588, 994, 1253, 621, 269, 96, 945, 54, 17192.98, 13.28, 10.55
10:09:35, 2169.00, 12.19, 79, 179, 563, 961, 1225, 611, 258, 93, 940, 53, 17207.45, 13.27, 10.44
10:09:36, 2177.50, 12.14, 80, 183, 577, 984, 1264, 621, 268, 95, 939, 54, 17178.53, 13.30, 10.44
10:09:36, 2187.40, 12.13, 80, 181, 576, 980, 1249, 610, 264, 93, 926, 53, 17236.42, 13.23, 10.36
10:09:36, 2198.00, 12.12, 76, 172, 549, 944, 1185, 586, 243, 88, 911, 51, 17207.45, 13.27, 10.36
10:09:37, 2207.80, 12.11, 74, 168, 538, 926, 1185, 581, 240, 87, 903, 51, 17207.45, 13.27, 10.36
10:09:37, 2214.70, 12.09, 74, 169, 544, 935, 1216, 589, 246, 88, 906, 51, 17236.42, 13.23, 10.32
10:09:38, 2220.20, 12.07, 74, 168, 542, 938, 1193, 580, 240, 86, 901, 51, 17221.93, 13.25, 10.32
10:09:38, 2227.00, 12.06, 71, 162, 522, 908, 1138, 557, 226, 82, 878, 49, 17236.42, 13.23, 10.27
10:09:38, 2235.80, 12.04, 69, 158, 511, 888, 1134, 550, 224, 81, 873, 49, 17207.45, 13.27, 10.27
10:09:39, 2245.80, 12.04, 68, 155, 506, 887, 1128, 545, 225, 79, 871, 49, 17236.42, 13.23, 10.27
10:09:39, 2255.60, 12.04, 67, 154, 505, 889, 1125, 547, 217, 79, 867, 49, 17236.42, 13.23, 10.26
10:09:40, 2263.60, 12.03, 66, 152, 500, 879, 1126, 542, 216, 78, 862, 48, 17236.42, 13.23, 10.26
10:09:40, 2270.10, 12.03, 65, 150, 495, 875, 1103, 532, 210, 76, 856, 48, 17236.42, 13.23, 10.27
10:09:41, 2277.90, 12.02, 65, 149, 494, 875, 1103, 532, 208, 75, 852, 47, 17236.42, 13.23, 10.27
10:09:41, 2288.00, 12.02, 64, 146, 486, 863, 1079, 519, 203, 73, 840, 47, 17236.42, 13.23, 10.27
10:09:41, 2298.90, 12.02, 61, 139, 464, 831, 1033, 497, 192, 69, 823, 46, 17250.93, 13.21, 10.25
10:09:42, 2308.90, 12.01, 59, 137, 458, 822, 1027, 495, 187, 69, 818, 45, 17265.46, 13.20, 10.25
10:09:42, 2316.00, 12.01, 59, 137, 459, 825, 1038, 495, 190, 69, 809, 45, 17265.46, 13.20, 10.25
10:09:43, 2322.70, 12.00, 59, 135, 456, 818, 1031, 492, 185, 68, 803, 45, 17250.93, 13.21, 10.25
10:09:43, 2330.70, 12.00, 57, 131, 444, 798, 992, 475, 176, 65, 788, 44, 17265.46, 13.20, 10.25
10:09:43, 2339.60, 11.99, 56, 129, 437, 787, 988, 471, 173, 64, 782, 43, 17294.56, 13.16, 10.26
10:09:44, 2349.20, 11.99, 56, 127, 434, 781, 976, 463, 168, 63, 771, 43, 17309.13, 13.14, 10.26
10:09:44, 2358.30, 11.99, 54, 123, 422, 763, 947, 451, 162, 61, 757, 42, 17280.00, 13.18, 10.25
10:09:45, 2366.70, 12.00, 53, 121, 415, 753, 942, 444, 162, 60, 746, 41, 17280.00, 13.18, 10.25
10:09:45, 2374.10, 12.00, 52, 119, 411, 745, 936, 440, 159, 59, 736, 41, 17309.13, 13.14, 10.21
10:09:46, 2383.00, 12.00, 51, 116, 404, 734, 913, 429, 154, 58, 726, 40, 17265.46, 13.20, 10.21
10:09:46, 2393.10, 12.00, 51, 114, 399, 728, 907, 425, 152, 57, 721, 40, 17309.13, 13.14, 10.21
10:09:46, 2403.60, 12.00, 50, 112, 393, 719, 905, 422, 150, 56, 710, 39, 17294.56, 13.16, 10.20
10:09:47, 2412.30, 11.99, 49, 110, 390, 714, 895, 416, 147, 55, 701, 39, 17309.13, 13.14, 10.20
10:09:47, 2419.40, 11.98, 48, 109, 385, 706, 883, 411, 143, 54, 697, 38, 17294.56, 13.16, 10.16
10:09:48, 2427.10, 11.96, 48, 107, 380, 697, 869, 405, 139, 53, 686, 38, 17309.13, 13.14, 10.16
10:09:48, 2436.20, 11.95, 46, 104, 371, 683, 853, 396, 137, 52, 674, 37, 17323.72, 13.13, 10.16
10:09:48, 2446.10, 11.94, 45, 101, 363, 670, 835, 386, 132, 51, 667, 37, 17294.56, 13.16, 10.16
10:09:49, 2455.90, 11.93, 44, 99, 356, 658, 824, 382, 127, 50, 661, 36, 17323.72, 13.13, 10.16
10:09:49, 2464.30, 11.93, 44, 98, 355, 658, 824, 381, 127, 49, 655, 36, 17323.72, 13.13, 10.15
10:09:50, 2471.10, 11.92, 44, 97, 353, 655, 819, 376, 126, 49, 646, 35, 17338.32, 13.11, 10.15
10:09:50, 2477.70, 11.92, 43, 95, 347, 644, 798, 367, 120, 47, 638, 35, 17323.72, 13.13, 10.15
10:09:50, 2486.00, 11.91, 42, 93, 338, 628, 777, 358, 116, 46, 627, 34, 17323.72, 13.13, 10.13
10:09:51, 2495.30, 11.91, 41, 90, 331, 616, 771, 354, 114, 46, 621, 34, 17338.32, 13.11, 10.13
10:09:51, 2505.60, 11.90, 41, 90, 329, 615, 768, 351, 114, 45, 615, 34, 17323.72, 13.13, 10.13
10:09:52, 2514.00, 11.89, 40, 87, 322, 604, 756, 344, 111, 44, 606, 33, 17352.94, 13.09, 10.13
10:09:52, 2521.20, 11.87, 39, 86, 319, 598, 747, 340, 109, 43, 601, 33, 17352.94, 13.09, 10.13
10:09:53, 2528.10, 11.86, 39, 85, 318, 595, 744, 337, 107, 43, 597, 32, 17367.58, 13.07, 10.11
10:09:53, 2538.10, 11.85, 38, 84, 314, 591, 734, 332, 106, 42, 591, 32, 17352.94, 13.09, 10.11
10:09:53, 2550.00, 11.84, 37, 81, 305, 577, 713, 323, 102, 41, 580, 31, 17382.23, 13.06, 10.12
10:09:54, 2559.50, 11.83, 36, 79, 298, 564, 700, 315, 98, 40, 570, 31, 17352.94, 13.09, 10.12
10:09:54, 2566.60, 11.83, 36, 79, 298, 564, 703, 316, 98, 40, 567, 31, 17367.58, 13.07, 10.12
10:09:55, 2572.20, 11.81, 36, 78, 295, 560, 693, 311, 97, 39, 561, 30, 17352.94, 13.09, 10.10
10:09:55, 2579.00, 11.81, 35, 76, 290, 550, 683, 306, 94, 39, 555, 30, 17367.58, 13.07, 10.10
10:09:55, 2586.80, 11.80, 34, 75, 285, 543, 673, 301, 92, 38, 549, 30, 17352.94, 13.09, 10.09
10:09:56, 2597.40, 11.80, 34, 73, 281, 537, 666, 298, 91, 37, 545, 29, 17338.32, 13.11, 10.09
10:09:56, 2607.20, 11.80, 33, 72, 276, 531, 660, 295, 90, 37, 537, 29, 17367.58, 13.07, 10.09
10:09:57, 2615.00, 11.80, 33, 71, 274, 524, 653, 290, 87, 36, 531, 29, 17382.23, 13.06, 10.09
10:09:57, 2622.00, 11.79, 33, 70, 272, 522, 647, 287, 85, 36, 527, 28, 17396.89, 13.04, 10.09
10:09:57, 2630.20, 11.79, 32, 69, 267, 515, 634, 282, 84, 35, 520, 28, 17382.23, 13.06, 10.09
10:09:58, 2640.10, 11.79, 31, 67, 261, 503, 621, 275, 81, 34, 511, 28, 17396.89, 13.04, 10.09
10:09:58, 2650.00, 11.79, 31, 66, 257, 496, 613, 271, 80, 34, 506, 27, 17382.23, 13.06, 10.09
10:09:59, 2659.70, 11.78, 30, 64, 253, 491, 607, 268, 78, 33, 501, 27, 17411.58, 13.02, 10.08
10:09:59, 2666.80, 11.77, 30, 63, 249, 484, 601, 264, 77, 33, 494, 27, 17411.58, 13.02, 10.08
10:10:00, 2672.70, 11.75, 30, 63, 248, 481, 598, 263, 75, 32, 492, 26, 17411.58, 13.02, 10.09
10:10:00, 2679.80, 11.74, 29, 62, 246, 478, 590, 259, 74, 32, 486, 26, 17396.89, 13.04, 10.09
10:10:00, 2689.50, 11.73, 28, 60, 240, 468, 578, 253, 73, 31, 480, 26, 17411.58, 13.02, 10.09
10:10:01, 2699.60, 11.72, 28, 58, 235, 458, 565, 248, 70, 30, 473, 25, 17440.99, 12.99, 10.08
10:10:01, 2708.30, 11.71, 27, 58, 233, 456, 563, 245, 69, 30, 468, 25, 17426.28, 13.00, 10.08
10:10:02, 2715.20, 11.71, 27, 57, 231, 452, 560, 244, 68, 30, 464, 25, 17440.99, 12.99, 10.08
10:10:02, 2720.40, 11.71, 27, 57, 229, 451, 557, 242, 68, 30, 462, 25, 17455.72, 12.97, 10.08
10:10:02, 2727.50, 11.71, 27, 56, 227, 447, 549, 239, 66, 29, 457, 24, 17440.99, 12.99, 10.08
10:10:03, 2737.30, 11.71, 26, 54, 222, 437, 538, 233, 65, 28, 450, 24, 17426.28, 13.00, 10.08
10:10:03, 2748.30, 11.71, 25, 53, 216, 427, 527, 228, 63, 28, 443, 24, 17440.99, 12.99, 10.08
10:10:04, 2757.20, 11.70, 25, 52, 213, 422, 521, 225, 62, 27, 437, 23, 17440.99, 12.99, 10.08
10:10:04, 2763.70, 11.68, 25, 52, 213, 421, 522, 225, 61, 27, 435, 23, 17440.99, 12.99, 10.08
10:10:05, 2769.90, 11.66, 25, 51, 212, 420, 518, 223, 60, 27, 432, 23, 17470.46, 12.95, 10.08
10:10:05, 2778.40, 11.66, 24, 50, 209, 414, 509, 219, 59, 27, 427, 23, 17455.72, 12.97, 10.06
10:10:05, 2788.70, 11.65, 24, 49, 204, 405, 499, 214, 58, 26, 421, 22, 17470.46, 12.95, 10.06
10:10:06, 2800.30, 11.63, 23, 48, 199, 396, 488, 209, 56, 25, 413, 22, 17485.22, 12.93, 10.06
10:10:06, 2809.80, 11.63, 23, 46, 195, 390, 481, 205, 54, 25, 406, 22, 17455.72, 12.97, 10.06
10:10:07, 2816.90, 11.62, 23, 46, 194, 387, 479, 204, 54, 25, 402, 21, 17485.22, 12.93, 10.06
10:10:07, 2822.30, 11.60, 22, 45, 193, 385, 474, 201, 53, 24, 398, 21, 17485.22, 12.93, 10.06
10:10:07, 2828.60, 11.60, 22, 45, 189, 378, 465, 197, 52, 24, 393, 21, 17514.79, 12.90, 10.06
10:10:08, 2837.50, 11.59, 22, 44, 186, 374, 462, 195, 51, 24, 389, 21, 17455.72, 12.97, 10.05
10:10:08, 2847.50, 11.59, 21, 43, 182, 367, 450, 190, 49, 23, 380, 20, 17514.79, 12.90, 10.05
10:10:09, 2855.50, 11.59, 21, 42, 179, 360, 446, 188, 49, 23, 374, 20, 17485.22, 12.93, 10.05
10:10:09, 2862.10, 11.58, 21, 41, 178, 359, 444, 186, 48, 23, 372, 20, 17485.22, 12.93, 10.05
10:10:09, 2869.50, 11.58, 20, 41, 176, 355, 438, 184, 47, 22, 367, 19, 17514.79, 12.90, 10.05
10:10:10, 2877.20, 11.57, 20, 40, 172, 348, 430, 181, 46, 22, 362, 19, 17500.00, 12.92, 10.05
10:10:10, 2885.80, 11.57, 20, 39, 171, 346, 429, 179, 46, 22, 360, 19, 17514.79, 12.90, 10.05
10:10:11, 2895.60, 11.57, 20, 39, 168, 341, 420, 176, 45, 21, 354, 19, 17514.79, 12.90, 10.05
10:10:11, 2904.60, 11.56, 19, 38, 165, 334, 413, 172, 44, 21, 349, 18, 17485.22, 12.93, 10.05
10:10:12, 2912.00, 11.56, 19, 37, 164, 332, 411, 171, 43, 21, 345, 18, 17500.00, 12.92, 10.05
10:10:12, 2919.50, 11.55, 19, 37, 162, 331, 408, 169, 42, 20, 343, 18, 17514.79, 12.90, 10.05
10:10:12, 2928.40, 11.55, 18, 36, 159, 324, 398, 165, 41, 20, 338, 18, 17574.13, 12.83, 10.05
10:10:13, 2938.00, 11.53, 18, 35, 156, 319, 394, 163, 41, 20, 333, 18, 17500.00, 12.92, 10.04
10:10:13, 2946.80, 11.50, 18, 35, 154, 316, 391, 162, 40, 19, 331, 17, 17514.79, 12.90, 10.04
10:10:14, 2954.90, 11.49, 18, 34, 152, 311, 384, 158, 39, 19, 326, 17, 17544.42, 12.86, 10.04
10:10:14, 2962.20, 11.48, 17, 33, 150, 308, 380, 156, 38, 19, 321, 17, 17544.42, 12.86, 10.04
10:10:14, 2969.00, 11.47, 17, 33, 148, 304, 375, 154, 38, 19, 318, 17, 17544.42, 12.86, 10.04
10:10:15, 2977.10, 11.46, 17, 32, 146, 301, 371, 152, 37, 18, 315, 17, 17544.42, 12.86, 10.04
10:10:15, 2986.30, 11.46, 17, 32, 144, 296, 365, 150, 36, 18, 309, 16, 17574.13, 12.83, 10.04
10:10:16, 2995.30, 11.46, 16, 31, 141, 291, 360, 147, 36, 18, 305, 16, 17544.42, 12.86, 10.04
10:10:16, 3003.00, 11.45, 16, 31, 139, 287, 355, 144, 35, 17, 300, 16, 17559.27, 12.85, 10.03
10:10:16, 3008.90, 11.45, 16, 30, 138, 285, 353, 143, 34, 17, 298, 16, 17574.13, 12.83, 10.03
10:10:17, 3015.90, 11.45, 16, 30, 136, 282, 349, 142, 34, 17, 295, 15, 17559.27, 12.85, 10.03
10:10:17, 3024.20, 11.45, 16, 29, 134, 278, 344, 139, 33, 17, 291, 15, 17574.13, 12.83, 10.03
10:10:18, 3033.70, 11.45, 15, 29, 132, 275, 339, 137, 33, 17, 287, 15, 17574.13, 12.83, 10.03
10:10:18, 3043.80, 11.44, 15, 28, 130, 270, 334, 135, 32, 16, 283, 15, 17559.27, 12.85, 10.02
10:10:19, 3052.50, 11.44, 15, 27, 128, 266, 330, 133, 31, 16, 279, 15, 17559.27, 12.85, 10.02
10:10:19, 3059.30, 11.43, 15, 27, 126, 264, 327, 131, 31, 16, 276, 14, 17574.13, 12.83, 10.02
10:10:19, 3066.50, 11.43, 15, 27, 126, 263, 325, 131, 30, 16, 276, 14, 17589.00, 12.81, 10.02
10:10:20, 3075.10, 11.42, 14, 26, 124, 259, 319, 128, 30, 15, 271, 14, 17589.00, 12.81, 10.02
10:10:20, 3084.80, 11.42, 14, 26, 121, 254, 314, 126, 29, 15, 268, 14, 17589.00, 12.81, 10.02
10:10:21, 3094.00, 11.41, 14, 25, 120, 251, 311, 124, 29, 15, 264, 14, 17559.27, 12.85, 10.02
10:10:21, 3101.70, 11.40, 14, 25, 118, 248, 306, 122, 28, 15, 260, 13, 17618.79, 12.78, 10.02
10:10:21, 3107.30, 11.39, 13, 25, 117, 246, 303, 121, 28, 15, 258, 13, 17603.89, 12.79, 10.02
10:10:22, 3113.70, 11.39, 13, 24, 116, 243, 300, 119, 27, 14, 256, 13, 17603.89, 12.79, 10.02
10:10:22, 3123.10, 11.38, 13, 24, 114, 240, 295, 117, 27, 14, 252, 13, 17603.89, 12.79, 10.02
10:10:23, 3133.10, 11.39, 13, 23, 111, 234, 288, 114, 26, 14, 247, 13, 17618.79, 12.78, 10.02
10:10:23, 3142.90, 11.38, 13, 23, 109, 231, 286, 113, 26, 14, 243, 13, 17589.00, 12.81, 10.02
10:10:24, 3150.80, 11.38, 13, 22, 108, 229, 283, 111, 25, 13, 240, 12, 17618.79, 12.78, 10.02
10:10:24, 3157.40, 11.37, 12, 22, 106, 225, 279, 109, 25, 13, 236, 12, 17648.65, 12.74, 10.02
10:10:24, 3165.00, 11.36, 12, 22, 105, 223, 276, 108, 24, 13, 234, 12, 17633.71, 12.76, 10.01
10:10:25, 3174.40, 11.36, 12, 21, 103, 220, 272, 106, 24, 13, 230, 12, 17633.71, 12.76, 10.01
10:10:25, 3184.00, 11.35, 12, 21, 101, 216, 267, 104, 23, 13, 225, 12, 17618.79, 12.78, 10.00
10:10:26, 3192.00, 11.35, 12, 20, 100, 212, 264, 102, 23, 12, 222, 11, 17648.65, 12.74, 10.00
10:10:26, 3198.30, 11.34, 12, 20, 99, 211, 263, 102, 23, 12, 221, 11, 17648.65, 12.74, 10.00
10:10:26, 3204.30, 11.34, 11, 20, 98, 209, 258, 100, 22, 12, 217, 11, 17633.71, 12.76, 9.98
10:10:27, 3210.50, 11.33, 11, 20, 96, 205, 254, 99, 22, 12, 214, 11, 17648.65, 12.74, 9.98
10:10:27, 3219.10, 11.34, 11, 19, 95, 204, 252, 98, 21, 12, 212, 11, 17663.60, 12.72, 9.98
10:10:28, 3228.60, 11.33, 11, 19, 94, 200, 247, 96, 21, 12, 208, 11, 17678.57, 12.71, 9.98
10:10:28, 3237.20, 11.33, 11, 18, 92, 196, 243, 94, 21, 11, 205, 11, 17648.65, 12.74, 9.98
10:10:28, 3243.90, 11.32, 11, 18, 91, 195, 242, 93, 20, 11, 203, 10, 17678.57, 12.71, 9.97
10:10:29, 3250.20, 11.32, 11, 18, 91, 195, 241, 92, 20, 11, 202, 10, 17648.65, 12.74, 9.97
10:10:29, 3258.40, 11.31, 10, 18, 89, 192, 237, 91, 20, 11, 199, 10, 17693.55, 12.69, 9.96
10:10:30, 3269.20, 11.31, 10, 17, 87, 188, 234, 89, 19, 11, 196, 10, 17693.55, 12.69, 9.96
10:10:30, 3280.10, 11.30, 10, 17, 86, 185, 229, 87, 19, 11, 193, 10, 17663.60, 12.72, 9.96
10:10:31, 3289.70, 11.30, 10, 17, 84, 182, 225, 86, 19, 10, 190, 10, 17693.55, 12.69, 9.97
10:10:31, 3298.00, 11.29, 10, 16, 83, 180, 224, 85, 18, 10, 187, 10, 17678.57, 12.71, 9.97
10:10:31, 3305.00, 11.28, 10, 16, 83, 178, 222, 84, 18, 10, 186, 9, 17708.56, 12.67, 9.96
10:10:32, 3312.10, 11.27, 10, 16, 82, 176, 219, 83, 18, 10, 184, 9, 17663.60, 12.72, 9.96
10:10:32, 3320.70, 11.28, 9, 16, 80, 174, 216, 81, 17, 10, 181, 9, 17663.60, 12.72, 9.96
10:10:33, 3329.60, 11.28, 9, 15, 79, 171, 212, 80, 17, 10, 178, 9, 17693.55, 12.69, 9.95
10:10:33, 3336.10, 11.27, 9, 15, 78, 168, 209, 78, 17, 10, 175, 9, 17693.55, 12.69, 9.95
10:10:33, 3340.90, 11.27, 9, 15, 77, 167, 208, 78, 16, 9, 174, 9, 17708.56, 12.67, 9.95
10:10:34, 3346.60, 11.26, 9, 15, 76, 166, 206, 77, 16, 9, 173, 9, 17723.58, 12.65, 9.95
10:10:34, 3354.80, 11.26, 9, 14, 75, 163, 203, 76, 16, 9, 171, 9, 17723.58, 12.65, 9.95
10:10:35, 3364.80, 11.27, 9, 14, 74, 161, 199, 74, 16, 9, 168, 9, 17738.61, 12.64, 9.94
10:10:35, 3374.90, 11.27, 8, 14, 72, 158, 197, 73, 15, 9, 166, 8, 17708.56, 12.67, 9.94
10:10:35, 3383.00, 11.26, 8, 14, 72, 157, 195, 72, 15, 9, 164, 8, 17723.58, 12.65, 9.94
10:10:36, 3389.40, 11.26, 8, 13, 71, 155, 193, 71, 15, 9, 163, 8, 17753.66, 12.62, 9.94
10:10:36, 3395.70, 11.25, 8, 13, 70, 154, 192, 71, 15, 9, 162, 8, 17723.58, 12.65, 9.94
10:10:37, 3404.10, 11.25, 8, 13, 69, 152, 189, 70, 15, 9, 160, 8, 17738.61, 12.64, 9.94
10:10:37, 3414.50, 11.24, 8, 13, 68, 150, 186, 69, 14, 8, 158, 8, 17723.58, 12.65, 9.94
10:10:38, 3424.40, 11.24, 8, 13, 67, 147, 183, 67, 14, 8, 156, 8, 17738.61, 12.64, 9.94
10:10:38, 3433.30, 11.23, 8, 12, 66, 146, 181, 67, 14, 8, 154, 8, 17738.61, 12.64, 9.94
10:10:38, 3441.00, 11.22, 8, 12, 66, 145, 179, 66, 14, 8, 153, 8, 17708.56, 12.67, 9.93
10:10:39, 3448.20, 11.21, 8, 12, 65, 143, 178, 65, 13, 8, 151, 8, 17753.66, 12.62, 9.93
10:10:39, 3456.00, 11.21, 8, 12, 64, 141, 175, 64, 13, 8, 149, 7, 17738.61, 12.64, 9.93
10:10:40, 3464.50, 11.21, 7, 12, 63, 139, 173, 63, 13, 8, 147, 7, 17738.61, 12.64, 9.93
10:10:40, 3473.50, 11.21, 7, 11, 62, 137, 170, 62, 13, 8, 145, 7, 17738.61, 12.64, 9.93
10:10:40, 3480.90, 11.21, 7, 11, 61, 135, 168, 61, 12, 8, 143, 7, 17783.81, 12.58, 9.92
10:10:41, 3486.60, 11.20, 7, 11, 60, 134, 167, 60, 12, 7, 142, 7, 17738.61, 12.64, 9.92
10:10:41, 3492.90, 11.20, 7, 11, 60, 133, 165, 60, 12, 7, 141, 7, 17798.91, 12.57, 9.92
10:10:42, 3501.50, 11.20, 7, 11, 59, 132, 163, 59, 12, 7, 139, 7, 17783.81, 12.58, 9.92
10:10:42, 3511.50, 11.20, 7, 11, 58, 129, 160, 58, 12, 7, 137, 7, 17753.66, 12.62, 9.92
10:10:42, 3522.50, 11.20, 7, 10, 57, 127, 158, 57, 12, 7, 135, 7, 17753.66, 12.62, 9.92
10:10:43, 3532.40, 11.19, 7, 10, 56, 125, 155, 56, 11, 7, 133, 7, 17768.73, 12.60, 9.92
10:10:43, 3539.50, 11.18, 6, 10, 55, 123, 153, 55, 11, 7, 131, 7, 17768.73, 12.60, 9.92
10:10:44, 3545.70, 11.17, 6, 10, 55, 123, 152, 55, 11, 7, 130, 6, 17814.03, 12.55, 9.92
10:10:44, 3553.30, 11.17, 6, 10, 54, 122, 151, 54, 11, 7, 129, 6, 17814.03, 12.55, 9.92
10:10:45, 3561.80, 11.17, 6, 10, 53, 120, 148, 53, 11, 7, 128, 6, 17783.81, 12.58, 9.92
10:10:45, 3569.60, 11.17, 6, 10, 53, 118, 147, 52, 10, 6, 126, 6, 17814.03, 12.55, 9.92
10:10:45, 3576.70, 11.16, 6, 9, 52, 117, 146, 52, 10, 6, 125, 6, 17783.81, 12.58, 9.92
10:10:46, 3584.00, 11.16, 6, 9, 52, 116, 144, 51, 10, 6, 124, 6, 17798.91, 12.57, 9.92
10:10:46, 3592.20, 11.16, 6, 9, 51, 115, 142, 51, 10, 6, 122, 6, 17829.17, 12.53, 9.92
10:10:47, 3601.80, 11.16, 6, 9, 50, 113, 140, 50, 10, 6, 121, 6, 17814.03, 12.55, 9.92
10:10:47, 3610.70, 11.16, 6, 9, 49, 111, 138, 49, 10, 6, 119, 6, 17814.03, 12.55, 9.92
10:10:47, 3620.30, 11.15, 6, 9, 49, 110, 136, 48, 9, 6, 118, 6, 17814.03, 12.55, 9.92
10:10:48, 3629.10, 11.15, 6, 8, 48, 109, 134, 47, 9, 6, 116, 6, 17798.91, 12.57, 9.92
10:10:48, 3637.30, 11.14, 6, 8, 47, 107, 133, 47, 9, 6, 115, 6, 17829.17, 12.53, 9.92
10:10:49, 3645.40, 11.14, 6, 8, 47, 106, 131, 46, 9, 6, 114, 6, 17829.17, 12.53, 9.93
10:10:49, 3654.10, 11.13, 5, 8, 46, 105, 129, 45, 9, 6, 112, 5, 17844.31, 12.51, 9.93
10:10:50, 3662.20, 11.13, 5, 8, 45, 103, 128, 45, 9, 6, 110, 5, 17874.66, 12.48, 9.93
10:10:50, 3669.50, 11.12, 5, 8, 45, 102, 126, 44, 9, 6, 109, 5, 17859.47, 12.50, 9.92
10:10:50, 3676.80, 11.12, 5, 8, 44, 101, 125, 44, 8, 5, 108, 5, 17814.03, 12.55, 9.92
10:10:51, 3684.40, 11.12, 5, 8, 44, 100, 123, 43, 8, 5, 107, 5, 17844.31, 12.51, 9.92
10:10:51, 3693.30, 11.12, 5, 7, 43, 98, 122, 42, 8, 5, 105, 5, 17859.47, 12.50, 9.92
10:10:52, 3702.40, 11.11, 5, 7, 43, 97, 120, 42, 8, 5, 104, 5, 17859.47, 12.50, 9.92
10:10:52, 3711.30, 11.11, 5, 7, 42, 96, 118, 41, 8, 5, 103, 5, 17874.66, 12.48, 9.92
10:10:52, 3719.60, 11.10, 5, 7, 41, 95, 117, 41, 8, 5, 101, 5, 17844.31, 12.51, 9.92
10:10:53, 3727.20, 11.10, 5, 7, 41, 93, 115, 40, 8, 5, 100, 5, 17859.47, 12.50, 9.92
10:10:53, 3735.30, 11.10, 5, 7, 40, 92, 114, 39, 8, 5, 99, 5, 17859.47, 12.50, 9.92
10:10:54, 3743.40, 11.10, 5, 7, 40, 91, 112, 39, 7, 5, 98, 5, 17889.86, 12.46, 9.92
10:10:54, 3752.50, 11.09, 5, 7, 39, 89, 111, 38, 7, 5, 96, 5, 17844.31, 12.51, 9.91
10:10:54, 3761.30, 11.09, 5, 7, 38, 88, 110, 38, 7, 5, 95, 5, 17859.47, 12.50, 9.91
10:10:55, 3767.80, 11.08, 5, 6, 38, 88, 109, 37, 7, 5, 95, 5, 17874.66, 12.48, 9.92
10:10:55, 3773.60, 11.08, 5, 6, 38, 87, 108, 37, 7, 5, 94, 5, 17874.66, 12.48, 9.92
10:10:56, 3781.10, 11.08, 4, 6, 37, 86, 107, 37, 7, 5, 93, 4, 17874.66, 12.48, 9.92
10:10:56, 3790.30, 11.08, 4, 6, 37, 85, 105, 36, 7, 4, 92, 4, 17889.86, 12.46, 9.92
10:10:57, 3799.40, 11.08, 4, 6, 36, 84, 104, 35, 7, 4, 91, 4, 17905.07, 12.44, 9.92
10:10:57, 3807.70, 11.08, 4, 6, 36, 83, 103, 35, 7, 4, 90, 4, 17874.66, 12.48, 9.92
10:10:57, 3815.00, 11.07, 4, 6, 35, 82, 102, 35, 6, 4, 90, 4, 17859.47, 12.50, 9.92
10:10:58, 3822.20, 11.06, 4, 6, 35, 82, 101, 34, 6, 4, 89, 4, 17889.86, 12.46, 9.92
10:10:58, 3831.00, 11.06, 4, 6, 35, 81, 100, 34, 6, 4, 89, 4, 17905.07, 12.44, 9.92
10:10:59, 3840.70, 11.06, 4, 6, 34, 80, 98, 33, 6, 4, 87, 4, 17920.31, 12.43, 9.92
10:10:59, 3849.80, 11.06, 4, 6, 34, 78, 97, 33, 6, 4, 86, 4, 17889.86, 12.46, 9.93
10:10:59, 3858.30, 11.06, 4, 6, 33, 78, 96, 32, 6, 4, 85, 4, 17935.55, 12.41, 9.93
10:11:00, 3866.20, 11.05, 4, 5, 33, 77, 95, 32, 6, 4, 84, 4, 17920.31, 12.43, 9.93
10:11:00, 3873.70, 11.05, 4, 5, 32, 76, 94, 32, 6, 4, 84, 4, 17920.31, 12.43, 9.92
10:11:01, 3882.20, 11.05, 4, 5, 32, 75, 93, 31, 6, 4, 83, 4, 17920.31, 12.43, 9.92
10:11:01, 3892.10, 11.05, 4, 5, 32, 74, 91, 31, 6, 4, 81, 4, 17920.31, 12.43, 9.92
10:11:01, 3901.10, 11.05, 4, 5, 31, 73, 90, 30, 6, 4, 80, 4, 17935.55, 12.41, 9.92
10:11:02, 3909.40, 11.04, 4, 5, 31, 72, 89, 30, 5, 4, 79, 4, 17920.31, 12.43, 9.92
10:11:02, 3916.40, 11.04, 4, 5, 30, 71, 88, 29, 5, 4, 78, 4, 17920.31, 12.43, 9.92
10:11:03, 3921.60, 11.04, 4, 5, 30, 70, 87, 29, 5, 4, 77, 4, 17920.31, 12.43, 9.92
10:11:03, 3928.40, 11.04, 4, 5, 30, 70, 86, 29, 5, 4, 77, 4, 17935.55, 12.41, 9.92
10:11:04, 3936.30, 11.04, 4, 5, 29, 69, 85, 28, 5, 4, 76, 4, 17935.55, 12.41, 9.92
10:11:04, 3943.90, 11.04, 4, 5, 29, 68, 84, 28, 5, 3, 74, 3, 17950.82, 12.39, 9.92
10:11:04, 3950.70, 11.04, 3, 5, 28, 67, 83, 27, 5, 3, 74, 3, 17920.31, 12.43, 9.92
10:11:05, 3958.00, 11.03, 3, 5, 28, 67, 82, 27, 5, 3, 73, 3, 17950.82, 12.39, 9.92
10:11:05, 3965.90, 11.04, 3, 4, 28, 66, 81, 27, 5, 3, 72, 3, 17935.55, 12.41, 9.92
10:11:06, 3975.50, 11.03, 3, 4, 27, 65, 80, 26, 5, 3, 71, 3, 17950.82, 12.39, 9.92
10:11:06, 3986.60, 11.02, 3, 4, 27, 64, 79, 26, 5, 3, 70, 3, 17950.82, 12.39, 9.92
10:11:06, 3997.60, 11.02, 3, 4, 26, 62, 77, 25, 5, 3, 69, 3, 17966.10, 12.37, 9.92
10:11:07, 4006.40, 11.02, 3, 4, 26, 62, 76, 25, 5, 3, 68, 3, 17935.55, 12.41, 9.92
10:11:07, 4013.30, 11.01, 3, 4, 26, 61, 76, 25, 4, 3, 67, 3, 17966.10, 12.37, 9.92
10:11:08, 4020.60, 11.01, 3, 4, 25, 60, 75, 24, 4, 3, 67, 3, 17966.10, 12.37, 9.92
10:11:08, 4029.30, 11.01, 3, 4, 25, 60, 74, 24, 4, 3, 66, 3, 17950.82, 12.39, 9.93
10:11:09, 4038.20, 11.01, 3, 4, 25, 59, 73, 24, 4, 3, 65, 3, 17996.71, 12.34, 9.93
10:11:09, 4046.70, 11.01, 3, 4, 24, 58, 72, 23, 4, 3, 64, 3, 17996.71, 12.34, 9.93
10:11:09, 4052.90, 11.00, 3, 4, 24, 57, 71, 23, 4, 3, 63, 3, 17950.82, 12.39, 9.92
10:11:10, 4057.70, 11.00, 3, 4, 24, 57, 70, 23, 4, 3, 62, 3, 17981.40, 12.36, 9.92
10:11:10, 4064.00, 11.01, 3, 4, 23, 56, 70, 23, 4, 3, 62, 3, 17981.40, 12.36, 9.92
10:11:11, 4070.20, 11.01, 3, 4, 23, 55, 69, 22, 4, 3, 61, 3, 17950.82, 12.39, 9.92
10:11:11, 4072.90, 11.02, 3, 4, 23, 55, 68, 22, 4, 3, 60, 3, 18012.05, 12.32, 9.92
10:11:11, 4073.90, 11.03, 3, 4, 23, 55, 69, 22, 4, 3, 61, 3, 18027.40, 12.30, 9.92
10:11:12, 4073.90, 11.03, 3, 4, 23, 55, 68, 22, 4, 3, 60, 3, 18012.05, 12.32, 9.92
10:11:12, 4072.10, 11.04, 3, 4, 23, 55, 69, 22, 4, 3, 60, 3, 18012.05, 12.32, 9.93
10:11:13, 4069.40, 11.04, 3, 4, 23, 55, 69, 22, 4, 3, 61, 3, 18027.40, 12.30, 9.93
10:11:13, 4064.90, 11.05, 3, 4, 23, 56, 70, 22, 4, 3, 61, 3, 17996.71, 12.34, 9.93
10:11:13, 4059.00, 11.05, 3, 4, 23, 56, 70, 23, 4, 3, 62, 3, 18012.05, 12.32, 9.93
10:11:14, 4051.90, 11.06, 3, 4, 24, 57, 71, 23, 4, 3, 62, 3, 18027.40, 12.30, 9.93
10:11:14, 4044.30, 11.06, 3, 4, 24, 57, 72, 23, 4, 3, 63, 3, 18012.05, 12.32, 9.93
10:11:15, 4034.90, 11.06, 3, 4, 24, 58, 73, 24, 4, 3, 64, 3, 18058.15, 12.27, 9.93
10:11:15, 4025.00, 11.06, 3, 4, 25, 59, 74, 24, 4, 3, 65, 3, 18027.40, 12.30, 9.93
10:11:16, 4017.00, 11.05, 3, 4, 25, 60, 75, 24, 4, 3, 66, 3, 18027.40, 12.30, 9.92
10:11:16, 4009.00, 11.05, 3, 4, 25, 61, 76, 25, 4, 3, 66, 3, 18012.05, 12.32, 9.92
10:11:16, 3999.40, 11.05, 3, 4, 26, 61, 77, 25, 4, 3, 66, 3, 18042.76, 12.29, 9.93
10:11:17, 3988.20, 11.05, 3, 4, 26, 62, 78, 25, 5, 3, 67, 3, 18012.05, 12.32, 9.93
10:11:17, 3977.60, 11.06, 3, 4, 26, 63, 79, 26, 5, 3, 69, 3, 18042.76, 12.29, 9.93
10:11:18, 3967.80, 11.06, 3, 4, 27, 64, 80, 26, 5, 3, 69, 3, 18027.40, 12.30, 9.92
10:11:18, 3959.00, 11.06, 3, 4, 27, 65, 81, 27, 5, 3, 70, 3, 18027.40, 12.30, 9.92
10:11:18, 3951.70, 11.05, 3, 4, 28, 65, 82, 27, 5, 3, 70, 3, 18058.15, 12.27, 9.94
10:11:19, 3944.50, 11.05, 3, 5, 28, 66, 83, 27, 5, 3, 71, 3, 18012.05, 12.32, 9.94
10:11:19, 3934.50, 11.05, 3, 5, 28, 67, 84, 28, 5, 3, 72, 3, 18042.76, 12.29, 9.94
10:11:20, 3925.30, 11.05, 4, 5, 29, 68, 85, 28, 5, 4, 73, 3, 18027.40, 12.30, 9.92
10:11:20, 3918.30, 11.05, 4, 5, 29, 69, 86, 29, 5, 4, 73, 3, 18042.76, 12.29, 9.92
10:11:20, 3911.60, 11.05, 4, 5, 29, 69, 87, 29, 5, 4, 74, 3, 18073.54, 12.25, 9.93
10:11:21, 3904.60, 11.06, 4, 5, 30, 70, 88, 29, 5, 4, 74, 3, 18073.54, 12.25, 9.93
10:11:21, 3896.30, 11.06, 4, 5, 30, 71, 88, 30, 5, 4, 75, 4, 18058.15, 12.27, 9.93
10:11:22, 3887.10, 11.06, 4, 5, 30, 71, 90, 30, 6, 4, 76, 4, 18058.15, 12.27, 9.92
10:11:22, 3877.70, 11.06, 4, 5, 31, 72, 91, 30, 6, 4, 77, 4, 18058.15, 12.27, 9.92
10:11:23, 3869.00, 11.06, 4, 5, 31, 73, 92, 31, 6, 4, 78, 4, 18073.54, 12.25, 9.93
10:11:23, 3860.70, 11.06, 4, 5, 32, 74, 93, 31, 6, 4, 78, 4, 18058.15, 12.27, 9.93
10:11:23, 3851.50, 11.07, 4, 5, 32, 75, 94, 32, 6, 4, 79, 4, 18073.54, 12.25, 9.93
10:11:24, 3841.00, 11.06, 4, 5, 32, 76, 95, 32, 6, 4, 80, 4, 18058.15, 12.27, 9.92
10:11:24, 3830.10, 11.06, 4, 6, 33, 77, 97, 33, 6, 4, 82, 4, 18058.15, 12.27, 9.92
10:11:25, 3820.80, 11.06, 4, 6, 33, 78, 98, 33, 6, 4, 83, 4, 18104.39, 12.21, 9.93
10:11:25, 3814.40, 11.06, 4, 6, 34, 79, 99, 34, 6, 4, 83, 4, 18058.15, 12.27, 9.93
10:11:25, 3808.90, 11.06, 4, 6, 34, 80, 100, 34, 6, 4, 84, 4, 18088.96, 12.23, 9.93
10:11:26, 3801.70, 11.06, 4, 6, 35, 81, 101, 34, 6, 4, 85, 4, 18073.54, 12.25, 9.93
10:11:26, 3793.20, 11.06, 4, 6, 35, 82, 102, 35, 7, 4, 86, 4, 18088.96, 12.23, 9.93
10:11:27, 3783.90, 11.06, 4, 6, 35, 82, 104, 35, 7, 4, 87, 4, 18088.96, 12.23, 9.93
10:11:27, 3774.00, 11.06, 4, 6, 36, 84, 106, 36, 7, 5, 89, 4, 18088.96, 12.23, 9.93
10:11:27, 3765.60, 11.06, 5, 6, 37, 86, 107, 37, 7, 5, 90, 4, 18088.96, 12.23, 9.93
10:11:28, 3758.90, 11.07, 5, 6, 37, 86, 108, 37, 7, 5, 91, 4, 18119.85, 12.20, 9.93
10:11:28, 3749.90, 11.07, 5, 6, 38, 87, 110, 38, 7, 5, 92, 4, 18104.39, 12.21, 9.93
10:11:29, 3740.00, 11.07, 5, 7, 38, 89, 111, 38, 7, 5, 93, 4, 18104.39, 12.21, 9.93
10:11:29, 3729.30, 11.08, 5, 7, 39, 90, 113, 39, 7, 5, 95, 5, 18104.39, 12.21, 9.93
10:11:30, 3719.00, 11.09, 5, 7, 40, 92, 115, 40, 8, 5, 97, 5, 18104.39, 12.21, 9.93
10:11:30, 3710.40, 11.09, 5, 7, 40, 93, 117, 41, 8, 5, 99, 5, 18073.54, 12.25, 9.93
10:11:30, 3703.60, 11.09, 5, 7, 41, 95, 119, 41, 8, 5, 100, 5, 18104.39, 12.21, 9.93
10:11:31, 3696.20, 11.08, 5, 7, 42, 96, 121, 42, 8, 5, 102, 5, 18119.85, 12.20, 9.93
10:11:31, 3687.60, 11.09, 5, 7, 42, 97, 122, 42, 8, 5, 103, 5, 18119.85, 12.20, 9.93
10:11:32, 3678.20, 11.09, 5, 7, 43, 98, 124, 43, 8, 5, 105, 5, 18104.39, 12.21, 9.93
10:11:32, 3669.90, 11.09, 5, 8, 44, 100, 126, 44, 9, 5, 107, 5, 18135.31, 12.18, 9.93
10:11:32, 3662.20, 11.08, 5, 8, 44, 102, 128, 45, 9, 6, 109, 5, 18150.79, 12.16, 9.93
10:11:33, 3654.20, 11.08, 5, 8, 45, 103, 129, 45, 9, 6, 110, 5, 18135.31, 12.18, 9.93
10:11:33, 3644.90, 11.09, 5, 8, 46, 105, 132, 46, 9, 6, 112, 5, 18104.39, 12.21, 9.93
10:11:34, 3634.40, 11.09, 6, 8, 47, 106, 134, 47, 9, 6, 114, 6, 18119.85, 12.20, 9.94
10:11:34, 3623.80, 11.09, 6, 8, 48, 108, 136, 48, 9, 6, 117, 6, 18088.96, 12.23, 9.94
10:11:35, 3614.80, 11.09, 6, 9, 48, 110, 138, 49, 10, 6, 119, 6, 18150.79, 12.16, 9.94
10:11:35, 3607.20, 11.09, 6, 9, 49, 111, 140, 50, 10, 6, 120, 6, 18135.31, 12.18, 9.93
10:11:35, 3599.10, 11.08, 6, 9, 50, 113, 142, 50, 10, 6, 122, 6, 18150.79, 12.16, 9.93
10:11:36, 3590.10, 11.08, 6, 9, 50, 115, 144, 51, 10, 6, 123, 6, 18150.79, 12.16, 9.94
10:11:36, 3579.70, 11.08, 6, 9, 51, 116, 146, 52, 10, 6, 125, 6, 18166.30, 12.14, 9.94
10:11:37, 3569.90, 11.09, 6, 9, 52, 118, 149, 53, 11, 7, 128, 6, 18166.30, 12.14, 9.94
10:11:37, 3563.70, 11.08, 6, 10, 53, 120, 151, 54, 11, 7, 130, 6, 18166.30, 12.14, 9.92
10:11:37, 3558.10, 11.08, 6, 10, 53, 121, 151, 54, 11, 7, 130, 6, 18150.79, 12.16, 9.92
10:11:38, 3550.40, 11.07, 6, 10, 54, 122, 153, 55, 11, 7, 132, 7, 18181.82, 12.13, 9.94
10:11:38, 3540.20, 11.07, 7, 10, 55, 124, 156, 56, 11, 7, 134, 7, 18166.30, 12.14, 9.94
10:11:39, 3529.10, 11.07, 7, 10, 56, 126, 158, 57, 11, 7, 136, 7, 18150.79, 12.16, 9.94
10:11:39, 3519.10, 11.07, 7, 10, 57, 128, 161, 58, 12, 7, 139, 7, 18119.85, 12.20, 9.93
10:11:39, 3510.50, 11.07, 7, 11, 58, 131, 164, 59, 12, 7, 142, 7, 18166.30, 12.14, 9.93
10:11:40, 3502.30, 11.06, 7, 11, 59, 132, 166, 60, 12, 7, 143, 7, 18166.30, 12.14, 9.94
10:11:40, 3493.70, 11.06, 7, 11, 60, 134, 168, 61, 12, 7, 145, 7, 18166.30, 12.14, 9.94
10:11:41, 3484.60, 11.06, 7, 11, 60, 135, 170, 62, 13, 8, 147, 7, 18166.30, 12.14, 9.94
10:11:41, 3474.70, 11.07, 7, 11, 62, 138, 173, 63, 13, 8, 149, 8, 18181.82, 12.13, 9.93
10:11:42, 3465.80, 11.07, 7, 12, 62, 140, 175, 64, 13, 8, 151, 8, 18181.82, 12.13, 9.93
10:11:42, 3458.40, 11.06, 7, 12, 63, 141, 178, 65, 13, 8, 154, 8, 18181.82, 12.13, 9.94
10:11:42, 3450.80, 11.06, 8, 12, 64, 143, 180, 66, 13, 8, 155, 8, 18181.82, 12.13, 9.94
10:11:43, 3442.80, 11.06, 8, 12, 65, 145, 181, 67, 14, 8, 156, 8, 18181.82, 12.13, 9.94
10:11:43, 3433.90, 11.06, 8, 12, 66, 146, 184, 68, 14, 8, 159, 8, 18181.82, 12.13, 9.94
10:11:44, 3424.20, 11.07, 8, 13, 67, 149, 187, 69, 14, 8, 162, 8, 18181.82, 12.13, 9.94
10:11:44, 3414.20, 11.06, 8, 13, 68, 151, 190, 70, 14, 9, 164, 8, 18166.30, 12.14, 9.94
10:11:44, 3405.70, 11.07, 8, 13, 69, 154, 193, 72, 15, 9, 167, 8, 18197.36, 12.11, 9.94
10:11:45, 3398.90, 11.07, 8, 13, 70, 156, 195, 73, 15, 9, 169, 9, 18212.91, 12.09, 9.94
10:11:45, 3390.70, 11.07, 8, 13, 71, 157, 198, 74, 15, 9, 171, 9, 18197.36, 12.11, 9.94
10:11:46, 3380.70, 11.07, 8, 14, 72, 160, 200, 75, 16, 9, 173, 9, 18228.48, 12.07, 9.94
10:11:46, 3372.50, 11.07, 9, 14, 73, 161, 203, 76, 16, 9, 176, 9, 18197.36, 12.11, 9.94
10:11:46, 3363.60, 11.07, 9, 14, 74, 164, 206, 77, 16, 9, 178, 9, 18197.36, 12.11, 9.94
10:11:47, 3356.00, 11.07, 9, 14, 75, 166, 209, 78, 16, 9, 180, 9, 18212.91, 12.09, 9.94
10:11:47, 3348.00, 11.07, 9, 15, 76, 168, 211, 80, 17, 10, 182, 9, 18212.91, 12.09, 9.94
10:11:48, 3339.10, 11.07, 9, 15, 77, 170, 214, 81, 17, 10, 184, 9, 18212.91, 12.09, 9.94
10:11:48, 3329.20, 11.07, 9, 15, 78, 172, 217, 82, 17, 10, 187, 10, 18212.91, 12.09, 9.95
10:11:49, 3320.00, 11.07, 9, 15, 80, 176, 221, 84, 18, 10, 190, 10, 18197.36, 12.11, 9.95
10:11:49, 3312.40, 11.07, 9, 16, 81, 179, 223, 85, 18, 10, 194, 10, 18197.36, 12.11, 9.95
10:11:49, 3304.80, 11.07, 10, 16, 82, 180, 226, 86, 18, 10, 195, 10, 18244.06, 12.06, 9.94
10:11:50, 3295.50, 11.07, 10, 16, 83, 181, 228, 87, 19, 10, 198, 10, 18244.06, 12.06, 9.94
10:11:50, 3286.50, 11.07, 10, 17, 85, 186, 234, 89, 19, 11, 202, 10, 18212.91, 12.09, 9.95
10:11:51, 3278.10, 11.07, 10, 17, 86, 187, 235, 90, 19, 11, 204, 10, 18259.67, 12.04, 9.95
10:11:51, 3269.70, 11.07, 10, 17, 87, 190, 239, 92, 20, 11, 208, 11, 18212.91, 12.09, 9.95
10:11:51, 3262.30, 11.08, 10, 18, 89, 194, 243, 94, 20, 11, 210, 11, 18228.48, 12.07, 9.95
10:11:52, 3255.40, 11.08, 10, 18, 90, 196, 245, 94, 21, 11, 211, 11, 18228.48, 12.07, 9.95
10:11:52, 3246.10, 11.07, 11, 18, 90, 197, 246, 95, 21, 11, 213, 11, 18275.29, 12.02, 9.95
10:11:53, 3236.30, 11.07, 11, 19, 92, 201, 251, 97, 21, 12, 216, 11, 18259.67, 12.04, 9.95
10:11:53, 3227.10, 11.07, 11, 19, 93, 202, 253, 98, 22, 12, 218, 11, 18275.29, 12.02, 9.95
10:11:54, 3218.50, 11.07, 11, 19, 94, 204, 255, 99, 22, 12, 219, 11, 18228.48, 12.07, 9.95
10:11:54, 3209.00, 11.07, 11, 19, 95, 206, 259, 101, 22, 12, 222, 11, 18228.48, 12.07, 9.95
10:11:54, 3199.50, 11.07, 11, 20, 97, 210, 263, 103, 23, 12, 226, 12, 18244.06, 12.06, 9.96
10:11:55, 3190.20, 11.07, 11, 20, 99, 213, 267, 104, 23, 13, 228, 12, 18259.67, 12.04, 9.96
10:11:55, 3180.80, 11.08, 12, 20, 100, 215, 270, 106, 24, 13, 231, 12, 18244.06, 12.06, 9.96
10:11:56, 3170.90, 11.08, 12, 21, 102, 219, 274, 107, 24, 13, 234, 12, 18259.67, 12.04, 9.97
10:11:56, 3163.20, 11.08, 12, 21, 103, 221, 276, 109, 24, 13, 237, 12, 18259.67, 12.04, 9.97
10:11:56, 3155.50, 11.09, 12, 21, 104, 224, 280, 110, 25, 13, 240, 12, 18259.67, 12.04, 9.98
10:11:57, 3147.90, 11.08, 12, 22, 105, 226, 283, 112, 25, 13, 242, 13, 18275.29, 12.02, 9.98
10:11:57, 3138.80, 11.09, 12, 22, 107, 229, 287, 114, 26, 14, 245, 13, 18259.67, 12.04, 9.98
10:11:58, 3130.00, 11.09, 13, 23, 109, 233, 291, 115, 26, 14, 247, 13, 18275.29, 12.02, 9.98
10:11:58, 3121.60, 11.09, 13, 23, 111, 235, 295, 117, 27, 14, 251, 13, 18244.06, 12.06, 9.98
10:11:58, 3114.60, 11.09, 13, 23, 112, 238, 296, 118, 27, 14, 252, 13, 18259.67, 12.04, 9.99
10:11:59, 3106.30, 11.09, 13, 23, 112, 239, 299, 119, 28, 14, 254, 13, 18306.58, 11.99, 9.99
10:11:59, 3097.40, 11.09, 13, 24, 114, 242, 303, 121, 28, 15, 257, 13, 18259.67, 12.04, 9.99
10:12:00, 3086.80, 11.10, 14, 24, 116, 245, 307, 123, 29, 15, 260, 14, 18259.67, 12.04, 9.99
10:12:00, 3075.70, 11.10, 14, 25, 118, 249, 313, 125, 29, 15, 265, 14, 18259.67, 12.04, 9.99
10:12:01, 3066.20, 11.10, 14, 26, 120, 254, 318, 128, 30, 15, 269, 14, 18259.67, 12.04, 10.00
10:12:01, 3058.50, 11.10, 14, 26, 122, 257, 322, 129, 31, 16, 273, 14, 18275.29, 12.02, 10.00
10:12:01, 3050.80, 11.10, 14, 26, 123, 259, 324, 131, 31, 16, 274, 14, 18306.58, 11.99, 10.01
10:12:02, 3041.60, 11.10, 14, 27, 125, 262, 328, 132, 31, 16, 278, 15, 18322.26, 11.97, 10.01
10:12:02, 3032.80, 11.10, 15, 27, 127, 266, 333, 134, 32, 16, 282, 15, 18322.26, 11.97, 10.01
10:12:03, 3023.10, 11.10, 15, 28, 128, 268, 337, 137, 33, 16, 286, 15, 18306.58, 11.99, 10.01
10:12:03, 3013.90, 11.10, 15, 28, 130, 272, 340, 138, 33, 17, 289, 15, 18275.29, 12.02, 10.01
10:12:03, 3005.60, 11.10, 15, 29, 132, 275, 345, 141, 34, 17, 293, 15, 18290.93, 12.00, 10.01
10:12:04, 2997.10, 11.11, 16, 29, 134, 279, 350, 143, 35, 17, 298, 16, 18337.95, 11.95, 10.01
10:12:04, 2987.50, 11.10, 16, 30, 136, 283, 354, 145, 35, 17, 301, 16, 18306.58, 11.99, 10.01
10:12:05, 2977.00, 11.11, 16, 30, 138, 287, 359, 147, 36, 18, 305, 16, 18322.26, 11.97, 10.01
10:12:05, 2968.30, 11.11, 16, 31, 141, 293, 367, 151, 37, 18, 311, 16, 18322.26, 11.97, 10.01
10:12:05, 2959.70, 11.11, 17, 32, 143, 296, 369, 152, 37, 18, 314, 17, 18290.93, 12.00, 10.01
10:12:06, 2951.60, 11.11, 17, 32, 144, 297, 372, 154, 38, 18, 319, 17, 18322.26, 11.97, 10.01
10:12:06, 2943.20, 11.11, 17, 33, 146, 303, 380, 157, 39, 19, 324, 17, 18290.93, 12.00, 10.01
10:12:07, 2933.90, 11.11, 17, 33, 150, 309, 387, 160, 40, 19, 329, 17, 18306.58, 11.99, 10.01
10:12:07, 2923.30, 11.12, 18, 34, 152, 313, 391, 162, 41, 19, 334, 18, 18322.26, 11.97, 10.01
10:12:08, 2913.40, 11.12, 18, 35, 154, 317, 399, 166, 42, 20, 340, 18, 18322.26, 11.97, 10.02
10:12:08, 2906.10, 11.12, 18, 36, 158, 324, 405, 170, 43, 20, 346, 18, 18337.95, 11.95, 10.02
10:12:08, 2898.00, 11.12, 18, 36, 158, 325, 405, 170, 43, 20, 347, 18, 18322.26, 11.97, 10.02
10:12:09, 2888.70, 11.12, 19, 37, 160, 329, 413, 174, 44, 21, 354, 19, 18337.95, 11.95, 10.02
10:12:09, 2879.30, 11.13, 19, 38, 165, 337, 422, 177, 45, 21, 359, 19, 18337.95, 11.95, 10.02
10:12:10, 2870.30, 11.12, 19, 38, 167, 341, 426, 180, 46, 22, 363, 19, 18322.26, 11.97, 10.02
10:12:10, 2861.10, 11.12, 20, 39, 169, 346, 433, 183, 47, 22, 368, 20, 18322.26, 11.97, 10.02
10:12:10, 2853.40, 11.12, 20, 40, 171, 349, 437, 185, 48, 22, 373, 20, 18337.95, 11.95, 10.02
10:12:11, 2844.90, 11.12, 20, 40, 173, 352, 439, 186, 49, 22, 376, 20, 18337.95, 11.95, 10.02
10:12:11, 2835.40, 11.12, 20, 41, 175, 355, 447, 190, 50, 23, 381, 20, 18337.95, 11.95, 10.02
10:12:12, 2825.50, 11.12, 21, 42, 179, 364, 450, 192, 50, 23, 385, 20, 18369.39, 11.92, 10.02
10:12:12, 2815.20, 11.12, 21, 43, 181, 368, 459, 196, 52, 24, 391, 21, 18322.26, 11.97, 10.02
10:12:12, 2805.90, 11.12, 22, 43, 184, 372, 464, 199, 53, 24, 397, 21, 18337.95, 11.95, 10.02
10:12:13, 2798.70, 11.12, 22, 44, 186, 377, 471, 202, 54, 24, 401, 21, 18337.95, 11.95, 10.02
10:12:13, 2789.90, 11.12, 22, 45, 189, 381, 476, 205, 55, 25, 406, 22, 18337.95, 11.95, 10.02
10:12:14, 2780.50, 11.11, 23, 46, 192, 386, 483, 208, 56, 25, 411, 22, 18353.66, 11.93, 10.03
10:12:14, 2770.30, 11.12, 23, 47, 196, 395, 496, 214, 58, 26, 418, 22, 18337.95, 11.95, 10.03
10:12:15, 2759.70, 11.12, 23, 48, 199, 398, 499, 216, 59, 26, 422, 23, 18353.66, 11.93, 10.03
10:12:15, 2751.80, 11.12, 24, 49, 202, 404, 504, 219, 60, 27, 428, 23, 18353.66, 11.93, 10.02
10:12:15, 2744.70, 11.12, 24, 49, 203, 407, 508, 221, 61, 27, 431, 23, 18337.95, 11.95, 10.02
10:12:16, 2735.70, 11.11, 24, 49, 203, 405, 508, 221, 61, 27, 433, 23, 18353.66, 11.93, 10.03
10:12:16, 2725.40, 11.12, 25, 51, 208, 412, 518, 226, 63, 28, 439, 24, 18385.12, 11.90, 10.03
10:12:17, 2714.60, 11.12, 25, 52, 214, 426, 531, 232, 66, 28, 447, 24, 18385.12, 11.90, 10.03
10:12:17, 2705.30, 11.12, 25, 53, 215, 426, 534, 234, 67, 29, 452, 24, 18369.39, 11.92, 10.04
10:12:17, 2697.40, 11.12, 26, 53, 216, 427, 533, 235, 66, 29, 456, 24, 18353.66, 11.93, 10.04
10:12:18, 2690.00, 11.12, 26, 55, 221, 438, 544, 240, 69, 29, 461, 25, 18369.39, 11.92, 10.04
10:12:18, 2681.90, 11.12, 27, 55, 223, 441, 552, 243, 71, 30, 467, 25, 18400.89, 11.88, 10.04
10:12:19, 2671.00, 11.13, 27, 56, 224, 441, 554, 245, 70, 30, 471, 25, 18369.39, 11.92, 10.04
10:12:19, 2660.80, 11.13, 28, 59, 234, 459, 576, 255, 75, 31, 481, 26, 18353.66, 11.93, 10.04
10:12:20, 2652.20, 11.13, 28, 60, 237, 466, 581, 258, 77, 32, 489, 26, 18416.67, 11.86, 10.04
10:12:20, 2644.50, 11.13, 28, 60, 237, 463, 577, 257, 76, 32, 491, 26, 18353.66, 11.93, 10.05
10:12:20, 2636.40, 11.13, 29, 61, 240, 469, 590, 263, 79, 32, 497, 27, 18385.12, 11.90, 10.05
10:12:21, 2626.50, 11.14, 29, 63, 246, 482, 607, 271, 82, 33, 507, 27, 18369.39, 11.92, 10.05
10:12:21, 2615.70, 11.14, 30, 64, 249, 486, 609, 272, 82, 34, 511, 28, 18400.89, 11.88, 10.05
10:12:22, 2604.70, 11.14, 30, 65, 252, 491, 624, 280, 86, 35, 519, 28, 18400.89, 11.88, 10.05
10:12:22, 2594.90, 11.14, 31, 67, 258, 505, 630, 284, 88, 35, 529, 29, 18369.39, 11.92, 10.05
10:12:22, 2587.00, 11.15, 31, 67, 259, 504, 628, 283, 87, 35, 531, 29, 18416.67, 11.86, 10.05
10:12:23, 2578.70, 11.15, 31, 68, 261, 505, 640, 289, 90, 36, 539, 29, 18385.12, 11.90, 10.05
10:12:23, 2569.00, 11.15, 32, 70, 268, 520, 657, 298, 94, 37, 551, 30, 18400.89, 11.88, 10.06
10:12:24, 2559.50, 11.15, 33, 72, 273, 528, 657, 299, 93, 37, 555, 30, 18400.89, 11.88, 10.06
10:12:24, 2549.40, 11.15, 33, 73, 276, 532, 665, 304, 96, 38, 560, 31, 18385.12, 11.90, 10.06
10:12:24, 2540.80, 11.15, 34, 75, 281, 543, 684, 313, 100, 39, 576, 31, 18416.67, 11.86, 10.06
10:12:25, 2534.60, 11.15, 35, 76, 286, 549, 691, 316, 101, 40, 580, 32, 18400.89, 11.88, 10.06
10:12:25, 2526.30, 11.15, 35, 77, 288, 554, 699, 321, 105, 40, 582, 32, 18400.89, 11.88, 10.06
10:12:26, 2516.10, 11.15, 36, 78, 293, 563, 713, 327, 108, 41, 593, 32, 18385.12, 11.90, 10.06
10:12:26, 2506.00, 11.15, 37, 81, 300, 573, 722, 331, 110, 42, 600, 33, 18385.12, 11.90, 10.07
10:12:27, 2496.30, 11.15, 37, 81, 299, 570, 723, 334, 111, 43, 600, 33, 18385.12, 11.90, 10.07
10:12:27, 2487.30, 11.15, 37, 82, 302, 575, 726, 336, 113, 43, 606, 33, 18416.67, 11.86, 10.07
10:12:27, 2478.70, 11.15, 38, 84, 307, 583, 736, 341, 115, 44, 613, 34, 18400.89, 11.88, 10.07
10:12:28, 2470.00, 11.15, 39, 86, 314, 593, 754, 349, 118, 45, 621, 34, 18385.12, 11.90, 10.07
10:12:28, 2459.80, 11.15, 39, 87, 316, 598, 763, 352, 123, 45, 623, 34, 18416.67, 11.86, 10.08
10:12:29, 2449.20, 11.15, 40, 89, 323, 610, 765, 355, 123, 46, 630, 35, 18400.89, 11.88, 10.08
10:12:29, 2439.60, 11.15, 40, 89, 320, 601, 762, 357, 122, 46, 635, 35, 18400.89, 11.88, 10.09
10:12:29, 2431.10, 11.16, 41, 92, 330, 619, 791, 367, 131, 48, 647, 36, 18432.46, 11.84, 10.09
10:12:30, 2423.30, 11.16, 41, 92, 329, 619, 783, 366, 131, 48, 648, 36, 18416.67, 11.86, 10.09
10:12:30, 2413.80, 11.16, 42, 93, 332, 619, 787, 370, 129, 48, 653, 36, 18432.46, 11.84, 10.09
10:12:31, 2403.20, 11.16, 43, 96, 341, 634, 810, 380, 136, 50, 662, 37, 18432.46, 11.84, 10.09
10:12:31, 2393.50, 11.16, 43, 98, 345, 641, 824, 387, 141, 51, 669, 37, 18416.67, 11.86, 10.10
10:12:31, 2384.60, 11.16, 44, 99, 349, 647, 814, 385, 139, 51, 669, 37, 18464.10, 11.81, 10.10
10:12:32, 2376.00, 11.16, 44, 99, 348, 641, 820, 387, 141, 52, 672, 37, 18432.46, 11.84, 10.10
10:12:32, 2367.20, 11.16, 45, 101, 352, 649, 842, 398, 147, 53, 684, 38, 18416.67, 11.86, 10.10
10:12:33, 2358.40, 11.16, 46, 104, 363, 667, 848, 401, 149, 54, 686, 38, 18416.67, 11.86, 10.10
10:12:33, 2348.50, 11.17, 47, 105, 363, 662, 846, 401, 150, 54, 688, 38, 18464.10, 11.81, 10.12
10:12:34, 2339.50, 11.17, 47, 106, 366, 666, 866, 410, 156, 56, 698, 39, 18448.28, 11.83, 10.12
10:12:34, 2331.70, 11.17, 48, 109, 374, 676, 859, 407, 154, 56, 698, 39, 18448.28, 11.83, 10.12
10:12:34, 2323.30, 11.18, 48, 108, 367, 663, 848, 405, 154, 56, 696, 39, 18416.67, 11.86, 10.13
10:12:35, 2315.20, 11.18, 49, 110, 375, 678, 890, 421, 166, 59, 708, 40, 18448.28, 11.83, 10.13
10:12:35, 2306.60, 11.19, 51, 114, 386, 692, 902, 426, 169, 60, 713, 40, 18464.10, 11.81, 10.16
10:12:36, 2296.60, 11.19, 50, 112, 379, 675, 856, 409, 159, 57, 703, 40, 18432.46, 11.84, 10.16
10:12:36, 2285.50, 11.19, 50, 115, 384, 685, 892, 426, 169, 60, 720, 41, 18432.46, 11.84, 10.16
10:12:36, 2276.60, 11.19, 53, 120, 403, 711, 934, 446, 178, 64, 732, 42, 18432.46, 11.84, 10.16
10:12:37, 2269.60, 11.20, 54, 121, 405, 714, 911, 435, 177, 62, 729, 41, 18432.46, 11.84, 10.16
10:12:37, 2260.80, 11.21, 52, 118, 391, 692, 893, 427, 175, 62, 726, 41, 18448.28, 11.83, 10.19
10:12:38, 2251.20, 11.21, 55, 124, 411, 718, 943, 452, 184, 66, 742, 43, 18464.10, 11.81, 10.19
10:12:38, 2241.10, 11.22, 57, 127, 419, 729, 944, 451, 189, 67, 742, 43, 18432.46, 11.84, 10.19
10:12:39, 2232.60, 11.22, 55, 124, 406, 707, 916, 443, 182, 65, 740, 42, 18479.96, 11.79, 10.22
10:12:39, 2224.20, 11.23, 57, 129, 419, 723, 926, 450, 183, 67, 747, 43, 18464.10, 11.81, 10.22
10:12:39, 2215.70, 11.24, 58, 130, 425, 729, 946, 457, 192, 68, 750, 43, 18464.10, 11.81, 10.26
10:12:40, 2206.60, 11.24, 58, 130, 421, 725, 936, 454, 190, 68, 754, 43, 18495.82, 11.77, 10.26
10:12:40, 2196.10, 11.25, 59, 133, 428, 729, 955, 464, 194, 70, 759, 44, 18448.28, 11.83, 10.26
10:12:41, 2187.10, 11.25, 59, 132, 423, 721, 951, 467, 197, 71, 767, 44, 18432.46, 11.84, 10.28
10:12:41, 2179.20, 11.26, 60, 137, 435, 740, 973, 476, 204, 73, 777, 45, 18416.67, 11.86, 10.28
10:12:41, 2172.30, 11.27, 62, 139, 444, 746, 939, 466, 193, 72, 770, 44, 18495.82, 11.77, 10.30
10:12:42, 2164.60, 11.26, 60, 135, 425, 717, 914, 457, 191, 70, 767, 44, 18495.82, 11.77, 10.30
10:12:42, 2156.10, 11.27, 62, 140, 439, 740, 981, 484, 210, 76, 785, 46, 18464.10, 11.81, 10.30
10:12:43, 2147.40, 11.27, 66, 147, 464, 769, 992, 491, 213, 78, 791, 46, 18495.82, 11.77, 10.31
10:12:43, 2137.90, 11.28, 61, 138, 429, 715, 904, 455, 192, 72, 770, 44, 18464.10, 11.81, 10.31
10:12:43, 2128.00, 11.29, 64, 143, 443, 732, 985, 488, 217, 79, 793, 46, 18479.96, 11.79, 10.33
10:12:44, 2118.90, 11.29, 67, 149, 461, 759, 969, 485, 216, 79, 797, 47, 18479.96, 11.79, 10.33
10:12:44, 2109.60, 11.29, 62, 141, 430, 710, 901, 455, 198, 73, 775, 44, 18464.10, 11.81, 10.33
10:12:45, 2099.10, 11.30, 67, 149, 457, 744, 987, 499, 221, 82, 809, 48, 18495.82, 11.77, 10.34
10:12:45, 2090.00, 11.31, 70, 156, 478, 775, 1022, 512, 236, 86, 825, 49, 18464.10, 11.81, 10.34
10:12:46, 2081.80, 11.31, 68, 153, 462, 750, 966, 491, 221, 82, 814, 48, 18448.28, 11.83, 10.37
10:12:46, 2073.50, 11.32, 71, 157, 474, 763, 1015, 519, 234, 88, 833, 49, 18464.10, 11.81, 10.37
10:12:46, 2065.60, 11.32, 75, 165, 498, 797, 1020, 516, 241, 88, 836, 50, 18511.71, 11.76, 10.37
10:12:47, 2057.20, 11.32, 71, 158, 473, 760, 979, 502, 230, 86, 831, 49, 18479.96, 11.79, 10.39
10:12:47, 2047.30, 11.33, 72, 161, 475, 759, 991, 513, 233, 88, 837, 49, 18479.96, 11.79, 10.39
10:12:48, 2036.90, 11.34, 77, 171, 508, 805, 1066, 545, 261, 96, 866, 52, 18495.82, 11.77, 10.42
10:12:48, 2028.60, 11.34, 79, 174, 514, 807, 1035, 536, 251, 95, 867, 51, 18448.28, 11.83, 10.42
10:12:48, 2020.60, 11.35, 75, 168, 489, 775, 1001, 522, 245, 92, 865, 51, 18495.82, 11.77, 10.42
10:12:49, 2011.80, 11.36, 81, 180, 526, 822, 1104, 564, 279, 103, 894, 54, 18479.96, 11.79, 10.45
10:12:49, 2002.60, 11.36, 83, 183, 535, 828, 1062, 550, 267, 100, 891, 53, 18479.96, 11.79, 10.45
10:12:50, 1991.70, 11.37, 79, 176, 506, 790, 1043, 541, 266, 99, 898, 53, 18479.96, 11.79, 10.46
10:12:50, 1981.60, 11.37, 86, 190, 547, 845, 1119, 577, 293, 109, 924, 55, 18495.82, 11.77, 10.46
10:12:50, 1973.70, 11.37, 87, 192, 551, 846, 1078, 559, 282, 105, 926, 55, 18479.96, 11.79, 10.46
10:12:51, 1966.00, 11.38, 82, 185, 519, 806, 1071, 558, 285, 105, 935, 55, 18527.61, 11.74, 10.48
10:12:51, 1957.80, 11.38, 87, 195, 551, 846, 1137, 586, 309, 114, 955, 57, 18511.71, 11.76, 10.48
10:12:52, 1949.10, 11.38, 91, 201, 569, 865, 1100, 571, 300, 110, 960, 57, 18527.61, 11.74, 10.48
10:12:52, 1939.90, 11.39, 91, 204, 568, 866, 1171, 606, 322, 120, 990, 59, 18495.82, 11.77, 10.48
10:12:53, 1931.80, 11.40, 96, 213, 598, 902, 1182, 610, 336, 122, 995, 60, 18495.82, 11.77, 10.49
10:12:53, 1924.20, 11.40, 90, 202, 554, 843, 1145, 594, 325, 119, 991, 59, 18448.28, 11.83, 10.49
10:12:53, 1916.40, 11.40, 96, 214, 591, 883, 1165, 604, 333, 123, 1004, 60, 18527.61, 11.74, 10.49
10:12:54, 1906.70, 11.40, 93, 210, 570, 860, 1128, 590, 325, 121, 995, 59, 18479.96, 11.79, 10.51
10:12:54, 1896.30, 11.41, 97, 215, 587, 867, 1172, 604, 346, 127, 1012, 61, 18495.82, 11.77, 10.51
10:12:55, 1886.20, 11.42, 96, 214, 577, 852, 1114, 589, 327, 124, 1008, 60, 18511.71, 11.76, 10.52
10:12:55, 1876.10, 11.42, 97, 218, 582, 863, 1149, 602, 343, 129, 1029, 62, 18511.71, 11.76, 10.52
10:12:55, 1866.50, 11.42, 100, 221, 590, 862, 1083, 575, 323, 123, 1010, 60, 18495.82, 11.77, 10.52
10:12:56, 1858.30, 11.43, 98, 215, 569, 828, 1074, 567, 329, 124, 1013, 61, 18527.61, 11.74, 10.55
10:12:56, 1851.50, 11.43, 99, 220, 577, 843, 1101, 588, 337, 129, 1037, 62, 18527.61, 11.74, 10.55
10:12:57, 1841.90, 11.44, 100, 221, 575, 838, 1161, 613, 364, 139, 1060, 66, 18527.61, 11.74, 10.57
10:12:57, 1832.50, 11.44, 97, 214, 550, 801, 1033, 555, 327, 125, 1024, 61, 18495.82, 11.77, 10.57
10:12:58, 1825.10, 11.45, 101, 224, 572, 827, 1118, 605, 355, 138, 1074, 65, 18559.46, 11.70, 10.57
10:12:58, 1818.10, 11.45, 107, 236, 604, 872, 1176, 623, 390, 146, 1095, 68, 18495.82, 11.77, 10.58
10:12:58, 1810.70, 11.46, 105, 229, 584, 836, 1062, 574, 343, 134, 1060, 63, 18495.82, 11.77, 10.58
10:12:59, 1802.00, 11.46, 101, 224, 559, 802, 1021, 558, 334, 130, 1061, 63, 18495.82, 11.77, 10.59
10:12:59, 1792.10, 11.47, 105, 234, 583, 840, 1075, 583, 363, 138, 1092, 65, 18511.71, 11.76, 10.59
10:13:00, 1781.20, 11.47, 108, 240, 595, 849, 1095, 592, 372, 144, 1107, 66, 18527.61, 11.74, 10.59
10:13:00, 1771.30, 11.48, 101, 226, 546, 780, 936, 524, 318, 125, 1068, 61, 18511.71, 11.76, 10.59
10:13:00, 1763.30, 11.48, 110, 244, 593, 849, 1130, 620, 397, 154, 1159, 70, 18527.61, 11.74, 10.59
10:13:01, 1753.70, 11.48, 109, 244, 582, 841, 967, 543, 343, 132, 1109, 64, 18495.82, 11.77, 10.60
10:13:01, 1743.80, 11.49, 102, 230, 537, 769, 1007, 559, 359, 141, 1132, 65, 18543.52, 11.72, 10.60
10:13:02, 1734.50, 11.49, 115, 257, 608, 870, 1140, 632, 426, 162, 1210, 72, 18511.71, 11.76, 10.60
10:13:02, 1724.90, 11.49, 115, 260, 602, 872, 1050, 590, 395, 152, 1180, 68, 18495.82, 11.77, 10.59
10:13:02, 1716.60, 11.50, 105, 238, 536, 772, 950, 539, 360, 138, 1160, 65, 18479.96, 11.79, 10.59
10:13:03, 1709.30, 11.50, 118, 263, 601, 862, 1081, 609, 428, 161, 1224, 71, 18511.71, 11.76, 10.59
10:13:03, 1700.50, 11.50, 111, 251, 560, 816, 962, 558, 376, 144, 1194, 66, 18511.71, 11.76, 10.59
10:13:04, 1690.10, 11.50, 111, 251, 554, 793, 968, 559, 383, 148, 1218, 68, 18527.61, 11.74, 10.59
10:13:04, 1681.00, 11.53, 114, 256, 559, 812, 1014, 585, 423, 157, 1246, 69, 18527.61, 11.74, 10.59
10:13:05, 1672.40, 11.54, 123, 275, 602, 869, 981, 584, 401, 158, 1269, 71, 18543.52, 11.72, 10.59
10:13:05, 1664.00, 11.54, 114, 257, 546, 788, 924, 555, 379, 150, 1251, 68, 18527.61, 11.74, 10.59
10:13:05, 1655.10, 11.54, 123, 274, 588, 845, 931, 557, 390, 154, 1270, 70, 18495.82, 11.77, 10.59
10:13:06, 1645.00, 11.53, 113, 253, 525, 753, 855, 532, 349, 144, 1258, 66, 18543.52, 11.72, 10.59
10:13:06, 1633.40, 11.54, 131, 289, 615, 881, 961, 580, 418, 165, 1318, 72, 18527.61, 11.74, 10.59
10:13:07, 1622.30, 11.54, 118, 260, 528, 744, 831, 523, 345, 147, 1290, 67, 18511.71, 11.76, 10.59
10:13:07, 1612.90, 11.54, 133, 294, 607, 870, 1023, 619, 474, 183, 1383, 76, 18511.71, 11.76, 10.60
10:13:07, 1604.80, 11.55, 125, 275, 551, 778, 842, 537, 362, 155, 1328, 70, 18527.61, 11.74, 10.60
10:13:08, 1596.60, 11.55, 125, 272, 539, 756, 839, 535, 368, 157, 1330, 70, 18495.82, 11.77, 10.60
10:13:08, 1588.20, 11.55, 128, 277, 546, 765, 837, 538, 368, 160, 1353, 71, 18543.52, 11.72, 10.59
10:13:09, 1578.30, 11.55, 128, 278, 541, 749, 802, 523, 350, 156, 1345, 69, 18543.52, 11.72, 10.59
10:13:09, 1569.00, 11.55, 132, 285, 551, 764, 834, 539, 380, 166, 1375, 72, 18543.52, 11.72, 10.60
10:13:09, 1560.40, 11.56, 133, 283, 541, 739, 776, 513, 343, 159, 1364, 69, 18511.71, 11.76, 10.60
10:13:10, 1553.00, 11.56, 133, 284, 538, 732, 774, 512, 348, 160, 1367, 69, 18511.71, 11.76, 10.60
10:13:10, 1543.80, 11.56, 135, 286, 537, 725, 762, 509, 339, 161, 1381, 70, 18543.52, 11.72, 10.61
10:13:11, 1532.70, 11.56, 136, 287, 533, 711, 741, 500, 330, 161, 1380, 68, 18527.61, 11.74, 10.61
10:13:11, 1521.80, 11.56, 140, 292, 537, 715, 751, 507, 342, 167, 1405, 70, 18511.71, 11.76, 10.62
10:13:12, 1511.50, 11.57, 143, 297, 542, 715, 737, 503, 336, 168, 1412, 70, 18543.52, 11.72, 10.62
10:13:12, 1501.60, 11.57, 146, 302, 545, 719, 743, 511, 346, 174, 1434, 70, 18543.52, 11.72, 10.62
10:13:12, 1492.60, 11.58, 149, 306, 547, 713, 732, 508, 339, 176, 1451, 71, 18511.71, 11.76, 10.63
10:13:13, 1483.70, 11.58, 151, 310, 551, 713, 728, 507, 341, 178, 1466, 72, 18511.71, 11.76, 10.63
10:13:13, 1474.10, 11.59, 156, 317, 557, 722, 740, 520, 355, 187, 1488, 72, 18543.52, 11.72, 10.64
10:13:14, 1464.50, 11.59, 161, 326, 570, 734, 743, 526, 358, 193, 1519, 74, 18511.71, 11.76, 10.64
10:13:14, 1456.60, 11.59, 164, 329, 570, 729, 740, 526, 361, 195, 1548, 75, 18495.82, 11.77, 10.64
10:13:14, 1448.50, 11.60, 168, 335, 575, 734, 741, 532, 366, 202, 1552, 75, 18511.71, 11.76, 10.64
10:13:15, 1439.20, 11.60, 172, 341, 581, 735, 747, 541, 373, 209, 1583, 76, 18511.71, 11.76, 10.64
10:13:15, 1429.30, 11.60, 178, 349, 590, 746, 752, 545, 381, 214, 1618, 77, 18543.52, 11.72, 10.66
10:13:16, 1419.80, 11.60, 182, 356, 597, 748, 750, 551, 384, 221, 1637, 78, 18511.71, 11.76, 10.66
10:13:16, 1410.20, 11.61, 188, 364, 607, 759, 767, 566, 399, 231, 1670, 80, 18511.71, 11.76, 10.68
10:13:17, 1400.30, 11.61, 193, 373, 616, 768, 763, 569, 404, 237, 1698, 80, 18527.61, 11.74, 10.68
10:13:17, 1390.90, 11.62, 199, 381, 623, 771, 773, 580, 414, 249, 1731, 82, 18495.82, 11.77, 10.68
10:13:17, 1381.60, 11.62, 205, 389, 633, 781, 779, 588, 426, 257, 1761, 83, 18543.52, 11.72, 10.69
10:13:18, 1372.20, 11.62, 213, 401, 646, 796, 795, 606, 440, 270, 1804, 85, 18543.52, 11.72, 10.69
10:13:18, 1361.90, 11.63, 219, 409, 657, 803, 801, 614, 449, 279, 1829, 86, 18527.61, 11.74, 10.70
10:13:19, 1351.30, 11.63, 223, 417, 662, 811, 803, 621, 461, 289, 1867, 87, 18575.42, 11.69, 10.70
10:13:19, 1341.70, 11.63, 232, 426, 672, 813, 807, 627, 468, 301, 1890, 89, 18543.52, 11.72, 10.70
10:13:19, 1334.20, 11.64, 238, 435, 681, 825, 821, 646, 490, 314, 1937, 90, 18527.61, 11.74, 10.70
10:13:20, 1326.70, 11.63, 245, 447, 696, 841, 837, 660, 501, 330, 1978, 93, 18543.52, 11.72, 10.70
10:13:20, 1317.20, 11.64, 254, 461, 713, 857, 841, 669, 515, 340, 2002, 93, 18543.52, 11.72, 10.72
10:13:21, 1306.90, 11.64, 262, 469, 719, 861, 851, 683, 530, 358, 2038, 95, 18527.61, 11.74, 10.72
10:13:21, 1297.60, 11.64, 270, 481, 732, 873, 866, 699, 547, 373, 2092, 98, 18591.39, 11.67, 10.72
10:13:21, 1287.90, 11.65, 278, 492, 743, 884, 866, 705, 557, 386, 2110, 98, 18527.61, 11.74, 10.73
10:13:22, 1278.10, 11.65, 285, 498, 746, 881, 871, 715, 568, 401, 2143, 99, 18527.61, 11.74, 10.73
10:13:22, 1268.40, 11.65, 297, 516, 767, 904, 893, 735, 594, 421, 2212, 103, 18559.46, 11.70, 10.73
10:13:23, 1257.30, 11.66, 307, 530, 780, 919, 908, 756, 617, 451, 2241, 104, 18527.61, 11.74, 10.73
10:13:23, 1246.60, 11.66, 322, 549, 803, 939, 937, 790, 653, 481, 2331, 108, 18575.42, 11.69, 10.73
10:13:24, 1237.70, 11.67, 337, 571, 827, 970, 946, 800, 667, 500, 2395, 111, 18575.42, 11.69, 10.77
10:13:24, 1229.00, 11.67, 348, 585, 842, 982, 972, 836, 705, 538, 2441, 113, 18543.52, 11.72, 10.77
10:13:24, 1219.60, 11.67, 364, 607, 865, 1008, 987, 853, 727, 565, 2493, 116, 18527.61, 11.74, 10.79
10:13:25, 1211.80, 11.67, 375, 619, 876, 1015, 991, 860, 738, 577, 2553, 119, 18527.61, 11.74, 10.79
10:13:25, 1203.00, 11.69, 388, 635, 893, 1037, 1025, 902, 782, 626, 2617, 122, 18543.52, 11.72, 10.79
10:13:26, 1191.80, 11.69, 405, 659, 919, 1063, 1034, 914, 805, 654, 2667, 125, 18559.46, 11.70, 10.81
10:13:26, 1182.10, 11.70, 417, 667, 921, 1051, 1031, 920, 809, 672, 2736, 128, 18527.61, 11.74, 10.81
10:13:26, 1173.70, 11.70, 438, 695, 955, 1095, 1090, 986, 880, 740, 2860, 134, 18527.61, 11.74, 10.84
10:13:27, 1164.00, 11.71, 462, 733, 1005, 1144, 1109, 1006, 911, 776, 2917, 137, 18559.46, 11.70, 10.84
10:13:27, 1155.00, 11.71, 472, 736, 993, 1122, 1087, 991, 900, 788, 2954, 138, 18575.42, 11.69, 10.84
10:13:28, 1145.10, 11.72, 502, 778, 1051, 1194, 1199, 1103, 1023, 900, 3173, 150, 18543.52, 11.72, 10.88
10:13:28, 1134.80, 11.73, 532, 820, 1102, 1249, 1214, 1129, 1058, 964, 3220, 154, 18527.61, 11.74, 10.88
10:13:28, 1125.40, 11.74, 540, 817, 1080, 1210, 1193, 1096, 1062, 955, 3268, 156, 18559.46, 11.70, 10.92
10:13:29, 1117.80, 11.74, 579, 871, 1149, 1282, 1364, 1290, 1252, 1185, 3530, 173, 18543.52, 11.72, 10.92
10:13:29, 1108.80, 11.75, 614, 917, 1211, 1365, 1311, 1216, 1205, 1118, 3557, 175, 18543.52, 11.72, 10.92
10:13:30, 1099.00, 11.76, 634, 931, 1220, 1357, 1394, 1301, 1333, 1239, 3786, 190, 18527.61, 11.74, 10.98
10:13:30, 1088.70, 11.77, 682, 1002, 1309, 1458, 1430, 1345, 1393, 1327, 3827, 197, 18543.52, 11.72, 10.98
10:13:31, 1080.00, 11.78, 724, 1053, 1369, 1512, 1553, 1440, 1557, 1460, 4123, 222, 18559.46, 11.70, 11.04
10:13:31, 1071.80, 11.79, 737, 1067, 1373, 1531, 1531, 1422, 1555, 1494, 4195, 240, 18543.52, 11.72, 11.04
10:13:31, 1063.40, 11.80, 833, 1219, 1571, 1742, 1766, 1636, 1874, 1774, 4498, 273, 18511.71, 11.76, 11.04
10:13:32, 1054.00, 11.81, 806, 1142, 1456, 1610, 1734, 1588, 1873, 1749, 4657, 325, 18511.71, 11.76, 11.09
10:13:32, 1043.80, 11.82, 929, 1332, 1712, 1867, 2118, 1972, 2340, 2308, 5323, 446, 18543.52, 11.72, 11.09
10:13:33, 1035.80, 11.83, 1609, 2788, 3435, 5581, 5116, 3510, 8638, 4237, 7809, 1399, 18543.52, 11.72, 11.16
10:13:33, 1028.20, 11.85, 1754, 3128, 4174, 6294, 5158, 3644, 8218, 4677, 8514, 1900, 18543.52, 11.72, 11.16
10:13:33, 1021.00, 11.84, 2823, 6665, 8065, 13601, 12207, 6884, 21181, 8252, 12705, 4350, 18543.52, 11.72, 11.16
10:13:34, 1020.80, 11.84, 2158, 3647, 4728, 7104, 7932, 5231, 14525, 6573, 12873, 4799, 18527.61, 11.74, 11.23
10:13:34, 1020.70, 11.85, 2370, 4338, 5536, 8891, 14261, 7664, 22202, 9670, 13145, 4602, 18527.61, 11.74, 11.23
10:13:35, 1020.50, 11.87, 2500, 5181, 6256, 11433, 13465, 8251, 22328, 9680, 12683, 4515, 18575.42, 11.69, 11.26
10:13:35, 1020.80, 11.88, 4410, 11358, 11753, 19624, 18759, 14247, 28152, 16231, 13435, 4705, 18511.71, 11.76, 11.26
10:13:36, 1020.50, 11.89, 2225, 3482, 4103, 6790, 6410, 5140, 11675, 6297, 12038, 4730, 18543.52, 11.72, 11.26
10:13:36, 1020.70, 11.89, 2259, 3539, 4187, 6835, 7841, 5905, 15580, 7078, 12589, 4916, 18511.71, 11.76, 11.20
10:13:36, 1020.70, 11.90, 2312, 3741, 4291, 7750, 7297, 6074, 15142, 7043, 12967, 4959, 18543.52, 11.72, 11.20
10:13:37, 1020.70, 11.90, 2441, 4058, 4509, 9149, 8631, 7513, 19284, 8014, 14130, 5256, 18527.61, 11.74, 11.14
10:13:37, 1020.80, 11.91, 2529, 4166, 4422, 9420, 7551, 7749, 16203, 8153, 15216, 5648, 18543.52, 11.72, 11.14
10:13:38, 1020.80, 11.91, 2987, 4435, 4522, 10794, 7084, 10221, 15423, 9294, 18595, 6629, 18543.52, 11.72, 11.14
10:13:38, 1020.40, 11.91, 3540, 4188, 4490, 10412, 5980, 10981, 12299, 9293, 25375, 8025, 18511.71, 11.76, 11.07
10:13:38, 1020.50, 11.92, 4690, 4486, 5106, 11662, 6013, 14995, 10493, 10946, 35995, 10635, 18527.61, 11.74, 11.07
10:13:39, 1020.50, 11.92, 7083, 4689, 6269, 11167, 6638, 18930, 9771, 13382, 36000, 16630, 18495.82, 11.77, 11.02
10:13:39, 1020.80, 11.94, 9849, 5269, 9636, 10963, 4118, 7891, 5215, 7074, 26516, 13587, 18511.71, 11.76, 11.02
10:13:40, 1020.50, 11.94, 1552, 1842, 2496, 2589, 11055, 13036, 11096, 13206, 36000, 34984, 18511.71, 11.76, 11.02
10:13:40, 1020.70, 11.94, 1518, 1825, 2482, 2508, 2530, 2733, 2779, 3167, 18015, 7116, 18511.71, 11.76, 10.95
10:13:40, 1020.50, 11.95, 1374, 1686, 2242, 2241, 2422, 2476, 2643, 2923, 18447, 7005, 18527.61, 11.74, 10.95
10:13:41, 1020.60, 11.95, 4975, 5288, 10241, 8051, 12202, 8662, 14554, 11873, 36000, 36000, 18527.61, 11.74, 10.86
10:13:41, 1020.40, 11.96, 3858, 4788, 8438, 8114, 12963, 8401, 18874, 10424, 36000, 36000, 18527.61, 11.74, 10.86
10:13:42, 1020.30, 11.96, 3287, 4184, 7079, 6934, 10204, 6951, 14039, 8778, 36000, 36000, 18495.82, 11.77, 10.86
10:13:42, 1020.50, 11.96, 3437, 4287, 7148, 6957, 10596, 7601, 13002, 9983, 36000, 36000, 18464.10, 11.81, 10.85
10:13:43, 1020.20, 11.96, 4298, 4751, 9046, 7513, 11709, 8970, 13020, 11515, 36000, 36000, 18432.46, 11.84, 10.85
10:13:43, 1020.30, 11.96, 4330, 4983, 8997, 7714, 12003, 8390, 14516, 11501, 36000, 36000, 18448.28, 11.83, 10.88
10:13:43, 1020.40, 11.97, 3850, 4823, 8495, 8072, 12191, 8176, 17139, 10444, 36000, 36000, 18416.67, 11.86, 10.88
10:13:44, 1020.50, 11.97, 3338, 4239, 7103, 7236, 11009, 7437, 14968, 9146, 36000, 36000, 18416.67, 11.86, 10.89
10:13:44, 1020.70, 11.97, 3958, 4971, 8870, 8408, 15181, 9300, 21831, 11815, 36000, 36000, 18416.67, 11.86, 10.89
10:13:45, 1020.30, 11.97, 4830, 5755, 10804, 9624, 15809, 10457, 18896, 13936, 36000, 36000, 18353.66, 11.93, 10.89
10:13:45, 1020.10, 11.96, 6907, 6564, 13438, 9616, 14070, 11747, 14885, 15887, 36000, 36000, 18337.95, 11.95, 10.89
10:13:45, 1019.90, 11.97, 5505, 4878, 8945, 8012, 10102, 9094, 10258, 11011, 36000, 36000, 18353.66, 11.93, 10.89
10:13:46, 1020.00, 11.97, 4383, 4180, 7367, 6576, 8406, 7939, 9112, 9578, 36000, 36000, 18322.26, 11.97, 10.87
10:13:46, 1020.20, 11.98, 5830, 5603, 10507, 8092, 14670, 10901, 15772, 15039, 36000, 36000, 18385.12, 11.90, 10.87
10:13:47, 1020.40, 11.99, 3115, 4032, 6613, 6733, 9124, 5863, 12482, 7693, 36000, 36000, 18337.95, 11.95, 10.87
10:13:47, 1020.30, 11.99, 2607, 3563, 5264, 5896, 7653, 5477, 11638, 6987, 36000, 36000, 18290.93, 12.00, 10.90
10:13:47, 1020.30, 12.00, 2323, 3199, 4705, 4949, 7767, 5551, 10307, 7240, 36000, 36000, 18306.58, 11.99, 10.90
10:13:48, 1020.30, 11.99, 4649, 4930, 8940, 7208, 9844, 8799, 10840, 11817, 36000, 36000, 18290.93, 12.00, 10.98
10:13:48, 1020.20, 12.00, 3986, 3769, 6635, 5946, 7040, 6811, 8093, 8366, 36000, 36000, 18290.93, 12.00, 10.98
10:13:49, 1020.30, 12.00, 4649, 4759, 8351, 6853, 10173, 8630, 10821, 11836, 36000, 36000, 18259.67, 12.04, 10.98
10:13:49, 1020.40, 12.01, 3557, 4076, 7322, 6251, 10825, 7738, 13026, 10403, 36000, 36000, 18290.93, 12.00, 10.98
10:13:50, 1020.60, 12.01, 3588, 4504, 7716, 7374, 9416, 6787, 12985, 8773, 36000, 36000, 18259.67, 12.04, 10.98
10:13:50, 1020.40, 12.01, 2542, 3446, 5267, 5446, 7533, 5331, 11068, 6861, 36000, 36000, 18259.67, 12.04, 11.04
10:13:50, 1020.60, 12.02, 2558, 3420, 4596, 6231, 5625, 5473, 8530, 6185, 36000, 22247, 18212.91, 12.09, 11.04
10:13:51, 1020.60, 12.02, 2394, 3856, 4383, 6622, 6528, 7282, 9313, 8276, 36000, 19217, 18197.36, 12.11, 11.04
10:13:51, 1020.70, 12.03, 3024, 3941, 5162, 6670, 6827, 7539, 9080, 9437, 26471, 14431, 18181.82, 12.13, 11.16
10:13:52, 1020.50, 12.03, 3244, 4165, 4864, 6068, 5409, 8755, 6452, 11791, 11925, 5058, 18181.82, 12.13, 11.16
10:13:52, 1020.60, 12.03, 3330, 3789, 5225, 6035, 5983, 6534, 6786, 7004, 11097, 4796, 18181.82, 12.13, 11.15
10:13:52, 1020.60, 12.03, 3160, 3223, 4911, 6117, 6066, 5552, 7403, 6139, 10858, 4737, 18166.30, 12.14, 11.15
10:13:53, 1020.60, 12.03, 2507, 2731, 3955, 5050, 6022, 5386, 6627, 5846, 10613, 4606, 18181.82, 12.13, 11.15
10:13:53, 1020.80, 12.04, 3622, 4041, 5635, 6495, 5766, 7819, 6598, 8551, 11436, 5039, 18166.30, 12.14, 11.14
10:13:54, 1020.80, 12.04, 3291, 3715, 4518, 5326, 5436, 9028, 6564, 11847, 12306, 5433, 18181.82, 12.13, 11.14
10:13:54, 1020.80, 12.05, 3690, 4634, 5494, 6818, 5796, 8492, 6654, 10739, 13925, 5789, 18150.79, 12.16, 11.16
10:13:55, 1020.70, 12.05, 3376, 4300, 5867, 7280, 6769, 8109, 7633, 10297, 15839, 6298, 18181.82, 12.13, 11.16
10:13:55, 1020.70, 12.05, 3454, 4401, 5940, 7636, 7303, 8400, 7873, 10178, 16937, 6912, 18197.36, 12.11, 11.16
10:13:55, 1020.90, 12.06, 3251, 4121, 5697, 7027, 7949, 8391, 9489, 10311, 18625, 8138, 18181.82, 12.13, 11.18
10:13:56, 1020.60, 12.05, 3340, 4266, 5839, 7359, 7959, 8336, 9239, 10121, 18171, 7705, 18181.82, 12.13, 11.18
10:13:56, 1020.60, 12.06, 3300, 4244, 5772, 7331, 7833, 8384, 9086, 10209, 18095, 7684, 18166.30, 12.14, 11.20
10:13:57, 1020.60, 12.06, 3255, 4206, 5648, 7239, 7593, 8278, 8926, 10037, 17871, 7672, 18166.30, 12.14, 11.20
10:13:57, 1020.60, 12.06, 3253, 4212, 5622, 7173, 7611, 8306, 8963, 10081, 17836, 7797, 18197.36, 12.11, 11.20
10:13:57, 1020.90, 12.07, 3258, 4236, 5632, 7140, 7721, 8313, 8980, 10091, 17931, 7871, 18135.31, 12.18, 11.22
10:13:58, 1020.90, 12.07, 3269, 4243, 5669, 7212, 7815, 8422, 9029, 10146, 18054, 7773, 18197.36, 12.11, 11.22
10:13:58, 1020.60, 12.08, 3261, 4206, 5671, 7245, 7465, 8112, 8775, 9862, 17612, 7496, 18166.30, 12.14, 11.24
10:13:59, 1021.00, 12.08, 930, 1189, 1459, 1608, 1434, 1476, 1603, 1699, 6087, 1774, 18166.30, 12.14, 11.24
10:13:59, 1020.80, 12.09, 1060, 1354, 1867, 2303, 7182, 7985, 8999, 11010, 17953, 9094, 18181.82, 12.13, 11.24
10:13:59, 1020.70, 12.09, 3082, 3920, 5367, 6856, 7252, 7839, 8437, 10508, 18883, 10994, 18181.82, 12.13, 11.27
