Secchi Depth (cm) = 0600	
Forel Ule Scale = 11
pH Colour Scale = 99
SmartSecchi S/N = A0000001
Latitude (degs N) = 56.53325
Longitude (degs E) = -5.33029
Date = 2023-05-25
Time (UTC), Pressure (mbar) MS5803, Temp (deg C) MS5803, 415nm, 445nm, 480nm, 515nm, 555nm, 590nm, 630nm, 680nm, Clear, NIR, Resistance 10KTHERM, Temp (deg C) 10KTHERM, Temp (deg C) TMP117
12:23:54, 1023.10, 15.08, 281, 399, 487, 622, 669, 947, 1590, 1781, 7722, 5306, 14781.98, 16.46, 15.20
12:23:54, 1023.10, 15.09, 320, 446, 550, 696, 756, 1082, 1806, 2036, 8411, 5696, 14746.01, 16.51, 15.30
12:23:54, 1006.60, 14.63, 366, 526, 732, 884, 1010, 1135, 1323, 1591, 7190, 4851, 14757.99, 16.49, 15.30
12:23:55, 1022.20, 15.08, 1057, 1450, 1878, 2027, 8459, 5413, 12885, 8059, 36000, 35651, 14734.04, 16.53, 15.40
12:23:55, 1021.90, 15.06, 1028, 1438, 1802, 1998, 2160, 2396, 2820, 3264, 8646, 3240, 14746.01, 16.51, 15.40
12:23:56, 1021.40, 15.04, 8661, 12260, 16100, 18260, 18185, 19393, 19689, 27330, 15537, 5672, 14722.09, 16.54, 15.33
12:23:56, 1020.20, 15.00, 9857, 15529, 21203, 24162, 29825, 29673, 34670, 36000, 36000, 35285, 14746.01, 16.51, 15.33
12:23:57, 1020.40, 15.00, 9394, 16550, 22024, 24470, 24090, 26351, 29675, 36000, 36000, 36000, 14769.98, 16.47, 15.33
12:23:57, 1020.90, 15.01, 7593, 7110, 10881, 11754, 8702, 12956, 8309, 14167, 36000, 36000, 14746.01, 16.51, 15.27
12:23:57, 1021.30, 15.05, 8835, 15913, 18246, 24449, 30120, 31844, 36000, 36000, 36000, 36000, 14781.98, 16.46, 15.27
12:23:58, 1022.20, 15.09, 6078, 5077, 9962, 7278, 11975, 7084, 13550, 10954, 36000, 36000, 14781.98, 16.46, 15.13
12:23:58, 1023.10, 15.12, 4922, 6398, 9981, 9771, 13003, 9751, 17074, 15745, 36000, 36000, 14781.98, 16.46, 15.13
12:23:59, 1022.90, 15.13, 5535, 7298, 12106, 11079, 17460, 13397, 22074, 22068, 36000, 36000, 14769.98, 16.47, 15.13
12:23:59, 1022.70, 15.11, 3456, 6765, 8438, 12441, 13795, 11553, 21041, 15689, 36000, 36000, 14806.01, 16.42, 15.02
12:23:59, 1023.30, 15.13, 3112, 5224, 5981, 10967, 9501, 10584, 15828, 11640, 36000, 25973, 14793.99, 16.44, 15.02
12:24:00, 1023.40, 15.14, 3815, 5236, 5974, 10735, 10102, 14504, 16693, 15953, 36000, 15611, 14793.99, 16.44, 15.05
12:24:00, 1023.40, 15.14, 4395, 5337, 6203, 11147, 9180, 14197, 14496, 15695, 36000, 11907, 14818.05, 16.40, 15.05
12:24:01, 1022.70, 15.11, 6789, 7869, 10720, 14820, 12919, 18230, 18530, 22481, 36000, 11927, 14818.05, 16.40, 15.13
12:24:01, 1025.10, 15.16, 8858, 12153, 15912, 19011, 22147, 24358, 25250, 34438, 35741, 12568, 14830.10, 16.39, 15.13
12:24:02, 1028.10, 15.13, 5484, 5202, 8801, 9311, 29899, 24169, 33270, 35016, 25853, 9097, 14830.10, 16.39, 15.13
12:24:02, 1030.40, 15.03, 13276, 6094, 12023, 11064, 11901, 17604, 8174, 17761, 12870, 3490, 14830.10, 16.39, 14.07
12:24:02, 1031.30, 14.95, 10621, 18018, 19444, 23847, 13320, 16585, 10055, 19228, 11115, 3109, 14830.10, 16.39, 14.07
12:24:03, 1033.10, 14.86, 2304, 3709, 4219, 5621, 2905, 3050, 3508, 3639, 9382, 1714, 14854.23, 16.35, 13.27
12:24:03, 1030.80, 14.79, 4019, 6385, 8725, 10565, 15883, 16969, 18353, 20448, 14660, 3428, 14866.31, 16.34, 13.27
12:24:04, 1037.00, 14.73, 11627, 14998, 20939, 22420, 14641, 17653, 16384, 21206, 15724, 2867, 14854.23, 16.35, 13.27
12:24:04, 1035.80, 14.65, 11365, 16371, 23990, 22339, 31166, 32139, 31078, 35331, 33763, 6037, 14926.90, 16.25, 12.91
12:24:05, 1031.40, 14.60, 12378, 19641, 25648, 27096, 30775, 33200, 31996, 35242, 33174, 8178, 14842.16, 16.37, 12.91
12:24:05, 1036.50, 14.55, 3753, 6283, 8072, 8354, 25769, 30841, 28188, 32462, 25748, 5065, 14890.51, 16.30, 12.77
12:24:05, 1035.80, 14.51, 5506, 9843, 12491, 16900, 19589, 23357, 22113, 28865, 15115, 2488, 14890.51, 16.30, 12.77
12:24:06, 1031.10, 14.47, 5174, 9068, 11451, 15467, 20308, 24715, 22310, 30574, 18500, 4056, 14926.90, 16.25, 12.77
12:24:06, 1034.20, 14.42, 2287, 3338, 4274, 5184, 26556, 30285, 30024, 31368, 25585, 6275, 14926.90, 16.25, 12.73
12:24:07, 1035.60, 14.39, 1474, 1947, 2473, 3391, 3690, 4080, 4743, 4749, 11379, 1439, 14951.22, 16.22, 12.73
12:24:07, 1029.10, 14.36, 2907, 4238, 5397, 7009, 3373, 3857, 4474, 4588, 11977, 2537, 14939.05, 16.23, 12.71
12:24:07, 1035.60, 14.33, 1315, 1697, 2224, 2673, 16909, 18108, 18456, 19743, 15981, 2941, 14939.05, 16.23, 12.71
12:24:08, 1035.00, 14.31, 3125, 4758, 6353, 7737, 16380, 21469, 18173, 26133, 12840, 2230, 14951.22, 16.22, 12.72
12:24:08, 1031.60, 14.30, 13298, 18823, 22444, 25417, 19822, 21946, 22763, 27356, 20320, 3926, 14926.90, 16.25, 12.72
12:24:09, 1031.20, 14.28, 9412, 15693, 19017, 23768, 17618, 20115, 19811, 25666, 15998, 4296, 14963.40, 16.20, 12.72
12:24:09, 1031.90, 14.27, 11014, 15495, 18055, 21838, 20483, 25552, 23659, 31547, 17628, 3040, 14951.22, 16.22, 12.71
12:24:10, 1026.80, 14.25, 11515, 18730, 23162, 31605, 29134, 35718, 34104, 35983, 21806, 6461, 14963.40, 16.20, 12.71
12:24:10, 1029.80, 14.24, 12134, 18128, 24911, 30629, 18723, 23272, 22218, 28392, 16049, 4178, 14963.40, 16.20, 12.73
12:24:10, 1034.80, 14.23, 8176, 14179, 17013, 22610, 25519, 28719, 27891, 30729, 22921, 4478, 14987.79, 16.16, 12.73
12:24:11, 1031.00, 14.22, 8930, 14974, 18350, 26386, 6012, 7892, 7251, 9374, 11277, 2060, 14975.59, 16.18, 12.73
12:24:11, 1031.40, 14.23, 1334, 1819, 2364, 2839, 3300, 4066, 3798, 4842, 9236, 1798, 14987.79, 16.16, 12.72
12:24:12, 1035.50, 14.22, 1209, 1743, 2272, 2629, 2683, 2786, 3160, 3323, 7521, 1093, 15012.23, 16.13, 12.72
12:24:12, 1030.10, 14.20, 1812, 2863, 3748, 4719, 5101, 5354, 6079, 7881, 8686, 1789, 15012.23, 16.13, 12.73
12:24:12, 1031.10, 14.21, 1216, 1714, 2220, 2533, 2570, 2600, 3052, 3367, 7524, 1513, 15000.00, 16.15, 12.73
12:24:13, 1035.50, 14.20, 1159, 1681, 2199, 2515, 2938, 3104, 3435, 3795, 7748, 1152, 15000.00, 16.15, 12.77
12:24:13, 1033.80, 14.19, 2363, 3544, 5071, 5997, 14534, 15620, 15476, 16931, 12905, 2590, 15024.46, 16.11, 12.77
12:24:14, 1031.30, 14.18, 6552, 10314, 13930, 17384, 10803, 12563, 14289, 14668, 20167, 5540, 15000.00, 16.15, 12.77
12:24:14, 1033.60, 14.19, 2954, 4479, 5943, 6922, 4800, 5663, 5622, 7027, 7392, 1428, 15036.71, 16.09, 12.75
12:24:15, 1035.60, 14.18, 6521, 10802, 13394, 15620, 4901, 5095, 6067, 6824, 7173, 1118, 15036.71, 16.09, 12.75
12:24:15, 1032.50, 14.16, 1579, 2129, 2927, 3239, 12434, 14116, 14678, 17041, 10465, 2065, 15061.24, 16.06, 12.71
12:24:15, 1033.70, 14.15, 6805, 10687, 14346, 17699, 4169, 4653, 4895, 5873, 9451, 1675, 15048.97, 16.08, 12.71
12:24:16, 1037.70, 14.15, 18184, 27429, 31884, 33761, 28019, 32053, 30975, 34273, 18896, 3304, 15061.24, 16.06, 12.71
12:24:16, 1033.40, 14.14, 8720, 15592, 18778, 23532, 28779, 33429, 32274, 35873, 19849, 3534, 15061.24, 16.06, 12.67
12:24:17, 1031.30, 14.14, 2315, 3427, 4710, 5943, 3832, 3773, 4895, 5277, 8343, 1708, 15036.71, 16.09, 12.67
12:24:17, 1035.70, 14.13, 1194, 1705, 2258, 2569, 16677, 20452, 18647, 24128, 12355, 2174, 15036.71, 16.09, 12.66
12:24:18, 1032.70, 14.12, 2705, 3903, 5198, 5984, 6181, 7013, 6089, 7586, 9490, 1593, 15048.97, 16.08, 12.66
12:24:18, 1032.20, 14.11, 5229, 8048, 10697, 14570, 10594, 14567, 13227, 18415, 10964, 2300, 15061.24, 16.06, 12.66
12:24:18, 1032.70, 14.11, 9008, 14768, 18715, 24656, 29934, 30617, 31928, 33632, 27680, 7479, 15085.83, 16.03, 12.66
12:24:19, 1031.90, 14.09, 6529, 10654, 14493, 17676, 15453, 16317, 15981, 17685, 16500, 3470, 15048.97, 16.08, 12.66
12:24:19, 1031.40, 14.10, 11032, 17955, 22479, 28910, 24729, 30183, 29060, 33495, 18124, 4075, 15073.53, 16.04, 12.67
12:24:20, 1034.90, 14.09, 8647, 14155, 16943, 19091, 23999, 26990, 26461, 30108, 18687, 3480, 15085.83, 16.03, 12.67
12:24:20, 1034.10, 14.10, 8391, 13585, 18357, 23981, 19062, 25706, 22644, 29186, 11975, 2340, 15110.45, 15.99, 12.67
12:24:20, 1033.10, 14.09, 6892, 10068, 13626, 17046, 3075, 3237, 3586, 3990, 7894, 1155, 15098.14, 16.01, 12.67
12:24:21, 1031.20, 14.10, 1184, 1694, 2170, 2499, 2428, 2563, 2872, 3184, 6667, 1577, 15110.45, 15.99, 12.67
12:24:21, 1034.10, 14.10, 1419, 1924, 2623, 3043, 8597, 8743, 9652, 11581, 9299, 1649, 15122.79, 15.97, 12.67
12:24:22, 1029.50, 14.09, 1429, 2301, 2775, 3507, 2800, 2916, 3336, 3711, 7945, 1892, 15098.14, 16.01, 12.67
12:24:22, 1034.40, 14.07, 5252, 6528, 9431, 10239, 3871, 4621, 4405, 5822, 6266, 1066, 15073.53, 16.04, 12.68
12:24:23, 1034.60, 14.07, 3602, 5527, 7400, 9910, 2811, 2934, 3255, 3582, 7797, 1169, 15110.45, 15.99, 12.68
12:24:23, 1032.50, 14.07, 1875, 2932, 3883, 4854, 16839, 18220, 18562, 20043, 12758, 2596, 15098.14, 16.01, 12.68
12:24:23, 1034.10, 14.06, 3209, 5025, 6671, 8250, 20637, 24323, 23658, 29740, 14534, 2857, 15122.79, 15.97, 12.69
12:24:24, 1036.00, 14.06, 7179, 10708, 14318, 16128, 4120, 4468, 5052, 5343, 12201, 1593, 15110.45, 15.99, 12.69
12:24:24, 1034.30, 14.06, 6802, 11567, 13859, 16100, 22830, 27281, 25183, 31150, 15756, 3293, 15135.14, 15.96, 12.69
12:24:25, 1035.90, 14.06, 1674, 2437, 3225, 3893, 2536, 2626, 2922, 3225, 6568, 967, 15110.45, 15.99, 12.69
12:24:25, 1032.40, 14.06, 1229, 1756, 2328, 2686, 9059, 9368, 10696, 12463, 10840, 1964, 15135.14, 15.96, 12.70
12:24:26, 1033.60, 14.06, 1049, 1474, 1913, 2148, 13608, 12242, 16360, 18364, 10130, 1915, 15147.49, 15.94, 12.70
12:24:26, 1033.10, 14.06, 1269, 1804, 2405, 2749, 2665, 2786, 3116, 3446, 6508, 1087, 15135.14, 15.96, 12.70
12:24:26, 1032.60, 14.07, 2268, 3216, 4427, 4632, 4309, 4391, 4690, 5986, 7820, 1371, 15135.14, 15.96, 12.70
12:24:27, 1031.80, 14.06, 1431, 2112, 2719, 3150, 17261, 20168, 20151, 24316, 13013, 3483, 15159.86, 15.92, 12.70
12:24:27, 1035.90, 14.06, 1127, 1600, 2088, 2355, 9063, 8694, 11304, 14201, 8527, 1381, 15159.86, 15.92, 12.71
12:24:28, 1030.80, 14.06, 1752, 2878, 3476, 4164, 5620, 5860, 6971, 8255, 8668, 1566, 15135.14, 15.96, 12.71
12:24:28, 1032.10, 14.06, 1187, 1674, 2146, 2450, 5920, 5241, 7517, 8819, 7785, 1775, 15172.24, 15.90, 12.71
12:24:28, 1035.20, 14.05, 1280, 1802, 2415, 2747, 4302, 4331, 5544, 6192, 7966, 1126, 15159.86, 15.92, 12.70
12:24:29, 1032.30, 14.05, 3792, 4795, 6837, 7164, 8287, 8519, 10636, 12357, 8858, 1831, 15147.49, 15.94, 12.70
12:24:29, 1033.00, 14.04, 3204, 4564, 5891, 7073, 3458, 3329, 3773, 4461, 5425, 1121, 15172.24, 15.90, 12.67
12:24:30, 1037.10, 14.04, 10699, 17305, 20668, 23859, 14516, 13021, 15538, 16891, 18222, 2569, 15172.24, 15.90, 12.67
12:24:30, 1034.30, 14.04, 3456, 6087, 7065, 9553, 18387, 20573, 20116, 23797, 20545, 3638, 15172.24, 15.90, 12.67
12:24:31, 1035.70, 14.03, 5676, 5137, 8913, 11705, 13001, 21482, 18822, 22825, 19646, 3539, 15184.64, 15.89, 12.65
12:24:31, 1037.00, 14.02, 6441, 8986, 12096, 15301, 10231, 15491, 14523, 18825, 18551, 2443, 15184.64, 15.89, 12.65
12:24:31, 1034.10, 14.02, 6794, 8362, 11749, 15141, 16288, 17861, 19663, 23734, 24426, 3606, 15184.64, 15.89, 12.65
12:24:32, 1035.70, 14.02, 10467, 10020, 16885, 21034, 13099, 24734, 13723, 25302, 17244, 2930, 15221.89, 15.84, 12.65
12:24:32, 1034.60, 14.01, 6741, 10906, 13175, 16366, 10608, 16644, 15497, 18205, 24400, 3921, 15209.46, 15.85, 12.65
12:24:33, 1039.00, 14.00, 5931, 7619, 10874, 13377, 24717, 23735, 26106, 28454, 24176, 3600, 15197.05, 15.87, 12.65
12:24:33, 1037.00, 13.99, 8656, 10378, 15015, 18522, 19430, 19937, 20044, 24103, 21459, 3734, 15197.05, 15.87, 12.65
12:24:33, 1037.30, 13.99, 8579, 18358, 18929, 23418, 20308, 17917, 22203, 25649, 21808, 2624, 15159.86, 15.92, 12.63
12:24:34, 1041.10, 13.98, 6553, 11122, 13615, 17628, 20046, 22304, 18401, 24745, 11172, 2036, 15234.33, 15.82, 12.63
12:24:34, 1048.00, 13.98, 6675, 12673, 14845, 18435, 14974, 12849, 17271, 19666, 19038, 1908, 15197.05, 15.87, 12.64
12:24:35, 1050.30, 13.98, 6616, 10031, 13495, 17176, 15026, 14740, 18965, 21769, 10700, 1225, 15234.33, 15.82, 12.64
12:24:35, 1054.40, 13.97, 4051, 7641, 8761, 12076, 13819, 13759, 13500, 17739, 8516, 1001, 15221.89, 15.84, 12.64
12:24:36, 1064.80, 13.96, 5831, 11757, 13394, 19490, 20034, 19335, 23744, 25655, 12853, 1132, 15172.24, 15.90, 12.56
12:24:36, 1073.00, 13.94, 6057, 12094, 14417, 17688, 2805, 2794, 3024, 3256, 5533, 379, 15221.89, 15.84, 12.56
12:24:36, 1082.80, 13.92, 1278, 1920, 2776, 3363, 3963, 4027, 4270, 4502, 7137, 439, 15221.89, 15.84, 12.47
12:24:37, 1090.70, 13.89, 3644, 6364, 9603, 12727, 30048, 31967, 30578, 33376, 16016, 1267, 15209.46, 15.85, 12.47
12:24:37, 1099.00, 13.86, 10188, 16610, 21077, 26046, 13951, 17724, 14266, 18457, 11587, 767, 15234.33, 15.82, 12.52
12:24:38, 1107.80, 13.86, 4853, 8205, 12735, 15478, 31114, 31893, 30493, 33199, 34811, 2360, 15234.33, 15.82, 12.52
12:24:38, 1116.20, 13.86, 6509, 11166, 18421, 19398, 16875, 16103, 15985, 19186, 32201, 1772, 15234.33, 15.82, 12.52
12:24:39, 1125.30, 13.86, 15668, 29511, 35515, 35989, 16760, 15850, 15272, 17389, 34189, 2198, 15259.26, 15.78, 12.47
12:24:39, 1132.60, 13.83, 3689, 7859, 12010, 14034, 19977, 16557, 17762, 21248, 34893, 2248, 15271.74, 15.77, 12.47
12:24:39, 1140.70, 13.81, 3433, 7323, 11357, 13824, 22545, 18851, 19881, 22639, 36000, 3758, 15271.74, 15.77, 12.34
12:24:40, 1148.80, 13.78, 5392, 12049, 19040, 22431, 17390, 14790, 15558, 17396, 36000, 3988, 15246.79, 15.80, 12.34
12:24:40, 1156.20, 13.76, 2088, 3927, 5708, 7665, 14702, 12348, 13336, 13823, 34762, 3375, 15234.33, 15.82, 12.34
12:24:41, 1162.70, 13.75, 3365, 6686, 9982, 13034, 21565, 18479, 20193, 21283, 36000, 4878, 15259.26, 15.78, 12.27
12:24:41, 1172.90, 13.73, 3174, 6160, 8941, 12230, 8481, 8088, 7842, 8004, 31866, 2284, 15271.74, 15.77, 12.27
12:24:41, 1182.50, 13.72, 4670, 8534, 12844, 17557, 12167, 10672, 10362, 10448, 35456, 2697, 15259.26, 15.78, 12.25
12:24:42, 1191.60, 13.70, 3046, 5873, 9302, 12198, 11079, 10884, 9684, 10262, 31569, 2893, 15259.26, 15.78, 12.25
12:24:42, 1200.60, 13.69, 3940, 7827, 11742, 16228, 20526, 18435, 18976, 18787, 36000, 5241, 15284.23, 15.75, 12.20
12:24:43, 1211.00, 13.67, 2567, 4850, 7634, 10709, 7713, 7307, 6277, 6308, 29798, 2044, 15296.73, 15.73, 12.20
12:24:43, 1221.20, 13.65, 1879, 3229, 5420, 7241, 15460, 13897, 13500, 13575, 36000, 4265, 15296.73, 15.73, 12.20
12:24:44, 1231.80, 13.62, 3107, 5580, 9184, 13177, 7384, 7240, 5598, 5708, 29325, 2095, 15271.74, 15.77, 12.06
12:24:44, 1239.80, 13.60, 4581, 7633, 13301, 18306, 10857, 10851, 7669, 8470, 36000, 3244, 15284.23, 15.75, 12.06
12:24:44, 1249.10, 13.58, 1895, 3296, 5689, 7603, 7964, 7590, 5770, 6343, 35257, 2515, 15296.73, 15.73, 11.99
12:24:45, 1259.70, 13.53, 1996, 3242, 6092, 7498, 8331, 7700, 5593, 5637, 36000, 2963, 15296.73, 15.73, 11.99
12:24:45, 1268.80, 13.51, 1926, 2831, 5814, 6586, 8726, 8200, 5712, 6185, 35686, 2975, 15296.73, 15.73, 11.99
12:24:46, 1278.80, 13.50, 1988, 3284, 6106, 8087, 8749, 8274, 5777, 6005, 34530, 2629, 15296.73, 15.73, 11.95
12:24:46, 1289.10, 13.48, 1814, 2875, 5569, 7118, 9220, 8709, 5866, 6468, 35951, 2899, 15321.78, 15.70, 11.95
12:24:47, 1298.50, 13.46, 2540, 3676, 7956, 8914, 9603, 8635, 6017, 5773, 36000, 3019, 15321.78, 15.70, 11.89
12:24:47, 1309.50, 13.44, 1292, 2168, 4288, 5330, 8534, 7703, 5248, 5205, 35202, 2911, 15321.78, 15.70, 11.89
12:24:47, 1318.60, 13.42, 1431, 2208, 4659, 5535, 8232, 7187, 4928, 4474, 34924, 2682, 15334.32, 15.68, 11.89
12:24:48, 1328.90, 13.41, 1982, 3061, 6451, 8132, 11192, 11206, 6284, 7261, 36000, 3706, 15321.78, 15.70, 11.83
12:24:48, 1339.20, 13.39, 1207, 2225, 4206, 5859, 7432, 6692, 4497, 4355, 29751, 2046, 15346.88, 15.66, 11.83
12:24:49, 1349.50, 13.38, 2031, 3551, 7158, 9377, 8400, 7298, 4831, 4208, 33773, 2352, 15321.78, 15.70, 11.78
12:24:49, 1360.50, 13.37, 1328, 2325, 4752, 6217, 8928, 7755, 5211, 4704, 35941, 2742, 15346.88, 15.66, 11.78
12:24:49, 1368.70, 13.35, 1173, 2052, 4173, 5491, 9015, 7597, 5161, 4457, 35878, 2866, 15359.44, 15.65, 11.73
12:24:50, 1378.30, 13.34, 1643, 2512, 5750, 6865, 7035, 5900, 3829, 3265, 29258, 2067, 15334.32, 15.68, 11.73
12:24:50, 1387.90, 13.32, 1292, 1987, 4508, 5493, 8066, 7345, 4135, 3952, 33146, 2532, 15384.62, 15.61, 11.73
12:24:51, 1394.80, 13.30, 887, 1690, 3406, 4823, 6274, 5372, 3463, 2932, 23197, 1602, 15346.88, 15.66, 11.67
12:24:51, 1404.50, 13.29, 1353, 2518, 5052, 7305, 8238, 6988, 4361, 3815, 31040, 2148, 15372.02, 15.63, 11.67
12:24:52, 1413.30, 13.27, 883, 1542, 3356, 4480, 6961, 5843, 3544, 2910, 28223, 2014, 15372.02, 15.63, 11.55
12:24:52, 1424.40, 13.24, 1012, 1770, 3905, 5214, 6467, 5232, 3393, 2620, 25637, 1771, 15372.02, 15.63, 11.55
12:24:52, 1432.10, 13.22, 1166, 1953, 4427, 5809, 7972, 6593, 4149, 3332, 32928, 2255, 15372.02, 15.63, 11.55
12:24:53, 1439.80, 13.20, 883, 1496, 3414, 4462, 6794, 5494, 3392, 2634, 27763, 1938, 15372.02, 15.63, 11.47
12:24:53, 1447.40, 13.19, 939, 1706, 3722, 5214, 6552, 5315, 3229, 2499, 26617, 1893, 15346.88, 15.66, 11.47
12:24:54, 1456.30, 13.17, 907, 1595, 3594, 4888, 5583, 4403, 2739, 2008, 21323, 1449, 15384.62, 15.61, 11.44
12:24:54, 1462.10, 13.16, 823, 1406, 3282, 4322, 6483, 5081, 3211, 2358, 27381, 1927, 15384.62, 15.61, 11.44
12:24:54, 1472.30, 13.15, 920, 1608, 3728, 5004, 6799, 5273, 3310, 2388, 29056, 2078, 15397.22, 15.59, 11.42
12:24:55, 1483.50, 13.14, 693, 1276, 2912, 4018, 5483, 4179, 2625, 1818, 22313, 1563, 15346.88, 15.66, 11.42
12:24:55, 1491.20, 13.13, 839, 1477, 3452, 4781, 5956, 4695, 2750, 1994, 21719, 1470, 15384.62, 15.61, 11.42
12:24:56, 1500.00, 13.12, 660, 1201, 2787, 3962, 5351, 4187, 2433, 1763, 17907, 1185, 15422.46, 15.56, 11.41
12:24:56, 1509.90, 13.11, 752, 1422, 3213, 4878, 6640, 5330, 3049, 2235, 21220, 1428, 15384.62, 15.61, 11.41
12:24:57, 1519.50, 13.10, 846, 1703, 3737, 5904, 7216, 5701, 3279, 2432, 22966, 1526, 15409.84, 15.58, 11.41
12:24:57, 1528.60, 13.08, 706, 1417, 3177, 4877, 5835, 4383, 2617, 1759, 18281, 1146, 15435.11, 15.54, 11.41
12:24:57, 1538.30, 13.07, 644, 1305, 2953, 4605, 5816, 4381, 2512, 1674, 19809, 1321, 15435.11, 15.54, 11.41
12:24:58, 1550.50, 13.06, 610, 1132, 2702, 4020, 5110, 3841, 2169, 1436, 17504, 1167, 15422.46, 15.56, 11.41
12:24:58, 1557.80, 13.05, 603, 1080, 2659, 3878, 5321, 4100, 2156, 1501, 18421, 1287, 15422.46, 15.56, 11.41
12:24:59, 1559.50, 13.04, 610, 1127, 2706, 4087, 5565, 4220, 2302, 1556, 19264, 1315, 15422.46, 15.56, 11.40
12:24:59, 1564.70, 13.04, 615, 1221, 2868, 4487, 5080, 3724, 2106, 1336, 16040, 1033, 15422.46, 15.56, 11.40
12:25:00, 1568.20, 13.04, 570, 1089, 2625, 3994, 5143, 3851, 2106, 1390, 16571, 1089, 15384.62, 15.61, 11.40
12:25:00, 1584.20, 13.04, 492, 952, 2277, 3530, 4653, 3438, 1858, 1195, 15454, 1039, 15435.11, 15.54, 11.38
12:25:00, 1597.20, 13.02, 560, 982, 2523, 3697, 5112, 3758, 1998, 1275, 18228, 1280, 15447.76, 15.52, 11.38
12:25:01, 1610.40, 13.01, 456, 834, 2120, 3203, 3953, 2812, 1502, 905, 12567, 833, 15435.11, 15.54, 11.36
12:25:01, 1619.30, 13.00, 447, 811, 2078, 3155, 4354, 3182, 1623, 1022, 14105, 963, 15447.76, 15.52, 11.36
12:25:02, 1630.80, 12.99, 435, 862, 2131, 3445, 4159, 2917, 1540, 901, 12377, 801, 15460.43, 15.51, 11.34
12:25:02, 1639.30, 12.98, 416, 800, 2037, 3227, 4400, 3095, 1616, 953, 13845, 916, 15473.11, 15.49, 11.34
12:25:02, 1648.20, 12.97, 458, 909, 2279, 3725, 4688, 3242, 1716, 988, 14465, 931, 15447.76, 15.52, 11.34
12:25:03, 1659.00, 12.96, 410, 815, 2095, 3348, 4083, 2742, 1482, 814, 12727, 831, 15460.43, 15.51, 11.31
12:25:03, 1669.00, 12.94, 398, 773, 2020, 3225, 4463, 3027, 1621, 905, 14493, 950, 15473.11, 15.49, 11.31
12:25:04, 1678.00, 12.93, 346, 693, 1793, 2933, 3616, 2399, 1251, 677, 10913, 717, 15485.80, 15.47, 11.31
12:25:04, 1688.20, 12.93, 319, 619, 1633, 2646, 3856, 2647, 1309, 742, 11613, 763, 15485.80, 15.47, 11.31
12:25:05, 1698.00, 12.93, 396, 749, 1986, 3290, 4299, 3019, 1419, 835, 12075, 783, 15460.43, 15.51, 11.31
12:25:05, 1706.70, 12.93, 334, 682, 1768, 3041, 3845, 2620, 1258, 701, 10056, 631, 15485.80, 15.47, 11.31
12:25:05, 1717.20, 12.92, 355, 705, 1856, 3185, 4206, 2893, 1354, 770, 11130, 704, 15498.50, 15.46, 11.31
12:25:06, 1728.30, 12.91, 336, 701, 1832, 3212, 4020, 2667, 1271, 690, 10271, 634, 15511.22, 15.44, 11.30
12:25:06, 1737.70, 12.90, 317, 627, 1684, 2896, 3714, 2514, 1147, 639, 9973, 639, 15473.11, 15.49, 11.30
12:25:07, 1747.40, 12.89, 326, 660, 1755, 3105, 3999, 2699, 1231, 676, 10019, 630, 15536.70, 15.40, 11.28
12:25:07, 1755.40, 12.89, 298, 594, 1609, 2837, 3667, 2449, 1107, 595, 8783, 545, 15511.22, 15.44, 11.28
12:25:08, 1765.20, 12.88, 298, 616, 1652, 2968, 3860, 2523, 1161, 607, 8960, 541, 15523.95, 15.42, 11.28
12:25:08, 1776.70, 12.87, 295, 607, 1660, 2980, 3708, 2392, 1087, 561, 8489, 516, 15523.95, 15.42, 11.27
12:25:08, 1786.20, 12.86, 273, 572, 1558, 2835, 3592, 2297, 1037, 529, 8181, 491, 15473.11, 15.49, 11.27
12:25:09, 1798.30, 12.85, 270, 547, 1515, 2749, 3569, 2315, 1019, 531, 8320, 514, 15523.95, 15.42, 11.25
12:25:09, 1806.90, 12.84, 251, 508, 1418, 2587, 3359, 2175, 939, 482, 7577, 464, 15523.95, 15.42, 11.25
12:25:10, 1815.40, 12.83, 257, 523, 1461, 2691, 3484, 2252, 980, 495, 7319, 440, 15498.50, 15.46, 11.25
12:25:10, 1827.80, 12.82, 260, 538, 1514, 2802, 3535, 2241, 976, 485, 7033, 416, 15523.95, 15.42, 11.23
12:25:10, 1837.90, 12.81, 242, 501, 1420, 2644, 3469, 2142, 931, 454, 6972, 410, 15511.22, 15.44, 11.23
12:25:11, 1845.20, 12.80, 236, 488, 1401, 2611, 3503, 2164, 925, 456, 7442, 445, 15549.45, 15.39, 11.22
12:25:11, 1855.40, 12.79, 238, 494, 1411, 2658, 3322, 2053, 858, 425, 7450, 449, 15562.22, 15.37, 11.22
12:25:12, 1864.00, 12.75, 215, 433, 1265, 2349, 2999, 1855, 756, 374, 6949, 428, 15536.70, 15.40, 11.22
12:25:12, 1871.50, 12.74, 205, 409, 1197, 2235, 2970, 1851, 746, 373, 6849, 422, 15575.00, 15.35, 11.15
12:25:13, 1880.70, 12.73, 201, 403, 1183, 2227, 2856, 1755, 709, 346, 6099, 368, 15562.22, 15.37, 11.15
12:25:13, 1888.10, 12.73, 189, 380, 1129, 2139, 2803, 1731, 697, 334, 5635, 332, 15575.00, 15.35, 11.11
12:25:13, 1897.60, 12.73, 190, 387, 1155, 2192, 2920, 1759, 712, 335, 5560, 323, 15587.80, 15.33, 11.11
12:25:14, 1907.60, 12.71, 192, 395, 1187, 2262, 3040, 1816, 731, 345, 5826, 339, 15587.80, 15.33, 11.06
12:25:14, 1918.80, 12.69, 191, 392, 1174, 2265, 2933, 1758, 694, 332, 5951, 355, 15587.80, 15.33, 11.06
12:25:15, 1930.80, 12.67, 176, 354, 1077, 2074, 2657, 1575, 609, 288, 5493, 328, 15587.80, 15.33, 11.06
12:25:15, 1935.60, 12.66, 173, 350, 1064, 2059, 2716, 1612, 619, 295, 5784, 347, 15600.60, 15.32, 11.02
12:25:15, 1943.90, 12.65, 173, 344, 1053, 2035, 2635, 1574, 592, 284, 5720, 346, 15587.80, 15.33, 11.02
12:25:16, 1953.80, 12.65, 158, 313, 968, 1874, 2436, 1429, 538, 253, 5122, 308, 15626.25, 15.28, 11.01
12:25:16, 1961.10, 12.64, 157, 313, 974, 1895, 2572, 1521, 564, 267, 5256, 313, 15626.25, 15.28, 11.01
12:25:17, 1971.60, 12.64, 161, 321, 998, 1962, 2588, 1510, 563, 264, 5094, 301, 15600.60, 15.32, 11.01
12:25:17, 1981.30, 12.63, 147, 291, 921, 1798, 2363, 1361, 500, 231, 4672, 276, 15587.80, 15.33, 11.00
12:25:18, 1989.90, 12.62, 147, 291, 923, 1818, 2460, 1430, 517, 243, 4950, 294, 15626.25, 15.28, 11.00
12:25:18, 1997.50, 12.61, 143, 285, 903, 1790, 2341, 1340, 485, 224, 4714, 279, 15626.25, 15.28, 10.99
12:25:18, 2003.30, 12.60, 133, 260, 839, 1643, 2182, 1243, 443, 205, 4585, 276, 15639.10, 15.26, 10.99
12:25:19, 2010.90, 12.60, 135, 262, 844, 1661, 2228, 1279, 453, 213, 4905, 298, 15626.25, 15.28, 10.99
12:25:19, 2018.50, 12.59, 128, 250, 808, 1596, 2074, 1167, 416, 191, 4571, 280, 15613.42, 15.30, 10.99
12:25:20, 2024.60, 12.59, 122, 235, 772, 1508, 2066, 1163, 410, 189, 4594, 283, 15651.96, 15.25, 10.99
12:25:20, 2034.20, 12.59, 124, 241, 786, 1561, 2077, 1162, 409, 188, 4560, 276, 15626.25, 15.28, 10.98
12:25:21, 2042.80, 12.58, 117, 224, 743, 1466, 1963, 1095, 379, 174, 4291, 262, 15651.96, 15.25, 10.98
12:25:21, 2049.30, 12.57, 117, 227, 749, 1489, 1994, 1108, 382, 175, 4259, 258, 15639.10, 15.26, 10.98
12:25:21, 2059.60, 12.57, 115, 223, 739, 1478, 1957, 1086, 369, 170, 4071, 245, 15639.10, 15.26, 10.98
12:25:22, 2066.80, 12.57, 110, 210, 704, 1411, 1890, 1052, 352, 162, 3897, 235, 15677.71, 15.21, 10.98
12:25:22, 2074.40, 12.56, 110, 211, 708, 1425, 1932, 1068, 357, 164, 3907, 234, 15677.71, 15.21, 10.98
12:25:23, 2084.30, 12.56, 110, 210, 711, 1439, 1910, 1057, 347, 160, 3872, 232, 15716.44, 15.16, 10.98
12:25:23, 2091.60, 12.55, 107, 203, 691, 1397, 1882, 1028, 338, 155, 3853, 231, 15703.52, 15.18, 10.98
12:25:23, 2102.10, 12.54, 103, 196, 669, 1358, 1786, 976, 318, 146, 3709, 224, 15651.96, 15.25, 10.98
12:25:24, 2112.80, 12.53, 98, 186, 639, 1302, 1722, 935, 301, 138, 3542, 213, 15690.61, 15.20, 10.98
12:25:24, 2121.60, 12.53, 96, 183, 633, 1294, 1755, 940, 303, 137, 3448, 204, 15703.52, 15.18, 10.98
12:25:25, 2129.10, 12.52, 93, 176, 611, 1259, 1666, 901, 285, 130, 3278, 195, 15703.52, 15.18, 10.98
12:25:25, 2133.80, 12.51, 91, 171, 599, 1230, 1662, 888, 281, 127, 3275, 195, 15703.52, 15.18, 10.98
12:25:26, 2143.70, 12.52, 91, 170, 600, 1231, 1654, 880, 277, 126, 3270, 195, 15677.71, 15.21, 10.98
12:25:26, 2151.90, 12.51, 86, 161, 570, 1179, 1594, 849, 264, 121, 3256, 196, 15703.52, 15.18, 10.98
12:25:26, 2158.30, 12.50, 86, 161, 571, 1180, 1586, 831, 261, 118, 3269, 198, 15716.44, 15.16, 10.98
12:25:27, 2168.70, 12.51, 83, 156, 556, 1151, 1544, 803, 252, 113, 3204, 194, 15716.44, 15.16, 10.98
12:25:27, 2174.80, 12.50, 80, 149, 534, 1109, 1511, 789, 244, 110, 3122, 189, 15716.44, 15.16, 10.98
12:25:28, 2182.40, 12.49, 80, 148, 532, 1107, 1504, 783, 240, 109, 3020, 181, 15729.38, 15.14, 10.98
12:25:28, 2190.00, 12.49, 78, 143, 518, 1082, 1468, 766, 231, 105, 2890, 173, 15742.33, 15.13, 10.98
12:25:28, 2197.50, 12.49, 77, 142, 514, 1080, 1477, 766, 230, 104, 2872, 171, 15755.29, 15.11, 10.98
12:25:29, 2206.70, 12.49, 76, 139, 507, 1066, 1437, 740, 221, 100, 2832, 169, 15755.29, 15.11, 10.98
12:25:29, 2212.20, 12.48, 74, 135, 496, 1045, 1415, 722, 217, 98, 2838, 171, 15768.26, 15.09, 10.97
12:25:30, 2219.90, 12.47, 72, 132, 485, 1021, 1374, 692, 211, 94, 2826, 172, 15742.33, 15.13, 10.97
12:25:30, 2229.00, 12.47, 68, 125, 464, 974, 1321, 659, 202, 89, 2757, 169, 15755.29, 15.11, 10.97
12:25:31, 2234.60, 12.46, 66, 120, 448, 946, 1302, 648, 197, 87, 2692, 164, 15768.26, 15.09, 10.97
12:25:31, 2242.10, 12.45, 66, 119, 445, 938, 1288, 645, 192, 86, 2627, 160, 15781.25, 15.07, 10.96
12:25:31, 2248.60, 12.45, 65, 117, 439, 933, 1278, 643, 187, 85, 2530, 152, 15755.29, 15.11, 10.96
12:25:32, 2252.70, 12.45, 65, 117, 439, 937, 1285, 643, 187, 84, 2494, 149, 15781.25, 15.07, 10.96
12:25:32, 2259.60, 12.46, 66, 118, 444, 949, 1297, 651, 186, 85, 2512, 150, 15807.26, 15.04, 10.96
12:25:33, 2267.20, 12.46, 64, 115, 436, 936, 1255, 622, 179, 81, 2457, 147, 15781.25, 15.07, 10.96
12:25:33, 2272.40, 12.45, 61, 111, 421, 901, 1228, 604, 175, 79, 2452, 148, 15742.33, 15.13, 10.97
12:25:34, 2280.60, 12.45, 60, 106, 408, 873, 1201, 589, 171, 77, 2434, 148, 15794.25, 15.06, 10.97
12:25:34, 2285.60, 12.44, 58, 103, 395, 847, 1167, 567, 165, 73, 2363, 144, 15794.25, 15.06, 10.97
12:25:34, 2290.20, 12.44, 58, 103, 395, 849, 1165, 567, 164, 73, 2341, 142, 15794.25, 15.06, 10.95
12:25:35, 2297.60, 12.44, 57, 102, 393, 848, 1156, 563, 160, 72, 2277, 137, 15807.26, 15.04, 10.95
12:25:35, 2302.70, 12.44, 56, 99, 385, 833, 1147, 559, 158, 71, 2253, 136, 15846.39, 14.99, 10.96
12:25:36, 2310.90, 12.44, 56, 99, 383, 833, 1139, 554, 155, 70, 2211, 133, 15833.33, 15.01, 10.96
12:25:36, 2318.80, 12.44, 54, 95, 372, 809, 1106, 533, 149, 67, 2163, 130, 15833.33, 15.01, 10.96
12:25:36, 2323.80, 12.43, 53, 93, 366, 798, 1096, 524, 148, 66, 2163, 131, 15833.33, 15.01, 10.95
12:25:37, 2331.20, 12.43, 52, 91, 358, 782, 1076, 513, 144, 65, 2125, 128, 15833.33, 15.01, 10.95
12:25:37, 2337.20, 12.43, 50, 87, 346, 756, 1042, 495, 139, 62, 2059, 125, 15833.33, 15.01, 10.95
12:25:38, 2342.50, 12.42, 49, 87, 344, 752, 1037, 492, 137, 61, 2025, 122, 15846.39, 14.99, 10.95
12:25:38, 2347.80, 12.42, 49, 86, 342, 752, 1039, 494, 135, 61, 1990, 119, 15833.33, 15.01, 10.95
12:25:39, 2352.00, 12.43, 49, 86, 341, 752, 1038, 496, 134, 61, 1965, 117, 15846.39, 14.99, 10.95
12:25:39, 2358.50, 12.43, 49, 86, 341, 755, 1027, 488, 131, 60, 1929, 115, 15833.33, 15.01, 10.95
12:25:39, 2366.30, 12.43, 48, 83, 332, 734, 1000, 472, 127, 58, 1899, 113, 15885.63, 14.94, 10.95
12:25:40, 2372.80, 12.42, 46, 80, 320, 711, 981, 462, 124, 57, 1876, 112, 15898.73, 14.92, 10.95
12:25:40, 2379.40, 12.41, 45, 78, 315, 700, 966, 451, 122, 55, 1839, 110, 15859.46, 14.97, 10.95
12:25:41, 2383.10, 12.41, 44, 76, 309, 689, 953, 444, 119, 54, 1808, 108, 15885.63, 14.94, 10.95
12:25:41, 2376.10, 12.40, 45, 77, 313, 696, 975, 458, 122, 56, 1847, 111, 15885.63, 14.94, 10.95
12:25:42, 2368.50, 12.40, 47, 80, 323, 718, 999, 474, 126, 58, 1871, 111, 15872.53, 14.95, 10.94
12:25:42, 2357.10, 12.40, 49, 85, 342, 761, 1065, 513, 135, 63, 1901, 111, 15872.53, 14.95, 10.94
12:25:42, 2348.10, 12.39, 52, 91, 363, 808, 1127, 544, 144, 67, 1882, 107, 15898.73, 14.92, 10.95
12:25:43, 2337.80, 12.38, 55, 97, 383, 852, 1181, 570, 154, 70, 1926, 109, 15924.99, 14.88, 10.95
12:25:43, 2331.10, 12.38, 56, 101, 398, 882, 1197, 579, 157, 72, 1961, 111, 15898.73, 14.92, 10.94
12:25:44, 2320.80, 12.37, 57, 103, 401, 885, 1231, 598, 163, 75, 2067, 118, 15898.73, 14.92, 10.94
12:25:44, 2312.70, 12.37, 59, 106, 414, 911, 1250, 609, 167, 76, 2066, 117, 15898.73, 14.92, 10.94
12:25:44, 2303.10, 12.37, 60, 109, 424, 929, 1270, 623, 173, 78, 2035, 114, 15911.86, 14.90, 10.95
12:25:45, 2295.20, 12.36, 62, 112, 432, 945, 1306, 643, 180, 81, 2042, 114, 15924.99, 14.88, 10.95
12:25:45, 2284.60, 12.36, 64, 116, 444, 968, 1329, 661, 187, 84, 2081, 117, 15951.29, 14.85, 10.95
12:25:46, 2274.90, 12.36, 65, 119, 452, 982, 1355, 677, 193, 87, 2105, 117, 15964.47, 14.83, 10.95
12:25:46, 2264.60, 12.36, 67, 123, 468, 1013, 1401, 702, 203, 91, 2167, 121, 15938.13, 14.87, 10.95
12:25:47, 2252.30, 12.36, 70, 129, 483, 1043, 1425, 718, 209, 94, 2243, 126, 15938.13, 14.87, 10.95
12:25:47, 2241.50, 12.36, 71, 133, 498, 1071, 1448, 727, 213, 95, 2344, 131, 15951.29, 14.85, 10.95
12:25:47, 2231.20, 12.36, 72, 134, 499, 1070, 1464, 746, 218, 99, 2454, 140, 15964.47, 14.83, 10.95
12:25:48, 2223.50, 12.35, 74, 138, 509, 1088, 1474, 758, 223, 101, 2527, 145, 15938.13, 14.87, 10.95
12:25:48, 2212.00, 12.35, 74, 137, 504, 1074, 1448, 749, 222, 100, 2551, 148, 15951.29, 14.85, 10.95
12:25:49, 2202.10, 12.35, 76, 140, 513, 1085, 1484, 779, 230, 105, 2598, 150, 15990.86, 14.80, 10.95
12:25:49, 2189.20, 12.35, 79, 145, 527, 1112, 1538, 809, 244, 110, 2665, 154, 15964.47, 14.83, 10.95
12:25:49, 2178.80, 12.35, 82, 155, 556, 1170, 1604, 842, 258, 116, 2735, 156, 15977.66, 14.81, 10.95
12:25:50, 2166.80, 12.35, 85, 159, 568, 1191, 1610, 854, 262, 118, 2818, 163, 15964.47, 14.83, 10.95
12:25:50, 2155.70, 12.35, 89, 168, 598, 1248, 1717, 907, 284, 128, 2929, 167, 16004.07, 14.78, 10.97
12:25:51, 2143.80, 12.34, 94, 181, 636, 1326, 1810, 963, 308, 137, 2954, 166, 15964.47, 14.83, 10.97
12:25:51, 2131.80, 12.34, 95, 183, 639, 1323, 1775, 960, 312, 138, 2833, 158, 16004.07, 14.78, 10.97
12:25:52, 2121.00, 12.33, 96, 187, 652, 1341, 1826, 990, 326, 144, 2806, 154, 16017.29, 14.76, 10.97
12:25:52, 2109.20, 12.33, 102, 200, 687, 1411, 1939, 1051, 351, 156, 3033, 169, 16017.29, 14.76, 10.97
12:25:52, 2098.80, 12.33, 106, 210, 720, 1473, 1965, 1060, 355, 158, 3226, 181, 16030.53, 14.75, 10.98
12:25:53, 2085.80, 12.33, 107, 208, 711, 1443, 1932, 1056, 350, 158, 3461, 199, 16017.29, 14.76, 10.98
12:25:53, 2073.40, 12.33, 110, 210, 710, 1440, 1915, 1078, 356, 164, 3578, 211, 16030.53, 14.75, 10.98
12:25:54, 2058.40, 12.33, 114, 220, 731, 1478, 1970, 1113, 381, 173, 3430, 197, 16030.53, 14.75, 10.98
12:25:54, 2048.70, 12.33, 117, 232, 768, 1541, 2086, 1177, 412, 184, 3407, 190, 16004.07, 14.78, 10.98
12:25:55, 2038.00, 12.33, 125, 245, 805, 1615, 2215, 1257, 442, 200, 3712, 210, 15977.66, 14.81, 10.98
12:25:55, 2029.90, 12.33, 134, 271, 883, 1768, 2374, 1318, 473, 214, 4123, 235, 16030.53, 14.75, 10.98
12:25:55, 2016.80, 12.33, 134, 270, 875, 1741, 2292, 1293, 461, 210, 4175, 241, 16030.53, 14.75, 10.98
12:25:56, 2004.70, 12.33, 138, 270, 872, 1725, 2332, 1356, 485, 224, 4162, 242, 16070.33, 14.69, 10.98
12:25:56, 1989.60, 12.33, 144, 284, 902, 1784, 2438, 1425, 525, 243, 4281, 247, 16057.06, 14.71, 10.98
12:25:57, 1978.70, 12.33, 145, 293, 924, 1815, 2419, 1397, 526, 237, 4156, 234, 16083.63, 14.68, 10.98
12:25:57, 1967.90, 12.33, 152, 306, 963, 1873, 2500, 1463, 547, 253, 4407, 254, 16057.06, 14.71, 10.98
12:25:57, 1956.90, 12.33, 165, 331, 1028, 1998, 2764, 1622, 619, 289, 4861, 282, 16043.79, 14.73, 10.98
12:25:58, 1945.50, 12.33, 174, 361, 1117, 2162, 2909, 1674, 653, 300, 5122, 290, 16057.06, 14.71, 10.98
12:25:58, 1932.50, 12.33, 178, 369, 1133, 2176, 2795, 1673, 660, 306, 4645, 260, 16083.63, 14.68, 10.98
12:25:59, 1922.00, 12.33, 174, 349, 1063, 2045, 2785, 1706, 679, 317, 4593, 255, 16083.63, 14.68, 10.98
12:25:59, 1909.20, 12.33, 195, 404, 1215, 2315, 3250, 1919, 787, 369, 5444, 306, 16083.63, 14.68, 10.98
12:26:00, 1898.20, 12.32, 202, 426, 1274, 2418, 3066, 1831, 744, 349, 5504, 314, 16096.94, 14.66, 10.99
12:26:00, 1883.90, 12.32, 191, 388, 1155, 2176, 2885, 1770, 717, 340, 5378, 310, 16110.26, 14.64, 10.99
12:26:00, 1873.30, 12.32, 222, 459, 1348, 2539, 3527, 2146, 900, 434, 6241, 358, 16150.31, 14.59, 10.99
12:26:01, 1859.50, 12.33, 233, 489, 1417, 2657, 3432, 2131, 908, 441, 6083, 348, 16110.26, 14.64, 10.99
12:26:01, 1846.90, 12.33, 213, 434, 1257, 2334, 3006, 1907, 807, 387, 5434, 306, 16110.26, 14.64, 10.99
12:26:02, 1833.30, 12.33, 232, 464, 1331, 2463, 3544, 2281, 972, 495, 6833, 410, 16110.26, 14.64, 11.05
12:26:02, 1821.70, 12.33, 260, 543, 1529, 2830, 3636, 2301, 1005, 504, 7213, 426, 16123.60, 14.62, 11.05
12:26:03, 1807.00, 12.34, 240, 493, 1385, 2531, 3198, 2034, 880, 443, 6933, 416, 16136.94, 14.61, 11.13
12:26:03, 1793.40, 12.35, 246, 481, 1357, 2430, 3210, 2174, 910, 482, 7148, 442, 16163.68, 14.57, 11.13
12:26:03, 1778.90, 12.36, 282, 551, 1515, 2745, 3837, 2575, 1164, 613, 7949, 481, 16110.26, 14.64, 11.13
12:26:04, 1765.40, 12.37, 294, 616, 1685, 2995, 3539, 2360, 1082, 550, 6812, 388, 16150.31, 14.59, 11.16
12:26:04, 1752.80, 12.37, 292, 586, 1590, 2822, 3961, 2686, 1245, 665, 8082, 484, 16163.68, 14.57, 11.16
12:26:05, 1737.40, 12.38, 350, 717, 1897, 3381, 4331, 2928, 1382, 748, 9410, 576, 16163.68, 14.57, 11.21
12:26:05, 1722.70, 12.39, 354, 738, 1950, 3413, 4187, 2854, 1353, 731, 8939, 536, 16177.07, 14.55, 11.21
12:26:05, 1707.00, 12.39, 370, 733, 1928, 3382, 4708, 3388, 1664, 931, 9629, 565, 16163.68, 14.57, 11.23
12:26:06, 1697.20, 12.40, 376, 779, 1993, 3448, 4291, 3005, 1460, 822, 9614, 589, 16177.07, 14.55, 11.23
12:26:06, 1683.40, 12.41, 347, 681, 1776, 2962, 3781, 2638, 1246, 724, 10476, 688, 16203.89, 14.52, 11.23
12:26:07, 1670.20, 12.41, 423, 742, 1995, 3191, 4432, 3341, 1494, 956, 12422, 836, 16177.07, 14.55, 11.25
12:26:07, 1655.00, 12.42, 406, 807, 2040, 3429, 4399, 3140, 1564, 909, 10732, 661, 16163.68, 14.57, 11.25
12:26:08, 1642.20, 12.42, 422, 835, 2083, 3483, 4083, 3031, 1511, 897, 10025, 624, 16190.48, 14.54, 11.28
12:26:08, 1628.60, 12.43, 437, 782, 2007, 3234, 4201, 3207, 1514, 972, 12114, 811, 16190.48, 14.54, 11.28
12:26:08, 1615.50, 12.43, 557, 936, 2463, 3716, 4808, 3727, 1734, 1169, 15914, 1122, 16217.32, 14.50, 11.28
12:26:09, 1599.80, 12.44, 452, 830, 2092, 3228, 4092, 3097, 1524, 985, 12025, 802, 16217.32, 14.50, 11.29
12:26:09, 1586.80, 12.45, 498, 970, 2325, 3738, 4853, 3824, 1993, 1263, 12682, 794, 16217.32, 14.50, 11.29
12:26:10, 1572.20, 12.45, 677, 1078, 2722, 4352, 4733, 4431, 1922, 1460, 15636, 1058, 16244.23, 14.47, 11.31
12:26:10, 1560.40, 12.45, 520, 930, 2258, 3420, 4301, 3382, 1716, 1163, 13325, 905, 16217.32, 14.50, 11.31
12:26:11, 1546.70, 12.46, 547, 919, 2298, 3265, 4279, 3410, 1705, 1216, 15070, 1079, 16203.89, 14.52, 11.31
12:26:11, 1535.00, 12.46, 765, 1336, 3243, 4711, 5879, 4726, 2513, 1799, 18472, 1254, 16244.23, 14.47, 11.33
12:26:11, 1521.50, 12.47, 619, 1130, 2610, 4025, 4161, 3391, 1845, 1260, 12009, 761, 16230.77, 14.48, 11.33
12:26:12, 1506.20, 12.47, 704, 992, 2427, 3516, 4368, 4155, 1954, 1513, 15905, 1075, 16217.32, 14.50, 11.35
12:26:12, 1490.20, 12.48, 799, 1361, 3158, 4682, 5384, 4872, 2478, 1942, 17769, 1207, 16230.77, 14.48, 11.35
12:26:13, 1478.30, 12.48, 757, 1208, 2893, 3951, 4722, 4217, 2057, 1662, 18986, 1431, 16230.77, 14.48, 11.38
12:26:13, 1464.50, 12.49, 693, 1114, 2614, 3503, 4513, 3872, 2080, 1590, 18017, 1309, 16217.32, 14.50, 11.38
12:26:13, 1451.10, 12.49, 732, 1080, 2585, 3322, 4331, 3910, 2008, 1642, 17191, 1265, 16257.70, 14.45, 11.38
12:26:14, 1436.50, 12.49, 779, 1319, 2908, 4100, 5065, 4663, 2476, 2021, 19935, 1434, 16244.23, 14.47, 11.39
12:26:14, 1423.70, 12.50, 701, 1047, 2412, 3083, 4034, 3407, 1984, 1517, 16851, 1235, 16257.70, 14.45, 11.39
12:26:15, 1409.30, 12.50, 946, 1433, 3286, 4153, 4608, 4075, 2297, 1897, 21189, 1616, 16257.70, 14.45, 11.43
12:26:15, 1396.70, 12.51, 691, 1067, 2380, 2959, 4574, 4263, 2251, 1972, 21823, 1712, 16284.69, 14.42, 11.43
12:26:16, 1383.60, 12.53, 1022, 1579, 3505, 4416, 5128, 4293, 2778, 2220, 23307, 1730, 16284.69, 14.42, 11.43
12:26:16, 1370.00, 12.55, 732, 1078, 2351, 2923, 3712, 3436, 1965, 1683, 16483, 1214, 16257.70, 14.45, 11.55
12:26:16, 1357.40, 12.57, 1013, 1358, 3125, 3593, 4574, 3769, 2498, 2031, 22957, 1796, 16284.69, 14.42, 11.55
12:26:17, 1345.20, 12.58, 830, 1212, 2695, 3081, 3915, 3053, 2276, 1732, 20022, 1617, 16284.69, 14.42, 11.66
12:26:17, 1332.60, 12.60, 992, 1337, 3100, 3302, 4907, 4250, 2646, 2389, 26544, 2249, 16284.69, 14.42, 11.66
12:26:18, 1320.40, 12.62, 945, 1303, 2736, 3317, 4647, 4398, 2745, 2483, 21723, 1560, 16271.19, 14.43, 11.73
12:26:18, 1308.50, 12.64, 1475, 1909, 4396, 4655, 6265, 5062, 3604, 3135, 35928, 3162, 16271.19, 14.43, 11.73
12:26:19, 1294.30, 12.65, 803, 1149, 2411, 2680, 3872, 3311, 2342, 2021, 22446, 1918, 16311.73, 14.38, 11.73
12:26:19, 1282.10, 12.67, 1485, 1700, 3955, 4052, 5291, 5431, 3167, 3231, 32554, 2607, 16298.20, 14.40, 11.80
12:26:19, 1268.10, 12.69, 1321, 1506, 3274, 3525, 4388, 4451, 2809, 2716, 27442, 2110, 16325.27, 14.36, 11.80
12:26:20, 1255.40, 12.71, 1214, 1440, 3071, 3257, 3617, 3391, 2394, 2184, 20366, 1541, 16298.20, 14.40, 11.88
12:26:20, 1243.20, 12.72, 1501, 1654, 3792, 3635, 4783, 4937, 3031, 3236, 30262, 2549, 16311.73, 14.38, 11.88
12:26:21, 1231.40, 12.74, 1575, 1750, 3665, 3952, 4056, 3942, 2835, 2725, 25050, 1829, 16338.83, 14.35, 11.88
12:26:21, 1217.20, 12.79, 1051, 1310, 2670, 2740, 3420, 2764, 2518, 2118, 21155, 1941, 16352.39, 14.33, 11.98
12:26:21, 1203.50, 12.82, 1796, 2108, 4903, 4304, 6596, 4824, 4676, 3975, 36000, 5284, 16352.39, 14.33, 11.98
12:26:22, 1191.70, 12.84, 902, 1189, 2144, 2474, 4010, 4602, 3105, 3354, 29745, 2017, 16325.27, 14.36, 12.12
12:26:22, 1179.70, 12.87, 1553, 1535, 3193, 3117, 4267, 3665, 3151, 3008, 31652, 3058, 16325.27, 14.36, 12.12
12:26:23, 1165.00, 12.90, 854, 1302, 2358, 2562, 4082, 3130, 3508, 2855, 26552, 2820, 16365.98, 14.31, 12.30
12:26:23, 1153.90, 12.93, 1930, 2003, 4433, 3801, 11380, 15002, 6693, 12010, 36000, 7081, 16352.39, 14.33, 12.30
12:26:24, 1139.40, 12.97, 4688, 4329, 9482, 11981, 9171, 14050, 7316, 11449, 35959, 4873, 16352.39, 14.33, 12.30
12:26:24, 1128.20, 13.00, 2918, 3098, 6674, 6067, 10112, 10119, 8592, 10627, 36000, 4540, 16338.83, 14.35, 12.46
12:26:24, 1115.50, 13.03, 3150, 3212, 7264, 5887, 9875, 11043, 6636, 10639, 36000, 7188, 16352.39, 14.33, 12.46
12:26:25, 1100.30, 13.05, 5802, 5118, 11843, 10190, 7137, 8597, 5364, 8283, 31720, 3856, 16379.58, 14.29, 12.53
12:26:25, 1086.90, 13.08, 2711, 4034, 5996, 7909, 15887, 17861, 16578, 23804, 36000, 8511, 16352.39, 14.33, 12.53
12:26:26, 1069.90, 13.10, 4180, 4948, 8982, 10030, 14998, 18278, 13032, 19757, 35133, 11066, 16352.39, 14.33, 12.53
12:26:26, 1052.90, 13.12, 4858, 7705, 10709, 13772, 18824, 22824, 19237, 25260, 35857, 19585, 16393.19, 14.28, 12.54
12:26:27, 1037.00, 13.13, 7877, 11856, 16407, 17150, 18550, 19210, 16909, 23622, 36000, 28811, 16393.19, 14.28, 12.54
12:26:27, 1023.60, 13.14, 6810, 4885, 11066, 6853, 18676, 19165, 13900, 21146, 36000, 36000, 16393.19, 14.28, 12.55
12:26:27, 1022.10, 13.10, 8147, 10710, 16250, 15074, 22333, 21864, 25402, 32623, 36000, 36000, 16338.83, 14.35, 12.55
12:26:28, 1021.10, 13.09, 8561, 16534, 17897, 21484, 35905, 28654, 34100, 36000, 36000, 36000, 16406.81, 14.26, 12.59
12:26:28, 1021.20, 13.12, 11456, 17843, 26588, 26927, 27068, 35608, 33282, 36000, 21121, 7285, 16379.58, 14.29, 12.59
12:26:29, 1022.60, 13.19, 7617, 14414, 14412, 20316, 23420, 23782, 28185, 34658, 21050, 7320, 16406.81, 14.26, 12.59
12:26:29, 1022.80, 13.21, 4236, 5606, 5305, 14968, 11584, 11262, 23205, 9486, 36000, 36000, 16406.81, 14.26, 12.56
12:26:30, 1022.00, 13.19, 4625, 7248, 12568, 11685, 20405, 12503, 26229, 22857, 36000, 36000, 16406.81, 14.26, 12.56
12:26:30, 1020.90, 13.17, 7884, 10599, 15149, 15238, 13943, 19316, 12508, 24374, 36000, 36000, 16393.19, 14.28, 12.53
12:26:30, 1020.10, 13.17, 8404, 12980, 15858, 17981, 32426, 27885, 31829, 36000, 36000, 36000, 16406.81, 14.26, 12.53
12:26:31, 1020.90, 13.19, 8729, 17635, 18351, 24202, 23361, 24364, 27438, 34827, 36000, 36000, 16365.98, 14.31, 12.53
12:26:31, 1019.40, 13.14, 9981, 15205, 19722, 24312, 5808, 4358, 7092, 5617, 11468, 3721, 16406.81, 14.26, 12.48
12:26:32, 1015.70, 13.02, 603, 662, 982, 1047, 1185, 1228, 1303, 1465, 7490, 4747, 16365.98, 14.31, 12.48
12:26:32, 1012.70, 12.46, 396, 526, 725, 880, 1075, 1213, 1363, 1706, 6853, 3978, 16393.19, 14.28, 12.41
12:26:32, 1012.70, 12.56, 439, 655, 898, 1118, 1486, 1627, 1990, 2449, 7776, 4151, 16379.58, 14.29, 12.41
12:26:33, 1008.10, 12.80, 441, 643, 872, 1095, 1094, 1261, 1575, 1927, 6045, 3339, 16379.58, 14.29, 12.42
12:26:33, 1006.70, 12.82, 378, 545, 732, 936, 1078, 1280, 1619, 1983, 5772, 3101, 16379.58, 14.29, 12.42
12:26:34, 1016.70, 13.19, 431, 597, 783, 1045, 854, 1044, 1122, 1409, 5312, 2934, 16406.81, 14.26, 12.42
12:26:34, 1021.60, 13.42, 1464, 1966, 2644, 2822, 21989, 19765, 22742, 30430, 20642, 8324, 16393.19, 14.28, 12.40
12:26:35, 1021.00, 13.43, 1254, 1805, 2247, 2506, 2502, 2684, 3075, 3436, 8769, 2720, 16365.98, 14.31, 12.40
12:26:35, 1020.60, 13.42, 4289, 6596, 8016, 10846, 35279, 35902, 35453, 36000, 33451, 15174, 16298.20, 14.40, 12.39
