Secchi Depth (cm) = 0400
Forel Ule Scale = 15
pH Colour Scale = 99
SmartSecchi S/N = A0000001
Latitude (degs N) = 56.45650
Longitude (degs E) = -5.18545
Date = 2023-05-23
Time (UTC), Pressure (mbar) MS5803, Temp (deg C) MS5803, 415nm, 445nm, 480nm, 515nm, 555nm, 590nm, 630nm, 680nm, Clear, NIR, Resistance 10KTHERM, Temp (deg C) 10KTHERM, Temp (deg C) TMP117
09:54:55, 1016.30, 12.52, 122, 169, 223, 264, 282, 321, 419, 498, 1603, 833, 17603.89, 12.79, 10.92
09:54:55, 1016.10, 12.52, 123, 172, 226, 268, 286, 327, 423, 502, 1617, 836, 17603.89, 12.79, 10.91
09:54:55, 1016.30, 12.52, 123, 172, 227, 269, 289, 328, 425, 502, 1614, 835, 17544.42, 12.86, 10.91
09:54:56, 1017.90, 12.58, 156, 200, 275, 313, 883, 960, 1202, 1397, 6774, 3321, 17559.27, 12.85, 10.91
09:54:56, 1018.30, 12.62, 1166, 1656, 2214, 2577, 3044, 3270, 3756, 4277, 17002, 6809, 17589.00, 12.81, 10.91
09:54:57, 1018.40, 12.62, 1269, 1840, 2443, 2870, 3259, 3509, 4001, 4554, 15921, 6541, 17589.00, 12.81, 10.91
09:54:57, 1018.30, 12.62, 1452, 2047, 2754, 3225, 3530, 3861, 4365, 4927, 17127, 6684, 17574.13, 12.83, 10.96
09:54:58, 1018.20, 12.62, 1648, 2384, 3193, 3744, 4021, 4377, 4958, 5675, 20534, 7837, 17589.00, 12.81, 10.96
09:54:58, 1018.20, 12.62, 1337, 1956, 2629, 3061, 3187, 3427, 3945, 4454, 15505, 6190, 17618.79, 12.78, 10.96
09:54:58, 1018.30, 12.62, 1277, 1848, 2478, 2922, 3205, 3435, 3965, 4490, 15203, 5892, 17589.00, 12.81, 10.99
09:54:59, 1018.40, 12.63, 1211, 1809, 2406, 2816, 3243, 3427, 3997, 4482, 17288, 6808, 17603.89, 12.79, 10.99
09:54:59, 1018.70, 12.63, 1408, 2058, 2777, 3247, 3564, 3792, 4387, 4929, 19470, 7476, 17574.13, 12.83, 11.04
09:55:00, 1018.30, 12.64, 1459, 2113, 2833, 3356, 3577, 3885, 4438, 4983, 18025, 6852, 17574.13, 12.83, 11.04
09:55:00, 1018.50, 12.63, 1331, 1970, 2614, 3144, 3517, 3730, 4432, 4788, 17541, 6663, 17648.65, 12.74, 11.04
09:55:00, 1018.40, 12.64, 1354, 2035, 2702, 3218, 3476, 3635, 4401, 4706, 17753, 6731, 17603.89, 12.79, 11.05
09:55:01, 1018.40, 12.64, 1399, 2109, 2796, 3316, 3518, 3675, 4383, 4811, 16957, 6377, 17648.65, 12.74, 11.05
09:55:01, 1018.30, 12.64, 1241, 1899, 2516, 2992, 3377, 3547, 4201, 4653, 16376, 6185, 17589.00, 12.81, 11.05
09:55:02, 1018.50, 12.64, 1180, 1773, 2380, 2805, 3002, 3209, 3780, 4075, 15918, 6025, 17603.89, 12.79, 11.05
09:55:02, 1018.40, 12.64, 1268, 1917, 2563, 3007, 3311, 3545, 4127, 4544, 17987, 6827, 17648.65, 12.74, 11.07
09:55:02, 1018.60, 12.65, 1337, 1996, 2682, 3145, 3497, 3754, 4324, 4832, 20151, 7561, 17633.71, 12.76, 11.07
09:55:03, 1018.80, 12.66, 1217, 1818, 2445, 2856, 2952, 3125, 3649, 4056, 18856, 7288, 17603.89, 12.79, 11.07
09:55:03, 1018.20, 12.67, 1153, 1736, 2320, 2733, 2863, 3028, 3574, 3918, 16578, 6145, 17648.65, 12.74, 11.09
09:55:04, 1019.60, 12.68, 1091, 1646, 2182, 2596, 2900, 3141, 3611, 4009, 14029, 4878, 17633.71, 12.76, 11.09
09:55:04, 1020.20, 12.75, 1164, 1729, 2305, 2716, 2956, 3204, 3652, 4099, 12460, 4161, 17648.65, 12.74, 12.48
09:55:05, 1026.30, 12.86, 1240, 1827, 2450, 2881, 2321, 2490, 2866, 3188, 9443, 2469, 17663.60, 12.72, 12.48
09:55:05, 1025.10, 12.93, 1018, 1555, 2156, 2592, 2987, 3189, 3633, 4058, 11124, 2021, 17589.00, 12.81, 12.48
09:55:05, 1021.50, 12.99, 1322, 1972, 2649, 3122, 3270, 3522, 4049, 4508, 13601, 4325, 17648.65, 12.74, 13.15
09:55:06, 1022.00, 13.05, 1046, 1585, 2135, 2535, 3188, 3421, 3944, 4381, 12615, 3523, 17633.71, 12.76, 13.15
09:55:06, 1021.20, 13.10, 1244, 1859, 2513, 2964, 3202, 3460, 3968, 4419, 13997, 3764, 17693.55, 12.69, 13.37
09:55:07, 1023.50, 13.14, 1151, 1682, 2259, 2654, 2733, 2956, 3393, 3775, 11751, 3611, 17678.57, 12.71, 13.37
09:55:07, 1023.20, 13.17, 1067, 1617, 2213, 2639, 2911, 3135, 3621, 4007, 14203, 3354, 17589.00, 12.81, 13.37
09:55:07, 1019.70, 13.20, 1047, 1564, 2083, 2487, 2717, 2950, 3395, 3762, 13510, 4575, 17708.56, 12.67, 13.43
09:55:08, 1022.10, 13.22, 1112, 1665, 2214, 2646, 2714, 2933, 3400, 3749, 14475, 5151, 17663.60, 12.72, 13.43
09:55:08, 1025.10, 13.24, 903, 1361, 1868, 2227, 2516, 2664, 3143, 3393, 13075, 3070, 17678.57, 12.71, 13.46
09:55:09, 1021.70, 13.26, 1005, 1538, 2051, 2481, 2746, 2962, 3440, 3799, 15604, 5059, 17708.56, 12.67, 13.46
09:55:09, 1022.20, 13.28, 1056, 1616, 2150, 2577, 2690, 2865, 3372, 3685, 14612, 4411, 17663.60, 12.72, 13.46
09:55:10, 1022.30, 13.29, 973, 1465, 1956, 2347, 2658, 2891, 3318, 3705, 13891, 4091, 17663.60, 12.72, 13.47
09:55:10, 1019.80, 13.31, 1163, 1743, 2324, 2768, 2681, 2923, 3333, 3735, 13800, 4795, 17708.56, 12.67, 13.47
09:55:10, 1024.50, 13.32, 1131, 1672, 2226, 2647, 2950, 3195, 3680, 4098, 14836, 4416, 17663.60, 12.72, 13.48
09:55:11, 1025.00, 13.33, 902, 1378, 1880, 2273, 2638, 2850, 3264, 3615, 12470, 2567, 17633.71, 12.76, 13.48
09:55:11, 1018.90, 13.35, 1057, 1596, 2124, 2549, 2574, 2774, 3215, 3580, 14716, 5213, 17663.60, 12.72, 13.48
09:55:12, 1021.50, 13.36, 1066, 1618, 2147, 2574, 2866, 3039, 3612, 3908, 16900, 6215, 17693.55, 12.69, 13.48
09:55:12, 1028.40, 13.38, 752, 1163, 1570, 1886, 2300, 2373, 2782, 3086, 12814, 2948, 17693.55, 12.69, 13.48
09:55:12, 1020.70, 13.38, 1033, 1593, 2182, 2607, 2667, 2807, 3319, 3640, 16282, 4909, 17678.57, 12.71, 13.48
09:55:13, 1018.30, 13.39, 1091, 1660, 2199, 2647, 2815, 2999, 3537, 3860, 16669, 6080, 17723.58, 12.65, 13.48
09:55:13, 1027.80, 13.40, 1006, 1528, 2023, 2429, 1889, 1978, 2296, 2592, 10492, 2943, 17693.55, 12.69, 13.48
09:55:14, 1026.50, 13.41, 907, 1425, 1967, 2400, 2502, 2649, 3115, 3368, 13732, 2828, 17723.58, 12.65, 13.48
09:55:14, 1020.40, 13.42, 917, 1408, 1877, 2261, 2638, 2798, 3300, 3616, 16291, 5655, 17663.60, 12.72, 13.48
09:55:15, 1025.00, 13.43, 1084, 1643, 2177, 2618, 2205, 2306, 2770, 2986, 12380, 4190, 17663.60, 12.72, 13.48
09:55:15, 1028.60, 13.44, 932, 1465, 2000, 2437, 2698, 2867, 3355, 3633, 13885, 2711, 17708.56, 12.67, 13.48
09:55:15, 1027.10, 13.45, 878, 1380, 1866, 2281, 2385, 2534, 2967, 3255, 13693, 3096, 17723.58, 12.65, 13.49
09:55:16, 1020.80, 13.45, 1042, 1601, 2162, 2615, 2900, 3131, 3620, 4007, 15484, 4427, 17678.57, 12.71, 13.49
09:55:16, 1025.10, 13.46, 1072, 1599, 2119, 2530, 2159, 2359, 2670, 3020, 9900, 3129, 17723.58, 12.65, 13.49
09:55:17, 1030.40, 13.46, 937, 1459, 2020, 2429, 2645, 2852, 3248, 3601, 11818, 2038, 17708.56, 12.67, 13.48
09:55:17, 1024.30, 13.47, 971, 1495, 2054, 2471, 2817, 3037, 3484, 3890, 13737, 3086, 17723.58, 12.65, 13.48
09:55:17, 1024.10, 13.47, 1131, 1700, 2273, 2695, 2622, 2836, 3226, 3662, 11919, 3196, 17723.58, 12.65, 13.49
09:55:18, 1023.20, 13.48, 1121, 1711, 2314, 2761, 2771, 3003, 3432, 3847, 13779, 3779, 17738.61, 12.64, 13.49
09:55:18, 1027.50, 13.48, 947, 1455, 1941, 2315, 3343, 3549, 4137, 4570, 15756, 3298, 17708.56, 12.67, 13.49
09:55:19, 1025.70, 13.48, 931, 1429, 1965, 2366, 2694, 2917, 3320, 3716, 12544, 2633, 17663.60, 12.72, 13.48
09:55:19, 1023.40, 13.49, 1155, 1776, 2379, 2837, 2822, 3070, 3479, 3936, 13034, 3475, 17753.66, 12.62, 13.48
09:55:20, 1024.90, 13.49, 1109, 1703, 2291, 2722, 2874, 3110, 3529, 3977, 12155, 2957, 17723.58, 12.65, 13.48
09:55:20, 1026.20, 13.49, 1138, 1780, 2414, 2899, 2854, 3038, 3515, 3921, 12893, 2690, 17723.58, 12.65, 13.48
09:55:20, 1025.60, 13.50, 1092, 1654, 2249, 2666, 2983, 3224, 3667, 4127, 13181, 3059, 17723.58, 12.65, 13.49
09:55:21, 1027.50, 13.50, 1063, 1654, 2259, 2711, 2656, 2865, 3227, 3643, 10657, 1981, 17708.56, 12.67, 13.49
09:55:21, 1021.10, 13.50, 1083, 1664, 2266, 2701, 3004, 3225, 3704, 4170, 14274, 3622, 17708.56, 12.67, 13.49
09:55:22, 1023.60, 13.51, 1087, 1597, 2135, 2524, 2836, 3091, 3511, 3945, 13278, 4502, 17723.58, 12.65, 13.48
09:55:22, 1029.30, 13.51, 979, 1535, 2101, 2532, 2465, 2648, 3009, 3362, 11058, 2024, 17723.58, 12.65, 13.48
09:55:22, 1024.20, 13.52, 897, 1374, 1880, 2272, 2897, 3117, 3575, 4007, 14112, 3183, 17708.56, 12.67, 13.48
09:55:23, 1022.70, 13.52, 1105, 1652, 2216, 2624, 2652, 2900, 3273, 3715, 12557, 3692, 17738.61, 12.64, 13.48
09:55:23, 1023.80, 13.52, 1096, 1642, 2216, 2621, 2931, 3156, 3589, 4069, 13302, 3497, 17753.66, 12.62, 13.48
09:55:24, 1024.70, 13.53, 1053, 1636, 2200, 2638, 2979, 3206, 3675, 4124, 13769, 3363, 17708.56, 12.67, 13.48
09:55:24, 1027.20, 13.53, 1065, 1611, 2198, 2605, 3056, 3299, 3741, 4194, 12969, 2475, 17753.66, 12.62, 13.48
09:55:25, 1022.20, 13.53, 1012, 1579, 2147, 2569, 2711, 2944, 3342, 3760, 12522, 2945, 17738.61, 12.64, 13.48
09:55:25, 1021.80, 13.53, 1234, 1857, 2474, 2931, 3155, 3428, 3899, 4381, 14468, 4754, 17738.61, 12.64, 13.48
09:55:25, 1026.90, 13.54, 1062, 1630, 2199, 2625, 2357, 2534, 2921, 3235, 9883, 2218, 17723.58, 12.65, 13.48
09:55:26, 1024.60, 13.57, 1005, 1542, 2090, 2510, 2924, 3154, 3601, 4049, 13702, 3077, 17723.58, 12.65, 13.48
09:55:26, 1021.90, 13.57, 1027, 1561, 2093, 2504, 2634, 2859, 3276, 3667, 13502, 3866, 17723.58, 12.65, 13.48
09:55:27, 1023.20, 13.58, 1164, 1734, 2313, 2740, 2684, 2923, 3315, 3736, 12414, 4084, 17708.56, 12.67, 13.48
09:55:27, 1026.30, 13.58, 951, 1496, 2032, 2428, 2400, 2610, 2953, 3314, 10772, 2226, 17723.58, 12.65, 13.48
09:55:27, 1022.70, 13.58, 1042, 1586, 2138, 2555, 2671, 2901, 3309, 3719, 13611, 3894, 17708.56, 12.67, 13.48
09:55:28, 1021.90, 13.59, 1219, 1849, 2480, 2949, 3020, 3275, 3722, 4199, 13820, 3954, 17738.61, 12.64, 13.48
09:55:28, 1026.20, 13.59, 1062, 1579, 2126, 2484, 3067, 3252, 3761, 4193, 12175, 2470, 17738.61, 12.64, 13.48
09:55:29, 1021.80, 13.59, 1081, 1653, 2256, 2669, 2857, 3048, 3544, 3961, 13150, 3567, 17738.61, 12.64, 13.48
09:55:29, 1024.90, 13.59, 1182, 1740, 2346, 2734, 2369, 2534, 2904, 3239, 8695, 2213, 17723.58, 12.65, 13.48
09:55:29, 1026.40, 13.60, 989, 1522, 2082, 2469, 3061, 3273, 3730, 4207, 12036, 2332, 17783.81, 12.58, 13.48
09:55:30, 1020.50, 13.60, 1128, 1692, 2309, 2737, 3104, 3349, 3828, 4287, 12442, 3299, 17738.61, 12.64, 13.48
09:55:30, 1024.40, 13.60, 1203, 1769, 2381, 2780, 2859, 3042, 3519, 3902, 10302, 3364, 17738.61, 12.64, 13.48
09:55:31, 1031.20, 13.60, 1004, 1516, 2118, 2517, 2690, 2844, 3262, 3607, 9794, 1609, 17723.58, 12.65, 13.48
09:55:31, 1027.50, 13.61, 972, 1498, 2110, 2496, 2757, 2947, 3333, 3736, 10826, 2062, 17753.66, 12.62, 13.48
09:55:32, 1030.90, 13.61, 953, 1473, 1987, 2377, 2866, 3062, 3498, 3915, 11136, 2175, 17753.66, 12.62, 13.48
09:55:32, 1043.30, 13.62, 924, 1459, 2089, 2516, 2658, 2800, 3166, 3488, 8882, 1024, 17768.73, 12.60, 13.48
09:55:32, 1044.80, 13.62, 795, 1287, 1876, 2308, 2516, 2666, 3017, 3299, 8624, 948, 17753.66, 12.62, 13.48
09:55:33, 1044.70, 13.62, 830, 1343, 1966, 2403, 2621, 2732, 3139, 3380, 8183, 859, 17723.58, 12.65, 13.48
09:55:33, 1045.70, 13.62, 854, 1368, 1996, 2449, 2645, 2771, 3188, 3438, 8586, 931, 17678.57, 12.71, 13.48
09:55:34, 1051.50, 13.62, 808, 1314, 1930, 2366, 2586, 2706, 3071, 3311, 8160, 790, 17708.56, 12.67, 13.49
09:55:34, 1054.90, 13.63, 684, 1131, 1725, 2150, 2548, 2645, 3009, 3188, 7479, 638, 17693.55, 12.69, 13.49
09:55:34, 1054.80, 13.63, 710, 1172, 1765, 2192, 2434, 2559, 2878, 3098, 7787, 723, 17723.58, 12.65, 13.49
09:55:35, 1059.00, 13.62, 691, 1141, 1730, 2161, 2341, 2436, 2805, 2915, 6990, 607, 17738.61, 12.64, 13.48
09:55:35, 1065.90, 13.62, 589, 993, 1551, 1961, 2332, 2417, 2738, 2836, 6865, 538, 17738.61, 12.64, 13.48
09:55:36, 1072.10, 13.62, 542, 921, 1457, 1851, 2075, 2163, 2426, 2517, 6223, 472, 17738.61, 12.64, 13.48
09:55:36, 1075.20, 13.63, 502, 875, 1405, 1819, 2097, 2162, 2450, 2488, 5720, 404, 17738.61, 12.64, 13.48
09:55:37, 1076.60, 13.63, 500, 872, 1422, 1845, 2075, 2143, 2410, 2456, 5664, 395, 17723.58, 12.65, 13.48
09:55:37, 1078.50, 13.63, 504, 888, 1423, 1849, 2127, 2194, 2470, 2532, 5644, 384, 17738.61, 12.64, 13.48
09:55:37, 1081.90, 13.63, 489, 869, 1420, 1855, 2091, 2138, 2408, 2436, 5126, 334, 17768.73, 12.60, 13.48
09:55:38, 1085.30, 13.63, 470, 840, 1398, 1838, 2085, 2133, 2406, 2414, 5219, 334, 17768.73, 12.60, 13.48
09:55:38, 1088.60, 13.62, 454, 816, 1353, 1763, 2011, 2052, 2295, 2325, 4981, 315, 17753.66, 12.62, 13.48
09:55:39, 1092.20, 13.62, 430, 788, 1338, 1785, 2085, 2117, 2360, 2351, 5029, 311, 17738.61, 12.64, 13.48
09:55:39, 1095.60, 13.63, 404, 733, 1239, 1658, 1946, 1983, 2215, 2204, 4707, 295, 17708.56, 12.67, 13.48
09:55:39, 1101.30, 13.63, 391, 720, 1232, 1653, 1856, 1883, 2092, 2062, 4306, 266, 17753.66, 12.62, 13.48
09:55:40, 1107.30, 13.63, 359, 669, 1186, 1615, 1895, 1917, 2124, 2042, 4334, 261, 17708.56, 12.67, 13.48
09:55:40, 1108.30, 13.63, 332, 621, 1101, 1512, 1811, 1834, 2027, 1968, 4190, 253, 17723.58, 12.65, 13.48
09:55:41, 1111.60, 13.63, 342, 643, 1137, 1550, 1764, 1778, 1961, 1915, 3861, 231, 17723.58, 12.65, 13.49
09:55:41, 1117.40, 13.64, 325, 618, 1119, 1541, 1870, 1883, 2055, 1983, 4243, 248, 17723.58, 12.65, 13.49
09:55:42, 1122.60, 13.64, 290, 549, 1008, 1397, 1636, 1647, 1787, 1718, 3463, 201, 17708.56, 12.67, 13.49
09:55:42, 1125.80, 13.64, 286, 559, 1043, 1454, 1771, 1758, 1911, 1837, 3849, 221, 17723.58, 12.65, 13.48
09:55:42, 1128.80, 13.64, 291, 552, 1037, 1435, 1677, 1687, 1810, 1764, 3813, 220, 17708.56, 12.67, 13.48
09:55:43, 1134.00, 13.65, 258, 497, 931, 1291, 1564, 1577, 1681, 1637, 3895, 228, 17753.66, 12.62, 13.49
09:55:43, 1140.80, 13.65, 240, 469, 908, 1300, 1542, 1560, 1654, 1561, 4207, 251, 17738.61, 12.64, 13.49
09:55:44, 1144.20, 13.65, 207, 406, 785, 1138, 1335, 1354, 1442, 1363, 4113, 257, 17753.66, 12.62, 13.49
09:55:44, 1147.80, 13.65, 196, 388, 748, 1094, 1278, 1288, 1385, 1289, 4275, 277, 17723.58, 12.65, 13.49
09:55:44, 1152.60, 13.65, 180, 359, 703, 1045, 1312, 1294, 1418, 1281, 4774, 315, 17708.56, 12.67, 13.49
09:55:45, 1158.40, 13.65, 169, 341, 676, 1006, 1160, 1122, 1239, 1114, 4686, 321, 17738.61, 12.64, 13.50
09:55:45, 1164.30, 13.65, 153, 304, 622, 921, 1186, 1142, 1232, 1119, 4863, 333, 17738.61, 12.64, 13.50
09:55:46, 1170.00, 13.65, 147, 292, 605, 895, 1099, 1056, 1143, 1035, 4630, 317, 17738.61, 12.64, 13.49
09:55:46, 1176.70, 13.65, 137, 272, 566, 843, 1081, 1037, 1116, 1004, 4431, 304, 17738.61, 12.64, 13.49
09:55:47, 1182.90, 13.66, 131, 260, 554, 841, 1065, 1017, 1084, 960, 4267, 293, 17708.56, 12.67, 13.49
09:55:47, 1186.50, 13.66, 133, 265, 574, 880, 1135, 1085, 1157, 1010, 4358, 294, 17738.61, 12.64, 13.49
09:55:47, 1190.40, 13.66, 120, 243, 521, 808, 1015, 971, 1039, 907, 3945, 269, 17723.58, 12.65, 13.49
09:55:48, 1194.80, 13.66, 127, 257, 562, 872, 1121, 1067, 1133, 987, 4279, 289, 17738.61, 12.64, 13.49
09:55:48, 1201.40, 13.66, 118, 235, 521, 808, 1013, 966, 1010, 880, 3987, 272, 17723.58, 12.65, 13.49
09:55:49, 1206.60, 13.66, 114, 226, 510, 793, 1033, 984, 1015, 885, 3965, 271, 17738.61, 12.64, 13.49
09:55:49, 1211.10, 13.66, 113, 222, 511, 804, 1054, 1001, 1029, 884, 3998, 271, 17768.73, 12.60, 13.48
09:55:49, 1215.80, 13.66, 114, 226, 518, 815, 1061, 1006, 1039, 886, 3976, 269, 17708.56, 12.67, 13.48
09:55:50, 1219.10, 13.66, 110, 217, 501, 793, 1054, 997, 1027, 869, 3868, 262, 17708.56, 12.67, 13.45
09:55:50, 1222.60, 13.65, 109, 214, 505, 803, 1055, 1001, 1011, 860, 3837, 259, 17738.61, 12.64, 13.45
09:55:51, 1227.80, 13.64, 111, 217, 517, 828, 1090, 1030, 1040, 876, 3855, 259, 17738.61, 12.64, 13.45
09:55:51, 1232.80, 13.62, 107, 211, 501, 804, 1046, 989, 1002, 837, 3709, 249, 17738.61, 12.64, 13.31
09:55:51, 1238.30, 13.58, 103, 202, 485, 782, 1061, 998, 1001, 832, 3698, 249, 17723.58, 12.65, 13.31
09:55:52, 1245.80, 13.52, 106, 209, 513, 843, 1088, 1018, 1016, 833, 3709, 248, 17738.61, 12.64, 13.04
09:55:52, 1251.20, 13.47, 96, 185, 458, 755, 1009, 947, 940, 763, 3462, 232, 17738.61, 12.64, 13.04
09:55:53, 1253.60, 13.42, 99, 195, 483, 800, 1076, 1002, 995, 808, 3560, 238, 17738.61, 12.64, 13.04
09:55:53, 1257.60, 13.37, 98, 190, 476, 793, 1063, 996, 976, 791, 3476, 232, 17678.57, 12.71, 12.67
09:55:54, 1262.60, 13.33, 97, 188, 477, 796, 1063, 992, 970, 781, 3427, 228, 17693.55, 12.69, 12.67
09:55:54, 1267.40, 13.27, 94, 179, 458, 768, 1013, 948, 921, 734, 3260, 218, 17738.61, 12.64, 12.38
09:55:54, 1275.30, 13.22, 93, 177, 459, 780, 1059, 983, 946, 753, 3302, 220, 17708.56, 12.67, 12.38
09:55:55, 1281.50, 13.16, 88, 168, 441, 755, 1007, 933, 897, 705, 3178, 212, 17708.56, 12.67, 12.05
09:55:55, 1284.00, 13.10, 86, 164, 432, 744, 1015, 939, 903, 704, 3153, 210, 17693.55, 12.69, 12.05
09:55:56, 1288.80, 13.05, 87, 164, 435, 751, 1017, 940, 894, 699, 3080, 205, 17708.56, 12.67, 12.05
09:55:56, 1295.90, 12.99, 83, 155, 419, 733, 1004, 925, 872, 675, 3035, 202, 17738.61, 12.64, 11.74
09:55:56, 1301.60, 12.94, 82, 153, 418, 736, 998, 917, 865, 662, 2978, 198, 17738.61, 12.64, 11.74
09:55:57, 1308.20, 12.89, 78, 145, 395, 697, 952, 872, 820, 625, 2847, 191, 17693.55, 12.69, 11.54
09:55:57, 1313.80, 12.83, 76, 140, 388, 696, 969, 880, 825, 620, 2858, 191, 17708.56, 12.67, 11.54
09:55:58, 1318.30, 12.79, 75, 137, 384, 696, 962, 875, 813, 608, 2828, 189, 17708.56, 12.67, 11.54
09:55:58, 1322.60, 12.73, 74, 134, 376, 682, 947, 858, 800, 594, 2752, 185, 17723.58, 12.65, 11.40
09:55:59, 1328.80, 12.70, 72, 131, 370, 673, 923, 838, 771, 573, 2644, 177, 17708.56, 12.67, 11.40
09:55:59, 1334.50, 12.66, 69, 123, 353, 649, 906, 823, 748, 553, 2589, 173, 17723.58, 12.65, 11.33
09:55:59, 1340.30, 12.63, 69, 121, 351, 651, 916, 828, 751, 549, 2571, 172, 17708.56, 12.67, 11.33
09:56:00, 1342.20, 12.60, 67, 118, 344, 640, 902, 812, 742, 538, 2532, 170, 17723.58, 12.65, 11.33
09:56:00, 1345.20, 12.58, 67, 118, 344, 642, 912, 819, 746, 538, 2502, 168, 17723.58, 12.65, 11.27
09:56:01, 1348.70, 12.56, 67, 116, 340, 638, 901, 811, 730, 529, 2508, 168, 17723.58, 12.65, 11.27
09:56:01, 1352.10, 12.55, 66, 114, 337, 634, 895, 809, 721, 521, 2425, 161, 17678.57, 12.71, 11.23
09:56:01, 1356.80, 12.54, 65, 111, 332, 625, 882, 799, 710, 509, 2338, 156, 17723.58, 12.65, 11.23
09:56:02, 1364.50, 12.52, 64, 109, 327, 622, 883, 793, 701, 500, 2323, 155, 17708.56, 12.67, 11.23
09:56:02, 1367.80, 12.49, 60, 102, 310, 596, 858, 769, 679, 479, 2284, 152, 17708.56, 12.67, 11.18
09:56:03, 1369.40, 12.46, 60, 101, 307, 595, 855, 765, 675, 475, 2273, 153, 17693.55, 12.69, 11.18
09:56:03, 1372.20, 12.45, 60, 100, 305, 590, 850, 762, 669, 468, 2225, 149, 17678.57, 12.71, 11.12
09:56:04, 1375.60, 12.44, 59, 99, 303, 587, 850, 764, 665, 468, 2189, 146, 17723.58, 12.65, 11.12
09:56:04, 1380.60, 12.42, 59, 97, 299, 586, 844, 759, 657, 455, 2138, 142, 17678.57, 12.71, 11.06
09:56:04, 1386.70, 12.40, 57, 93, 290, 572, 823, 739, 635, 439, 2069, 138, 17708.56, 12.67, 11.06
09:56:05, 1393.00, 12.37, 55, 88, 276, 549, 801, 714, 614, 419, 2033, 136, 17693.55, 12.69, 11.06
09:56:05, 1395.90, 12.35, 54, 85, 271, 543, 799, 712, 610, 414, 2005, 134, 17678.57, 12.71, 10.98
09:56:06, 1399.00, 12.33, 53, 84, 266, 535, 784, 700, 596, 405, 1959, 132, 17693.55, 12.69, 10.98
09:56:06, 1402.90, 12.32, 51, 80, 257, 520, 770, 690, 581, 392, 1897, 127, 17723.58, 12.65, 10.91
09:56:06, 1406.90, 12.31, 51, 80, 257, 523, 780, 697, 585, 394, 1887, 126, 17678.57, 12.71, 10.91
09:56:07, 1412.40, 12.28, 50, 77, 250, 511, 756, 674, 565, 377, 1826, 122, 17678.57, 12.71, 10.91
09:56:07, 1417.80, 12.25, 48, 73, 237, 489, 739, 656, 547, 362, 1781, 120, 17663.60, 12.72, 10.84
09:56:08, 1421.50, 12.23, 48, 72, 236, 489, 741, 658, 545, 360, 1764, 118, 17693.55, 12.69, 10.84
09:56:08, 1425.90, 12.21, 47, 70, 230, 480, 726, 644, 531, 349, 1724, 116, 17693.55, 12.69, 10.81
09:56:09, 1429.80, 12.19, 45, 68, 225, 471, 714, 635, 520, 340, 1677, 112, 17663.60, 12.72, 10.81
09:56:09, 1434.10, 12.18, 45, 66, 221, 465, 708, 629, 513, 334, 1643, 110, 17678.57, 12.71, 10.81
09:56:09, 1438.30, 12.16, 44, 64, 215, 457, 701, 620, 504, 326, 1618, 109, 17693.55, 12.69, 10.78
09:56:10, 1441.50, 12.14, 44, 63, 213, 454, 700, 617, 501, 323, 1617, 109, 17678.57, 12.71, 10.78
09:56:10, 1445.20, 12.14, 43, 62, 210, 450, 691, 610, 493, 317, 1575, 106, 17648.65, 12.74, 10.76
09:56:11, 1449.10, 12.13, 42, 60, 203, 438, 675, 595, 478, 306, 1534, 103, 17693.55, 12.69, 10.76
09:56:11, 1453.00, 12.12, 42, 60, 204, 440, 683, 604, 481, 308, 1530, 102, 17648.65, 12.74, 10.75
09:56:11, 1458.50, 12.11, 41, 58, 200, 435, 666, 589, 467, 297, 1464, 98, 17678.57, 12.71, 10.75
09:56:12, 1463.20, 12.10, 40, 56, 192, 421, 658, 579, 459, 289, 1442, 97, 17663.60, 12.72, 10.75
09:56:12, 1466.80, 12.05, 40, 55, 192, 423, 659, 578, 456, 286, 1444, 97, 17678.57, 12.71, 10.73
09:56:13, 1471.40, 12.04, 39, 54, 187, 414, 647, 567, 445, 278, 1402, 94, 17693.55, 12.69, 10.73
09:56:13, 1476.90, 12.03, 38, 52, 182, 406, 636, 558, 435, 269, 1368, 91, 17678.57, 12.71, 10.72
09:56:14, 1482.40, 12.02, 37, 51, 178, 400, 631, 556, 429, 265, 1325, 88, 17663.60, 12.72, 10.72
09:56:14, 1487.50, 12.01, 36, 49, 172, 390, 615, 540, 416, 253, 1284, 86, 17663.60, 12.72, 10.72
09:56:14, 1490.30, 12.00, 35, 47, 169, 383, 612, 536, 411, 251, 1273, 85, 17663.60, 12.72, 10.71
09:56:15, 1491.90, 12.00, 36, 47, 169, 385, 621, 543, 416, 253, 1278, 85, 17663.60, 12.72, 10.71
09:56:15, 1494.10, 11.99, 36, 47, 169, 386, 614, 536, 411, 248, 1261, 84, 17678.57, 12.71, 10.72
09:56:16, 1495.80, 11.98, 35, 46, 164, 375, 599, 526, 400, 243, 1229, 82, 17633.71, 12.76, 10.72
09:56:16, 1499.90, 11.98, 35, 46, 163, 375, 602, 528, 400, 241, 1203, 80, 17648.65, 12.74, 10.72
09:56:16, 1503.40, 11.98, 34, 44, 160, 371, 596, 522, 395, 236, 1197, 80, 17648.65, 12.74, 10.70
09:56:17, 1507.10, 11.98, 34, 44, 158, 367, 590, 516, 388, 232, 1175, 78, 17648.65, 12.74, 10.70
09:56:17, 1510.10, 11.97, 33, 43, 154, 360, 580, 505, 380, 226, 1157, 77, 17663.60, 12.72, 10.70
09:56:18, 1512.30, 11.96, 33, 42, 151, 355, 577, 503, 376, 224, 1147, 77, 17633.71, 12.76, 10.70
09:56:18, 1513.30, 11.96, 33, 42, 152, 358, 584, 509, 381, 225, 1153, 77, 17663.60, 12.72, 10.70
09:56:18, 1515.70, 11.95, 32, 41, 150, 354, 573, 502, 375, 221, 1112, 74, 17648.65, 12.74, 10.71
09:56:19, 1520.90, 11.95, 31, 40, 146, 345, 559, 490, 363, 213, 1074, 72, 17678.57, 12.71, 10.71
09:56:19, 1526.10, 11.94, 31, 39, 142, 339, 557, 485, 358, 209, 1082, 72, 17633.71, 12.76, 10.70
09:56:20, 1528.40, 11.93, 31, 38, 140, 336, 553, 480, 353, 205, 1078, 72, 17678.57, 12.71, 10.70
09:56:20, 1529.40, 11.92, 30, 37, 137, 329, 542, 470, 346, 201, 1057, 71, 17633.71, 12.76, 10.70
09:56:21, 1534.90, 11.91, 30, 37, 134, 324, 534, 464, 339, 197, 1027, 69, 17663.60, 12.72, 10.70
09:56:21, 1537.50, 11.91, 29, 36, 132, 321, 537, 466, 339, 195, 1033, 69, 17648.65, 12.74, 10.70
09:56:21, 1541.70, 11.91, 29, 35, 131, 319, 530, 461, 335, 192, 989, 66, 17663.60, 12.72, 10.70
09:56:22, 1547.50, 11.90, 28, 34, 126, 309, 512, 445, 322, 182, 959, 64, 17663.60, 12.72, 10.70
09:56:22, 1550.40, 11.89, 27, 32, 121, 299, 506, 438, 315, 178, 951, 64, 17663.60, 12.72, 10.69
09:56:23, 1552.90, 11.88, 27, 32, 121, 300, 508, 440, 315, 178, 949, 64, 17708.56, 12.67, 10.69
09:56:23, 1556.90, 11.87, 27, 32, 119, 297, 497, 431, 308, 172, 926, 62, 17663.60, 12.72, 10.69
09:56:23, 1559.50, 11.87, 26, 30, 114, 286, 484, 420, 299, 167, 894, 60, 17648.65, 12.74, 10.66
09:56:24, 1564.10, 11.87, 25, 30, 112, 282, 479, 416, 295, 164, 874, 59, 17678.57, 12.71, 10.66
09:56:24, 1568.90, 11.86, 25, 29, 110, 278, 475, 412, 290, 160, 870, 58, 17663.60, 12.72, 10.65
09:56:25, 1573.50, 11.85, 25, 28, 106, 270, 462, 400, 280, 154, 842, 56, 17633.71, 12.76, 10.65
09:56:25, 1576.80, 11.84, 24, 27, 102, 260, 449, 389, 272, 148, 827, 56, 17633.71, 12.76, 10.65
09:56:26, 1580.90, 11.83, 23, 26, 99, 255, 446, 386, 268, 146, 818, 55, 17663.60, 12.72, 10.63
09:56:26, 1586.80, 11.83, 23, 26, 97, 251, 437, 380, 262, 141, 786, 53, 17678.57, 12.71, 10.63
09:56:26, 1592.10, 11.83, 22, 24, 91, 239, 418, 363, 249, 132, 753, 51, 17708.56, 12.67, 10.62
09:56:27, 1595.90, 11.81, 21, 23, 87, 229, 408, 355, 242, 128, 738, 50, 17663.60, 12.72, 10.62
09:56:27, 1598.50, 11.81, 21, 22, 86, 227, 406, 353, 240, 126, 730, 49, 17648.65, 12.74, 10.62
09:56:28, 1602.00, 11.81, 20, 22, 83, 221, 395, 344, 233, 121, 705, 47, 17678.57, 12.71, 10.59
09:56:28, 1606.60, 11.81, 20, 21, 80, 215, 387, 338, 228, 118, 678, 46, 17678.57, 12.71, 10.59
09:56:28, 1611.90, 11.80, 19, 20, 76, 206, 373, 326, 219, 112, 652, 44, 17648.65, 12.74, 10.59
09:56:29, 1615.60, 11.79, 18, 19, 73, 198, 364, 319, 212, 108, 637, 43, 17723.58, 12.65, 10.59
09:56:29, 1618.70, 11.78, 18, 19, 71, 194, 360, 316, 209, 106, 624, 42, 17693.55, 12.69, 10.59
09:56:30, 1622.50, 11.77, 18, 18, 69, 189, 351, 308, 204, 102, 607, 41, 17663.60, 12.72, 10.59
09:56:30, 1624.70, 11.77, 17, 17, 66, 183, 343, 301, 199, 99, 595, 40, 17663.60, 12.72, 10.59
09:56:31, 1630.60, 11.77, 17, 17, 65, 180, 337, 297, 195, 96, 570, 38, 17678.57, 12.71, 10.57
09:56:31, 1637.10, 11.76, 16, 16, 61, 172, 324, 285, 186, 91, 555, 37, 17663.60, 12.72, 10.57
09:56:31, 1639.90, 11.75, 15, 15, 59, 165, 315, 278, 180, 88, 543, 37, 17678.57, 12.71, 10.56
09:56:32, 1643.70, 11.74, 15, 15, 57, 162, 312, 275, 177, 86, 530, 36, 17693.55, 12.69, 10.56
09:56:32, 1646.60, 11.74, 15, 15, 56, 159, 307, 270, 174, 84, 525, 36, 17678.57, 12.71, 10.56
09:56:33, 1650.30, 11.74, 15, 14, 54, 155, 301, 265, 170, 81, 506, 34, 17693.55, 12.69, 10.55
09:56:33, 1656.50, 11.73, 14, 14, 52, 150, 293, 258, 165, 78, 487, 33, 17663.60, 12.72, 10.55
09:56:33, 1659.60, 11.72, 14, 13, 50, 146, 287, 254, 161, 76, 482, 33, 17663.60, 12.72, 10.55
09:56:34, 1663.10, 11.71, 14, 13, 49, 142, 281, 249, 157, 74, 471, 32, 17708.56, 12.67, 10.55
09:56:34, 1667.10, 11.71, 13, 12, 48, 139, 277, 244, 154, 72, 464, 31, 17708.56, 12.67, 10.55
09:56:35, 1671.40, 11.70, 13, 12, 46, 136, 270, 239, 150, 69, 449, 30, 17693.55, 12.69, 10.55
09:56:35, 1678.00, 11.70, 12, 12, 44, 130, 260, 230, 143, 66, 430, 29, 17678.57, 12.71, 10.55
09:56:36, 1682.00, 11.69, 12, 11, 42, 126, 256, 226, 140, 64, 425, 29, 17678.57, 12.71, 10.54
09:56:36, 1685.70, 11.69, 12, 11, 41, 123, 250, 222, 136, 62, 415, 28, 17663.60, 12.72, 10.54
09:56:36, 1689.60, 11.69, 11, 10, 40, 119, 243, 216, 132, 60, 403, 27, 17663.60, 12.72, 10.54
09:56:37, 1694.50, 11.69, 11, 10, 38, 116, 239, 212, 129, 58, 393, 27, 17693.55, 12.69, 10.54
09:56:37, 1698.60, 11.69, 11, 10, 37, 113, 233, 207, 126, 56, 382, 26, 17708.56, 12.67, 10.54
09:56:38, 1701.70, 11.68, 11, 9, 36, 110, 228, 203, 123, 54, 374, 25, 17678.57, 12.71, 10.53
09:56:38, 1705.10, 11.68, 10, 9, 35, 108, 225, 201, 121, 53, 366, 25, 17693.55, 12.69, 10.53
09:56:38, 1708.20, 11.67, 10, 9, 34, 105, 221, 196, 118, 52, 359, 24, 17708.56, 12.67, 10.53
09:56:39, 1714.20, 11.67, 10, 9, 33, 102, 215, 191, 114, 50, 347, 23, 17678.57, 12.71, 10.53
09:56:39, 1719.60, 11.67, 10, 8, 31, 98, 208, 186, 110, 47, 337, 23, 17708.56, 12.67, 10.53
09:56:40, 1722.00, 11.66, 9, 8, 30, 95, 204, 181, 107, 46, 330, 22, 17708.56, 12.67, 10.52
09:56:40, 1724.00, 11.65, 9, 8, 30, 93, 202, 180, 106, 45, 327, 22, 17693.55, 12.69, 10.52
09:56:41, 1726.30, 11.65, 9, 8, 29, 92, 200, 178, 105, 45, 323, 22, 17723.58, 12.65, 10.52
09:56:41, 1730.40, 11.64, 9, 8, 29, 90, 196, 176, 103, 44, 313, 21, 17708.56, 12.67, 10.52
09:56:41, 1736.80, 11.64, 9, 7, 27, 87, 188, 169, 98, 41, 300, 20, 17693.55, 12.69, 10.52
09:56:42, 1738.70, 11.63, 8, 7, 26, 83, 183, 164, 95, 40, 297, 20, 17708.56, 12.67, 10.52
09:56:42, 1740.20, 11.63, 8, 7, 26, 82, 183, 164, 95, 40, 294, 20, 17693.55, 12.69, 10.52
09:56:43, 1743.00, 11.62, 8, 7, 25, 81, 180, 162, 93, 38, 286, 19, 17723.58, 12.65, 10.51
09:56:43, 1745.60, 11.62, 8, 6, 24, 78, 176, 158, 91, 37, 278, 19, 17693.55, 12.69, 10.51
09:56:43, 1750.70, 11.61, 8, 6, 23, 76, 171, 154, 88, 36, 267, 18, 17738.61, 12.64, 10.51
09:56:44, 1754.70, 11.61, 7, 6, 22, 73, 166, 150, 86, 35, 264, 18, 17723.58, 12.65, 10.50
09:56:44, 1755.20, 11.60, 7, 6, 22, 72, 164, 148, 84, 34, 261, 18, 17738.61, 12.64, 10.50
09:56:45, 1758.90, 11.60, 7, 6, 21, 70, 161, 146, 83, 33, 254, 17, 17708.56, 12.67, 10.49
09:56:45, 1762.30, 11.59, 7, 6, 21, 68, 158, 144, 81, 32, 250, 17, 17723.58, 12.65, 10.49
09:56:45, 1766.30, 11.59, 7, 5, 20, 67, 155, 141, 79, 31, 243, 17, 17723.58, 12.65, 10.49
09:56:46, 1771.20, 11.59, 7, 5, 19, 64, 150, 136, 76, 30, 236, 16, 17753.66, 12.62, 10.49
09:56:46, 1770.60, 11.59, 6, 5, 19, 63, 149, 135, 75, 30, 237, 16, 17708.56, 12.67, 10.49
09:56:47, 1769.20, 11.59, 6, 5, 19, 63, 149, 135, 76, 30, 238, 16, 17723.58, 12.65, 10.48
09:56:47, 1762.50, 11.58, 6, 5, 19, 63, 151, 137, 77, 30, 244, 17, 17738.61, 12.64, 10.48
09:56:48, 1754.30, 11.58, 7, 5, 20, 66, 158, 142, 81, 32, 259, 18, 17738.61, 12.64, 10.48
09:56:48, 1748.60, 11.57, 7, 6, 21, 69, 162, 146, 84, 33, 264, 18, 17723.58, 12.65, 10.48
09:56:48, 1742.20, 11.57, 7, 6, 22, 72, 168, 152, 87, 35, 275, 19, 17708.56, 12.67, 10.48
09:56:49, 1736.10, 11.56, 8, 6, 23, 76, 174, 157, 91, 37, 286, 20, 17738.61, 12.64, 10.48
09:56:49, 1726.80, 11.56, 8, 7, 25, 79, 182, 163, 95, 39, 303, 21, 17753.66, 12.62, 10.48
09:56:50, 1716.50, 11.56, 8, 7, 26, 84, 188, 168, 100, 41, 321, 22, 17768.73, 12.60, 10.48
09:56:50, 1710.20, 11.55, 9, 7, 28, 88, 196, 175, 104, 44, 330, 23, 17753.66, 12.62, 10.48
09:56:50, 1703.50, 11.55, 9, 8, 30, 93, 205, 184, 111, 47, 344, 24, 17738.61, 12.64, 10.48
09:56:51, 1695.80, 11.54, 10, 8, 31, 97, 212, 190, 115, 49, 358, 25, 17753.66, 12.62, 10.49
09:56:51, 1688.30, 11.54, 10, 9, 33, 101, 218, 196, 119, 52, 371, 25, 17708.56, 12.67, 10.49
09:56:52, 1682.50, 11.54, 10, 9, 34, 104, 224, 201, 123, 54, 381, 26, 17768.73, 12.60, 10.51
09:56:52, 1676.50, 11.54, 11, 10, 36, 108, 231, 208, 128, 57, 392, 27, 17753.66, 12.62, 10.51
09:56:53, 1668.60, 11.54, 11, 10, 38, 113, 240, 216, 134, 60, 411, 28, 17753.66, 12.62, 10.51
09:56:53, 1659.00, 11.54, 12, 11, 40, 119, 249, 222, 140, 63, 434, 30, 17768.73, 12.60, 10.52
09:56:53, 1651.10, 11.54, 12, 11, 43, 125, 259, 231, 147, 67, 454, 31, 17798.91, 12.57, 10.52
09:56:54, 1645.60, 11.53, 13, 12, 45, 130, 266, 239, 152, 70, 461, 32, 17783.81, 12.58, 10.52
09:56:54, 1634.70, 11.53, 13, 13, 48, 137, 281, 251, 162, 76, 496, 34, 17768.73, 12.60, 10.52
09:56:55, 1625.00, 11.54, 14, 14, 52, 147, 296, 263, 172, 82, 531, 37, 17753.66, 12.62, 10.53
09:56:55, 1619.10, 11.54, 15, 15, 56, 157, 308, 274, 180, 87, 550, 38, 17783.81, 12.58, 10.53
09:56:55, 1610.90, 11.54, 16, 16, 59, 164, 320, 283, 187, 92, 577, 40, 17783.81, 12.58, 10.53
09:56:56, 1602.60, 11.54, 16, 17, 64, 175, 337, 297, 199, 99, 606, 41, 17783.81, 12.58, 10.55
09:56:56, 1593.10, 11.53, 18, 18, 69, 188, 356, 313, 212, 107, 647, 44, 17753.66, 12.62, 10.55
09:56:57, 1588.60, 11.53, 19, 20, 75, 200, 374, 330, 224, 116, 681, 47, 17783.81, 12.58, 10.56
09:56:57, 1580.50, 11.54, 20, 21, 79, 209, 385, 337, 232, 121, 713, 49, 17738.61, 12.64, 10.56
09:56:58, 1572.70, 11.53, 20, 22, 83, 217, 397, 346, 240, 126, 737, 50, 17798.91, 12.57, 10.56
09:56:58, 1565.20, 11.53, 21, 24, 90, 231, 417, 365, 255, 137, 768, 53, 17798.91, 12.57, 10.57
09:56:58, 1560.00, 11.54, 23, 26, 96, 245, 436, 382, 269, 146, 808, 55, 17768.73, 12.60, 10.57
09:56:59, 1551.40, 11.54, 24, 27, 100, 253, 445, 388, 276, 151, 842, 58, 17783.81, 12.58, 10.58
09:56:59, 1542.50, 11.54, 24, 28, 105, 263, 457, 399, 286, 158, 868, 60, 17798.91, 12.57, 10.58
09:57:00, 1535.20, 11.54, 25, 30, 111, 275, 476, 417, 300, 169, 896, 61, 17768.73, 12.60, 10.58
09:57:00, 1528.50, 11.54, 27, 32, 119, 291, 494, 434, 315, 179, 939, 64, 17768.73, 12.60, 10.60
09:57:00, 1519.80, 11.55, 28, 34, 123, 297, 501, 438, 322, 185, 983, 68, 17798.91, 12.57, 10.60
09:57:01, 1513.30, 11.55, 28, 35, 126, 303, 513, 451, 333, 194, 1011, 70, 17798.91, 12.57, 10.63
09:57:01, 1507.10, 11.55, 30, 38, 135, 321, 543, 477, 355, 208, 1043, 71, 17783.81, 12.58, 10.63
09:57:02, 1501.90, 11.56, 31, 39, 139, 328, 544, 480, 358, 212, 1048, 72, 17829.17, 12.53, 10.63
09:57:02, 1492.00, 11.57, 32, 40, 143, 335, 557, 491, 371, 220, 1101, 76, 17814.03, 12.55, 10.64
09:57:03, 1483.40, 11.57, 33, 43, 153, 352, 581, 511, 390, 233, 1169, 81, 17814.03, 12.55, 10.64
09:57:03, 1477.90, 11.57, 35, 46, 160, 367, 592, 526, 402, 245, 1178, 81, 17829.17, 12.53, 10.67
09:57:03, 1472.00, 11.57, 36, 47, 163, 371, 601, 536, 412, 253, 1186, 82, 17844.31, 12.51, 10.67
09:57:04, 1464.20, 11.58, 36, 49, 168, 379, 612, 543, 423, 260, 1254, 87, 17829.17, 12.53, 10.69
09:57:04, 1455.80, 11.58, 38, 51, 176, 392, 636, 565, 442, 275, 1316, 91, 17844.31, 12.51, 10.69
09:57:05, 1449.70, 11.58, 40, 54, 185, 409, 648, 579, 455, 287, 1331, 92, 17844.31, 12.51, 10.69
09:57:05, 1441.10, 11.58, 40, 56, 190, 415, 657, 586, 466, 296, 1378, 96, 17829.17, 12.53, 10.70
09:57:05, 1432.60, 11.59, 42, 60, 201, 435, 683, 611, 489, 314, 1461, 101, 17829.17, 12.53, 10.70
09:57:06, 1425.90, 11.59, 44, 63, 210, 447, 700, 628, 507, 329, 1496, 103, 17844.31, 12.51, 10.70
09:57:06, 1417.10, 11.59, 45, 66, 217, 459, 717, 644, 523, 342, 1533, 106, 17844.31, 12.51, 10.70
09:57:07, 1409.10, 11.59, 47, 70, 228, 477, 738, 663, 545, 360, 1603, 111, 17814.03, 12.55, 10.70
09:57:07, 1402.80, 11.59, 49, 74, 238, 492, 754, 681, 563, 376, 1657, 115, 17844.31, 12.51, 10.70
09:57:08, 1397.20, 11.60, 52, 78, 248, 509, 771, 700, 581, 394, 1675, 116, 17859.47, 12.50, 10.70
09:57:08, 1385.90, 11.60, 53, 80, 252, 513, 786, 714, 599, 408, 1754, 122, 17844.31, 12.51, 10.71
09:57:08, 1377.10, 11.60, 55, 86, 269, 538, 807, 733, 620, 428, 1843, 128, 17859.47, 12.50, 10.71
09:57:09, 1371.10, 11.60, 58, 92, 282, 558, 833, 760, 649, 453, 1915, 133, 17874.66, 12.48, 10.71
09:57:09, 1361.30, 11.60, 61, 97, 294, 576, 862, 789, 677, 477, 1972, 136, 17889.86, 12.46, 10.73
09:57:10, 1354.30, 11.61, 63, 103, 309, 598, 872, 803, 694, 496, 1996, 137, 17874.66, 12.48, 10.73
09:57:10, 1349.60, 11.61, 65, 106, 315, 604, 891, 816, 712, 513, 2129, 149, 17859.47, 12.50, 10.75
09:57:10, 1342.30, 11.61, 69, 114, 334, 635, 919, 839, 742, 535, 2245, 157, 17859.47, 12.50, 10.75
09:57:11, 1331.80, 11.62, 69, 117, 343, 642, 934, 858, 758, 557, 2249, 155, 17844.31, 12.51, 10.78
09:57:11, 1323.90, 11.62, 75, 128, 366, 679, 966, 896, 800, 596, 2292, 157, 17844.31, 12.51, 10.78
09:57:12, 1319.90, 11.63, 79, 136, 384, 702, 1007, 927, 837, 631, 2521, 176, 17859.47, 12.50, 10.78
09:57:12, 1312.00, 11.64, 83, 143, 399, 728, 1006, 921, 839, 633, 2562, 179, 17889.86, 12.46, 10.85
09:57:13, 1303.30, 11.66, 82, 144, 403, 724, 1026, 950, 863, 659, 2544, 174, 17874.66, 12.48, 10.85
09:57:13, 1299.30, 11.67, 87, 154, 424, 757, 1050, 980, 897, 695, 2650, 184, 17889.86, 12.46, 10.96
09:57:13, 1296.60, 11.69, 94, 166, 447, 792, 1108, 1031, 953, 745, 2845, 198, 17859.47, 12.50, 10.96
09:57:14, 1287.40, 11.70, 91, 163, 441, 774, 1061, 977, 910, 710, 2789, 196, 17889.86, 12.46, 10.96
09:57:14, 1280.30, 11.72, 95, 172, 461, 804, 1108, 1038, 965, 763, 2789, 191, 17874.66, 12.48, 11.03
09:57:15, 1275.80, 11.73, 99, 181, 477, 824, 1118, 1044, 985, 784, 2990, 209, 17889.86, 12.46, 11.03
09:57:15, 1270.20, 11.74, 105, 191, 494, 847, 1152, 1068, 1019, 815, 3101, 219, 17874.66, 12.48, 11.13
09:57:15, 1262.20, 11.76, 102, 188, 488, 826, 1115, 1044, 991, 797, 3034, 209, 17889.86, 12.46, 11.13
09:57:16, 1255.70, 11.77, 109, 201, 514, 868, 1180, 1118, 1067, 870, 3148, 218, 17874.66, 12.48, 11.13
09:57:16, 1251.40, 11.79, 116, 214, 538, 900, 1226, 1149, 1115, 913, 3396, 239, 17889.86, 12.46, 11.18
09:57:17, 1243.00, 11.80, 114, 213, 533, 881, 1129, 1059, 1033, 847, 3301, 230, 17859.47, 12.50, 11.18
09:57:17, 1237.20, 11.81, 119, 224, 554, 910, 1246, 1184, 1148, 956, 3392, 232, 17874.66, 12.48, 11.23
09:57:18, 1232.80, 11.83, 122, 228, 559, 912, 1231, 1163, 1148, 955, 3595, 253, 17920.31, 12.43, 11.23
09:57:18, 1226.00, 11.85, 126, 239, 577, 933, 1218, 1147, 1140, 950, 3585, 248, 17935.55, 12.41, 11.31
09:57:18, 1224.50, 11.87, 135, 255, 611, 978, 1272, 1222, 1196, 1022, 3601, 247, 17905.07, 12.44, 11.31
09:57:19, 1220.90, 11.88, 131, 247, 589, 943, 1253, 1193, 1189, 1005, 3732, 262, 17950.82, 12.39, 11.31
09:57:19, 1217.30, 11.91, 136, 257, 609, 967, 1295, 1232, 1229, 1052, 3817, 268, 17889.86, 12.46, 11.45
09:57:20, 1211.80, 11.94, 138, 264, 622, 983, 1280, 1222, 1221, 1042, 3803, 261, 17950.82, 12.39, 11.45
09:57:20, 1206.60, 11.98, 134, 255, 594, 928, 1224, 1165, 1180, 1008, 3866, 269, 17950.82, 12.39, 11.65
09:57:20, 1202.50, 12.01, 144, 275, 641, 990, 1317, 1252, 1268, 1089, 4045, 283, 17920.31, 12.43, 11.65
09:57:21, 1200.30, 12.05, 147, 282, 645, 996, 1259, 1211, 1225, 1066, 3978, 277, 17905.07, 12.44, 11.65
09:57:21, 1194.00, 12.12, 139, 265, 607, 933, 1204, 1155, 1172, 1014, 3919, 270, 17935.55, 12.41, 11.86
09:57:22, 1192.50, 12.17, 141, 270, 616, 939, 1208, 1163, 1185, 1031, 4009, 277, 17950.82, 12.39, 11.86
09:57:22, 1190.10, 12.22, 136, 260, 583, 880, 1165, 1119, 1155, 1013, 4060, 285, 17920.31, 12.43, 12.16
09:57:23, 1185.80, 12.27, 131, 247, 561, 855, 1049, 1020, 1034, 906, 3659, 250, 17905.07, 12.44, 12.16
09:57:23, 1183.20, 12.34, 124, 233, 527, 802, 978, 943, 969, 858, 3618, 251, 17920.31, 12.43, 12.16
09:57:23, 1180.30, 12.42, 117, 219, 491, 743, 993, 960, 986, 872, 3658, 256, 17950.82, 12.39, 12.60
09:57:24, 1174.20, 12.51, 114, 210, 463, 692, 878, 844, 881, 800, 3507, 251, 17966.10, 12.37, 12.60
09:57:24, 1170.70, 12.59, 131, 244, 532, 785, 1000, 972, 1007, 918, 3845, 275, 17920.31, 12.43, 13.12
09:57:25, 1165.60, 12.66, 130, 239, 516, 761, 1109, 1078, 1119, 1021, 4071, 292, 17905.07, 12.44, 13.12
09:57:25, 1158.60, 12.73, 120, 219, 467, 682, 880, 853, 907, 835, 3791, 279, 17950.82, 12.39, 13.34
09:57:25, 1150.00, 12.82, 177, 338, 698, 1004, 1291, 1260, 1343, 1254, 4865, 353, 17966.10, 12.37, 13.34
09:57:26, 1145.10, 12.86, 148, 261, 523, 752, 984, 1001, 1037, 1004, 3835, 277, 17981.40, 12.36, 13.34
09:57:26, 1140.00, 12.90, 177, 320, 649, 910, 1023, 1008, 1073, 1028, 4499, 336, 17950.82, 12.39, 13.43
09:57:27, 1128.50, 12.94, 183, 338, 671, 927, 1239, 1201, 1311, 1260, 5270, 393, 17981.40, 12.36, 13.43
09:57:27, 1118.70, 12.98, 189, 324, 611, 819, 993, 1020, 1078, 1096, 4459, 341, 17935.55, 12.41, 13.47
09:57:28, 1113.20, 13.01, 219, 381, 711, 955, 1124, 1125, 1214, 1221, 5270, 406, 17905.07, 12.44, 13.47
09:57:28, 1107.30, 13.04, 210, 367, 673, 907, 1093, 1092, 1203, 1198, 5520, 426, 17950.82, 12.39, 13.47
09:57:28, 1097.00, 13.06, 244, 422, 750, 990, 1188, 1213, 1326, 1377, 5657, 445, 17966.10, 12.37, 13.48
09:57:29, 1090.90, 13.09, 288, 507, 856, 1136, 1438, 1460, 1612, 1706, 5444, 426, 17981.40, 12.36, 13.48
09:57:29, 1083.90, 13.11, 300, 538, 897, 1184, 1426, 1439, 1620, 1697, 5519, 443, 17981.40, 12.36, 13.50
09:57:30, 1077.50, 13.12, 319, 554, 902, 1192, 1346, 1378, 1566, 1635, 6090, 518, 17981.40, 12.36, 13.50
09:57:30, 1070.00, 13.13, 326, 557, 864, 1148, 1303, 1368, 1536, 1626, 6970, 631, 17905.07, 12.44, 13.50
09:57:30, 1061.60, 13.15, 340, 554, 874, 1120, 1214, 1252, 1399, 1505, 7510, 771, 17996.71, 12.34, 13.50
09:57:31, 1048.70, 13.16, 324, 508, 794, 965, 1368, 1422, 1603, 1769, 8492, 1110, 18027.40, 12.30, 13.50
09:57:31, 1042.10, 13.17, 518, 786, 1154, 1355, 1368, 1389, 1612, 1805, 8995, 1629, 18012.05, 12.32, 13.51
09:57:32, 1040.20, 13.19, 408, 645, 966, 1159, 1473, 1488, 1748, 1888, 8445, 1247, 17966.10, 12.37, 13.51
09:57:32, 1019.80, 13.20, 599, 878, 1261, 1443, 1684, 1754, 2043, 2297, 11385, 3497, 17981.40, 12.36, 13.50
09:57:33, 1019.70, 13.21, 781, 1099, 1515, 1709, 1954, 2056, 2350, 2670, 13264, 5492, 17981.40, 12.36, 13.50
09:57:33, 1018.10, 13.22, 772, 1096, 1510, 1701, 1863, 1919, 2261, 2525, 11737, 5004, 17966.10, 12.37, 13.50
09:57:33, 1018.10, 13.23, 769, 1127, 1531, 1759, 2006, 2044, 2473, 2685, 10899, 4517, 17966.10, 12.37, 13.48
09:57:34, 1017.70, 13.23, 752, 1121, 1491, 1767, 2043, 2112, 2575, 2741, 9086, 3469, 17950.82, 12.39, 13.48
09:57:34, 1018.10, 13.23, 868, 1286, 1704, 2066, 2237, 2386, 2851, 3023, 8473, 2949, 18027.40, 12.30, 13.42
09:57:35, 1017.90, 13.22, 980, 1418, 1892, 2289, 2457, 2669, 3122, 3360, 9064, 3009, 18012.05, 12.32, 13.42
09:57:35, 1017.90, 13.20, 996, 1432, 1883, 2308, 2505, 2731, 3172, 3443, 9734, 3521, 18012.05, 12.32, 13.42
09:57:35, 1017.80, 13.18, 1054, 1471, 1958, 2371, 2492, 2725, 3150, 3421, 10008, 3928, 18027.40, 12.30, 13.29
09:57:36, 1017.90, 13.16, 1069, 1504, 2005, 2438, 2626, 2841, 3360, 3566, 11123, 4194, 17966.10, 12.37, 13.29
09:57:36, 1018.00, 13.14, 1062, 1513, 2023, 2462, 2553, 2722, 3283, 3433, 10827, 4177, 18012.05, 12.32, 13.19
09:57:37, 1017.60, 13.12, 968, 1424, 1881, 2297, 2429, 2496, 3121, 3215, 11018, 4521, 18012.05, 12.32, 13.19
09:57:37, 1018.00, 13.10, 899, 1318, 1765, 2097, 2325, 2357, 2922, 3092, 11491, 4941, 18012.05, 12.32, 13.19
09:57:38, 1017.90, 13.07, 919, 1347, 1821, 2105, 2351, 2399, 2902, 3151, 12171, 5255, 18042.76, 12.29, 13.05
09:57:38, 1017.50, 13.05, 878, 1266, 1709, 2000, 2022, 2090, 2588, 2700, 9803, 4356, 17996.71, 12.34, 13.05
09:57:38, 1017.60, 13.04, 882, 1243, 1633, 2010, 2608, 2741, 3301, 3508, 12025, 4714, 18027.40, 12.30, 12.84
09:57:39, 1017.60, 13.02, 961, 1317, 1791, 2071, 2387, 2576, 2936, 3270, 10621, 4190, 17996.71, 12.34, 12.84
09:57:39, 1017.80, 13.01, 986, 1353, 1828, 2173, 2309, 2484, 2844, 3149, 10359, 4152, 18012.05, 12.32, 12.63
09:57:40, 1017.80, 12.99, 929, 1299, 1741, 2071, 2134, 2324, 2705, 2938, 8746, 3250, 17966.10, 12.37, 12.63
09:57:40, 1017.80, 12.98, 903, 1313, 1726, 2100, 2090, 2204, 2667, 2854, 8376, 3407, 17996.71, 12.34, 12.63
09:57:40, 1018.10, 12.97, 864, 1295, 1701, 2032, 2292, 2384, 2859, 3150, 10281, 4037, 17966.10, 12.37, 12.43
09:57:41, 1017.80, 12.95, 923, 1341, 1780, 2142, 2299, 2447, 2893, 3165, 10482, 4035, 17981.40, 12.36, 12.43
