Secchi Depth (cm) = 0845
Forel Ule Scale = 10
pH Colour Scale = 99
SmartSecchi S/N = A0000001
Latitude (degs N) = 56.53946
Longitude (degs E) = -5.40336
Date = 2023-05-25
Time (UTC), Pressure (mbar) MS5803, Temp (deg C) MS5803, 415nm, 445nm, 480nm, 515nm, 555nm, 590nm, 630nm, 680nm, Clear, NIR, Resistance 10KTHERM, Temp (deg C) 10KTHERM, Temp (deg C) TMP117
10:27:00, 1019.00, 18.38, 477, 670, 890, 1089, 1149, 1308, 1515, 1786, 5947, 3296, 14287.75, 17.18, 17.64
10:27:00, 1022.70, 18.52, 514, 660, 891, 1035, 1323, 1485, 1807, 2120, 8039, 3758, 14287.75, 17.18, 17.77
10:27:00, 1022.70, 18.53, 2930, 5671, 8699, 10676, 2756, 2938, 3331, 3747, 14149, 5130, 14287.75, 17.18, 17.77
10:27:01, 1022.00, 18.54, 13780, 22836, 34618, 35243, 36000, 36000, 36000, 36000, 27626, 10022, 14287.75, 17.18, 17.77
10:27:01, 1021.60, 18.48, 13834, 22185, 33308, 35538, 35236, 35200, 36000, 36000, 22936, 9300, 14322.40, 17.13, 17.71
10:27:02, 1021.50, 18.49, 6897, 10826, 14119, 17081, 33003, 36000, 35984, 36000, 17120, 6628, 14310.84, 17.15, 17.71
10:27:02, 1020.80, 18.49, 10137, 15816, 19432, 23737, 18880, 21132, 24048, 29125, 15549, 7340, 14333.97, 17.11, 17.54
10:27:03, 1021.60, 18.52, 7297, 7138, 10236, 14441, 8522, 11447, 6507, 12251, 36000, 36000, 14357.14, 17.08, 17.54
10:27:03, 1023.00, 18.54, 1875, 3573, 4782, 7749, 13060, 13833, 23847, 12103, 36000, 35852, 14345.55, 17.09, 17.54
10:27:03, 1022.60, 18.55, 7604, 5388, 8731, 14911, 17299, 23647, 15705, 31004, 15728, 5935, 14357.14, 17.08, 17.41
10:27:04, 1021.50, 18.50, 4574, 5782, 7753, 9007, 19250, 16676, 25054, 28773, 13042, 5687, 14380.36, 17.04, 17.41
10:27:04, 1022.60, 18.53, 7711, 8734, 10964, 14595, 8005, 16857, 9113, 16692, 36000, 36000, 14380.36, 17.04, 17.30
10:27:05, 1023.60, 18.59, 6210, 3509, 10472, 4493, 13677, 5420, 18465, 8506, 36000, 36000, 14415.27, 16.99, 17.30
10:27:05, 1023.80, 18.59, 1954, 3685, 4960, 8698, 11737, 5782, 21717, 7142, 36000, 36000, 14391.99, 17.03, 17.15
10:27:05, 1024.10, 18.59, 2184, 5456, 6575, 12224, 12188, 5234, 21933, 6739, 36000, 36000, 14415.27, 16.99, 17.15
10:27:06, 1024.00, 18.58, 2473, 3407, 6700, 5221, 10885, 4843, 12169, 7359, 36000, 36000, 14461.98, 16.92, 17.15
10:27:06, 1027.30, 18.52, 6280, 3434, 8342, 4515, 8695, 7552, 7432, 10156, 36000, 36000, 14450.29, 16.94, 17.09
10:27:07, 1030.70, 18.15, 3319, 3386, 5800, 5005, 5213, 4875, 5390, 6277, 30697, 21654, 14450.29, 16.94, 17.09
10:27:07, 1032.80, 17.78, 4098, 3165, 7355, 4551, 18351, 11488, 18085, 14569, 36000, 33246, 14473.68, 16.90, 13.67
10:27:08, 1031.80, 17.54, 2995, 2551, 5983, 3778, 9776, 5549, 9145, 7671, 36000, 36000, 14485.40, 16.89, 13.67
10:27:08, 1029.80, 17.40, 5645, 3366, 9121, 4430, 8842, 6192, 8012, 7763, 36000, 36000, 14485.40, 16.89, 13.67
10:27:08, 1030.10, 17.36, 6659, 4512, 12638, 6350, 24865, 25957, 25681, 32380, 36000, 36000, 14508.86, 16.85, 12.02
10:27:09, 1033.10, 17.35, 7362, 6422, 11073, 12938, 14533, 17902, 16973, 19594, 35182, 26011, 14520.61, 16.84, 12.02
10:27:09, 1029.50, 17.37, 9740, 14648, 16400, 18083, 16401, 21809, 22589, 26161, 36000, 22044, 14544.15, 16.80, 11.27
10:27:10, 1027.30, 17.39, 7777, 13081, 15419, 18528, 19450, 22304, 23174, 29288, 36000, 25422, 14532.37, 16.82, 11.27
10:27:10, 1029.30, 17.17, 6107, 8554, 9965, 15479, 17508, 17598, 19476, 21331, 32991, 17133, 14555.93, 16.78, 11.27
10:27:10, 1029.20, 16.90, 7137, 11822, 16102, 17748, 24717, 24658, 28081, 32281, 34117, 12627, 14591.34, 16.73, 10.98
10:27:11, 1028.90, 16.64, 9964, 19356, 27115, 25040, 29680, 29520, 31802, 36000, 36000, 16134, 14579.53, 16.75, 10.98
10:27:11, 1029.90, 16.44, 10991, 15662, 25950, 23103, 16563, 16379, 17893, 23673, 35450, 12325, 14532.37, 16.82, 10.87
10:27:12, 1032.10, 16.24, 10298, 15645, 20890, 20801, 21348, 27706, 25048, 30759, 20920, 6086, 14567.72, 16.77, 10.87
10:27:12, 1035.30, 16.07, 5326, 8736, 11715, 13247, 9528, 11329, 11691, 14631, 14736, 3384, 14603.17, 16.72, 10.84
10:27:13, 1033.80, 15.94, 1393, 1930, 2675, 2844, 2951, 2980, 3228, 3729, 11317, 2525, 14603.17, 16.72, 10.84
10:27:13, 1031.90, 15.83, 2342, 2597, 4336, 3503, 3514, 3618, 3821, 4707, 12391, 3224, 14626.87, 16.68, 10.84
10:27:13, 1029.00, 15.74, 5014, 9167, 9231, 12250, 17691, 18988, 17147, 25749, 18360, 5963, 14662.49, 16.63, 10.84
10:27:14, 1032.60, 15.66, 6793, 11258, 12332, 16383, 18460, 20532, 16974, 22588, 22845, 7519, 14638.73, 16.66, 10.84
10:27:14, 1037.00, 15.56, 6030, 7178, 10758, 11841, 15266, 18977, 11070, 20673, 20607, 4442, 14650.60, 16.65, 10.84
10:27:15, 1038.60, 15.44, 8463, 6314, 12372, 11946, 8617, 16449, 8445, 14972, 19772, 4012, 14650.60, 16.65, 10.84
10:27:15, 1038.20, 15.37, 4805, 3236, 5624, 7676, 7050, 16475, 13323, 13422, 23831, 3955, 14674.39, 16.61, 10.84
10:27:15, 1037.90, 15.32, 3012, 3192, 3943, 9174, 10058, 13675, 19210, 11079, 34979, 9705, 14674.39, 16.61, 10.84
10:27:16, 1037.80, 15.25, 1892, 2699, 3298, 6769, 9152, 11033, 22079, 8986, 36000, 11683, 14686.29, 16.59, 10.84
10:27:16, 1037.30, 15.19, 1816, 2722, 3371, 5997, 6789, 7071, 16732, 6959, 36000, 12125, 14686.29, 16.59, 10.86
10:27:17, 1037.30, 15.15, 1875, 3135, 3699, 7764, 5634, 5521, 10984, 6570, 35818, 9026, 14698.21, 16.58, 10.86
10:27:17, 1036.70, 15.11, 1537, 2433, 2954, 5517, 6702, 5371, 13820, 6553, 35767, 16670, 14710.14, 16.56, 10.86
10:27:18, 1037.30, 15.10, 1817, 3207, 3898, 7127, 4972, 3681, 11024, 4361, 36000, 13669, 14686.29, 16.59, 10.91
10:27:18, 1038.20, 15.08, 1314, 2358, 2816, 4951, 4234, 3573, 7258, 4500, 35993, 8775, 14710.14, 16.56, 10.91
10:27:18, 1038.30, 15.06, 1811, 3115, 3977, 6140, 4885, 3380, 10076, 4092, 36000, 13329, 14722.09, 16.54, 10.96
10:27:19, 1038.30, 15.06, 1413, 2248, 2898, 4232, 5947, 4519, 12244, 5554, 36000, 14199, 14734.04, 16.53, 10.96
10:27:19, 1037.50, 15.07, 1704, 2759, 3423, 6176, 7131, 5813, 14813, 7035, 36000, 16500, 14734.04, 16.53, 10.96
10:27:20, 1037.40, 15.07, 1811, 3033, 3629, 7673, 5728, 5738, 10671, 7187, 36000, 8890, 14734.04, 16.53, 10.96
10:27:20, 1037.80, 15.03, 1613, 2569, 3098, 5700, 6627, 6972, 15264, 7407, 36000, 10671, 14746.01, 16.51, 10.96
10:27:20, 1038.40, 15.00, 1811, 2840, 3486, 6264, 5688, 5455, 11249, 6195, 34692, 8475, 14746.01, 16.51, 10.96
10:27:21, 1038.90, 14.98, 1992, 3297, 3881, 8385, 4726, 5002, 8473, 5714, 33790, 5641, 14734.04, 16.53, 10.96
10:27:21, 1038.30, 14.96, 1745, 2801, 3295, 7349, 5083, 5843, 9745, 6015, 34852, 5526, 14746.01, 16.51, 10.96
10:27:22, 1038.00, 14.94, 1851, 2627, 3333, 5748, 8414, 9203, 16495, 8042, 36000, 12361, 14757.99, 16.49, 10.96
10:27:22, 1038.20, 14.92, 2153, 2982, 3594, 8014, 5421, 7911, 10959, 6601, 33346, 4694, 14757.99, 16.49, 10.96
10:27:23, 1039.10, 14.89, 2800, 3328, 4268, 7839, 5067, 8024, 9505, 6680, 23163, 3614, 14769.98, 16.47, 10.97
10:27:23, 1039.30, 14.88, 3578, 3686, 4363, 10730, 4303, 8067, 6350, 6641, 16325, 2611, 14757.99, 16.49, 10.97
10:27:23, 1038.70, 14.88, 4354, 3621, 4824, 9882, 7474, 20381, 15049, 15568, 28507, 4209, 14781.98, 16.46, 10.96
10:27:24, 1037.90, 14.88, 6557, 4278, 8300, 11646, 5110, 11405, 7699, 9545, 15737, 2639, 14793.99, 16.44, 10.96
10:27:24, 1037.50, 14.89, 5148, 3994, 7680, 9642, 7023, 15924, 7282, 12951, 15296, 3074, 14806.01, 16.42, 10.96
10:27:25, 1037.70, 14.90, 7168, 5571, 11716, 11120, 11012, 15172, 10719, 16669, 16496, 3219, 14793.99, 16.44, 10.89
10:27:25, 1038.80, 14.92, 7187, 8200, 13411, 14437, 13065, 14735, 9609, 17882, 13622, 2685, 14781.98, 16.46, 10.89
10:27:25, 1039.70, 14.92, 5379, 7193, 9836, 11737, 26273, 27964, 23832, 30410, 25051, 7062, 14793.99, 16.44, 10.88
10:27:26, 1039.40, 14.89, 5799, 9787, 11373, 13206, 16575, 17915, 20564, 27847, 13206, 2494, 14806.01, 16.42, 10.88
10:27:26, 1038.40, 14.87, 4642, 7185, 9584, 9298, 5355, 4358, 6561, 7114, 10767, 1877, 14818.05, 16.40, 10.85
10:27:27, 1037.70, 14.85, 1287, 1906, 2450, 2868, 3533, 3609, 3933, 4819, 16350, 2901, 14830.10, 16.39, 10.85
10:27:27, 1037.80, 14.81, 1306, 1908, 2495, 2853, 4321, 4209, 5206, 6255, 14017, 2521, 14830.10, 16.39, 10.85
10:27:28, 1038.50, 14.78, 1436, 2080, 2759, 3156, 3330, 3383, 3887, 4602, 10089, 1662, 14818.05, 16.40, 10.83
10:27:28, 1039.10, 14.76, 2795, 5621, 5687, 7759, 3040, 3080, 3501, 4112, 10985, 1852, 14854.23, 16.35, 10.83
10:27:28, 1038.90, 14.74, 1305, 1919, 2477, 2872, 10377, 10334, 12037, 13556, 12637, 2223, 14842.16, 16.37, 10.84
10:27:29, 1038.00, 14.75, 3216, 6269, 6621, 9138, 9952, 8614, 12154, 15922, 11553, 2135, 14854.23, 16.35, 10.84
10:27:29, 1037.90, 14.74, 3700, 7590, 7853, 9733, 12507, 12175, 14771, 18483, 15783, 2931, 14866.31, 16.34, 10.84
10:27:30, 1037.60, 14.72, 3616, 6441, 7144, 8980, 22507, 19906, 22008, 24075, 16246, 3273, 14866.31, 16.34, 10.85
10:27:30, 1038.10, 14.70, 2374, 3507, 4437, 5191, 9072, 9008, 8609, 11940, 11798, 2475, 14890.51, 16.30, 10.85
10:27:30, 1038.20, 14.69, 9307, 17165, 17972, 20767, 14426, 14251, 15625, 20583, 14376, 2955, 14878.40, 16.32, 10.87
10:27:31, 1037.90, 14.67, 5149, 8937, 9572, 12088, 14895, 16773, 11853, 20056, 12890, 2425, 14878.40, 16.32, 10.87
10:27:31, 1038.50, 14.65, 8718, 13213, 17163, 18563, 14834, 15305, 13226, 21598, 13124, 2582, 14926.90, 16.25, 10.87
10:27:32, 1038.20, 14.64, 9159, 9866, 15910, 14717, 15908, 16779, 15637, 22243, 12645, 2572, 14890.51, 16.30, 10.88
10:27:32, 1037.90, 14.64, 6586, 10382, 12815, 15327, 13272, 14130, 12140, 19301, 11492, 2357, 14902.63, 16.28, 10.88
10:27:33, 1037.40, 14.63, 5646, 6709, 9875, 10212, 19116, 21018, 17281, 26702, 13907, 2908, 14890.51, 16.30, 10.87
10:27:33, 1037.80, 14.62, 7990, 10445, 15046, 15191, 14364, 17077, 10883, 20476, 13901, 2777, 14914.76, 16.27, 10.87
10:27:33, 1036.80, 14.61, 6988, 10975, 12581, 15821, 15883, 18224, 11950, 22561, 12892, 2889, 14926.90, 16.25, 10.86
10:27:34, 1036.50, 14.61, 6272, 7539, 11049, 12024, 18689, 18682, 16304, 24643, 14423, 3145, 14939.05, 16.23, 10.86
10:27:34, 1036.50, 14.62, 4763, 6385, 9379, 9998, 21978, 22593, 16404, 28502, 12860, 2951, 14951.22, 16.22, 10.86
10:27:35, 1037.00, 14.62, 5532, 8387, 10634, 12288, 14654, 15883, 12153, 20583, 13316, 2923, 14926.90, 16.25, 10.85
10:27:35, 1037.70, 14.63, 6854, 9388, 13844, 14879, 19628, 21358, 15311, 27644, 14200, 2983, 14951.22, 16.22, 10.85
10:27:36, 1037.20, 14.63, 7561, 8198, 13324, 14063, 12796, 13428, 10659, 19396, 11332, 2331, 14939.05, 16.23, 10.84
10:27:36, 1036.90, 14.62, 7761, 6712, 12840, 11879, 21084, 23065, 16807, 27441, 14275, 3104, 14951.22, 16.22, 10.84
10:27:36, 1036.50, 14.60, 5333, 5191, 9733, 8983, 17308, 20915, 11939, 22971, 15229, 3449, 14975.59, 16.18, 10.84
10:27:37, 1036.60, 14.58, 7508, 9483, 13938, 15094, 11637, 14371, 8114, 16471, 13593, 2827, 14975.59, 16.18, 10.84
10:27:37, 1035.80, 14.58, 7295, 7686, 14305, 13470, 15950, 19170, 11979, 23078, 14433, 3026, 14951.22, 16.22, 10.84
10:27:38, 1037.10, 14.57, 7419, 8336, 13409, 13651, 13455, 16751, 10645, 21089, 13267, 2723, 14975.59, 16.18, 10.84
10:27:38, 1038.20, 14.55, 8381, 7076, 14640, 12944, 12938, 16641, 10557, 20744, 13720, 2747, 14963.40, 16.20, 10.84
10:27:38, 1038.40, 14.54, 6454, 7248, 12363, 13148, 19205, 21412, 13856, 24345, 15006, 2958, 14987.79, 16.16, 10.84
10:27:39, 1037.50, 14.53, 6022, 5126, 10701, 9284, 18170, 21747, 13516, 23567, 15246, 3120, 14975.59, 16.18, 10.84
10:27:39, 1036.50, 14.53, 6491, 5620, 11798, 10167, 21451, 23956, 15282, 27908, 16932, 3494, 14975.59, 16.18, 10.84
10:27:40, 1037.40, 14.52, 8078, 7685, 15566, 14103, 16088, 15634, 14735, 24212, 13346, 2866, 15012.23, 16.13, 10.84
10:27:40, 1041.30, 14.51, 5337, 6591, 9911, 11251, 13688, 15437, 10422, 19038, 12061, 2219, 14987.79, 16.16, 10.84
10:27:41, 1041.90, 14.46, 6903, 12117, 13899, 17215, 13931, 15287, 9921, 18649, 12252, 2103, 15024.46, 16.11, 10.88
10:27:41, 1042.40, 14.37, 7573, 7184, 13985, 12858, 16063, 16451, 13565, 24605, 12581, 2122, 15036.71, 16.09, 10.88
10:27:41, 1042.50, 14.35, 6287, 7711, 11435, 12878, 16254, 18042, 13672, 22881, 13714, 2184, 15048.97, 16.08, 10.88
10:27:42, 1042.90, 14.33, 9309, 12895, 16166, 18852, 11084, 12358, 8438, 15031, 10839, 1770, 15024.46, 16.11, 10.88
10:27:42, 1040.20, 14.33, 6596, 5227, 10877, 7943, 14449, 15747, 14368, 20862, 11977, 2137, 15048.97, 16.08, 10.88
10:27:43, 1039.90, 14.32, 7634, 6790, 13040, 9631, 15810, 16913, 14938, 22890, 10072, 1796, 15012.23, 16.13, 10.88
10:27:43, 1040.60, 14.30, 6718, 11110, 11843, 16582, 16665, 16939, 17944, 24184, 10070, 1813, 15024.46, 16.11, 10.88
10:27:43, 1041.80, 14.28, 7903, 14342, 15002, 20260, 21729, 22450, 23090, 27209, 12592, 2147, 15061.24, 16.06, 10.88
10:27:44, 1042.00, 14.26, 11376, 20399, 21891, 27679, 14645, 14211, 13672, 20635, 8423, 1373, 15073.53, 16.04, 10.88
10:27:44, 1041.50, 14.23, 4568, 9224, 9363, 12977, 22883, 23453, 22747, 29585, 12569, 2251, 15073.53, 16.04, 10.88
10:27:45, 1040.90, 14.20, 5518, 10892, 11827, 13629, 19070, 19241, 19028, 26003, 11716, 2048, 15061.24, 16.06, 10.86
10:27:45, 1040.50, 14.18, 1209, 1796, 2331, 2655, 8737, 8381, 10837, 13422, 11372, 1922, 15098.14, 16.01, 10.86
10:27:46, 1040.60, 14.16, 1640, 2634, 3254, 3863, 12192, 12805, 14084, 20279, 10502, 1850, 15073.53, 16.04, 10.86
10:27:46, 1040.20, 14.14, 4522, 7258, 8730, 11283, 11730, 12006, 10847, 17593, 10002, 1713, 15085.83, 16.03, 10.85
10:27:46, 1040.40, 14.12, 5366, 11496, 11429, 15976, 16912, 17400, 20822, 28051, 10601, 1895, 15122.79, 15.97, 10.85
10:27:47, 1040.90, 14.11, 6738, 13864, 14012, 17451, 6267, 5565, 7813, 10055, 7487, 1145, 15085.83, 16.03, 10.87
10:27:47, 1041.00, 14.10, 1239, 1840, 2365, 2814, 10800, 9992, 13435, 16605, 8294, 1348, 15085.83, 16.03, 10.87
10:27:48, 1040.70, 14.10, 1200, 1777, 2317, 2674, 4439, 4300, 5221, 6412, 8087, 1132, 15135.14, 15.96, 10.87
10:27:48, 1040.50, 14.11, 1273, 1909, 2488, 2894, 2633, 2642, 3015, 3371, 7712, 1059, 15122.79, 15.97, 10.87
10:27:48, 1041.60, 14.11, 1154, 1767, 2235, 2633, 2897, 2912, 3357, 3817, 8770, 1249, 15085.83, 16.03, 10.87
10:27:49, 1041.10, 14.10, 1162, 1753, 2246, 2678, 3019, 3036, 3442, 4000, 9797, 1477, 15110.45, 15.99, 10.87
10:27:49, 1039.90, 14.09, 1238, 1888, 2389, 2811, 2720, 2732, 3125, 3557, 8687, 1323, 15135.14, 15.96, 10.87
10:27:50, 1039.80, 14.09, 1210, 1781, 2308, 2661, 2720, 2721, 3089, 3510, 8087, 1256, 15135.14, 15.96, 10.86
10:27:50, 1040.70, 14.09, 1120, 1650, 2142, 2492, 2791, 2791, 3163, 3567, 6696, 949, 15135.14, 15.96, 10.86
10:27:51, 1041.70, 14.09, 1199, 1767, 2311, 2668, 2763, 2804, 3165, 3575, 6864, 947, 15135.14, 15.96, 10.86
10:27:51, 1050.30, 14.07, 1235, 1831, 2416, 2777, 2804, 2840, 3193, 3503, 6292, 700, 15147.49, 15.94, 10.87
10:27:51, 1063.00, 14.05, 1217, 1831, 2498, 2937, 3124, 3189, 3433, 3794, 5776, 462, 15172.24, 15.90, 10.87
10:27:52, 1069.40, 13.98, 1179, 1781, 2484, 2910, 2714, 2702, 2908, 3102, 5258, 382, 15159.86, 15.92, 10.87
10:27:52, 1074.00, 13.93, 1137, 1725, 2409, 2811, 2649, 2588, 2777, 2955, 4992, 346, 15159.86, 15.92, 10.87
10:27:53, 1083.10, 13.89, 1110, 1651, 2343, 2703, 3105, 3032, 3207, 3463, 5480, 355, 15197.05, 15.87, 10.87
10:27:53, 1095.10, 13.85, 1065, 1621, 2341, 2725, 3485, 3498, 3586, 3809, 5316, 325, 15159.86, 15.92, 10.86
10:27:53, 1104.90, 13.81, 1697, 2907, 4034, 5162, 3675, 3596, 3704, 3798, 5402, 317, 15197.05, 15.87, 10.86
10:27:54, 1115.60, 13.79, 1026, 1610, 2376, 2789, 3703, 3520, 3642, 3799, 4944, 287, 15197.05, 15.87, 10.85
10:27:54, 1127.60, 13.76, 7239, 16494, 19716, 24076, 17597, 16718, 18973, 22285, 7472, 571, 15184.64, 15.89, 10.85
10:27:55, 1135.00, 13.73, 2383, 4139, 5459, 7603, 6872, 6576, 6689, 7775, 5447, 336, 15197.05, 15.87, 10.86
10:27:55, 1143.60, 13.70, 1544, 2578, 3737, 4630, 15076, 13217, 14160, 16526, 6977, 477, 15221.89, 15.84, 10.86
10:27:56, 1155.40, 13.68, 3343, 5916, 8111, 11030, 6518, 6152, 6184, 6885, 5179, 311, 15209.46, 15.85, 10.86
10:27:56, 1167.50, 13.65, 2228, 4009, 5745, 7035, 8676, 7583, 8564, 9422, 5342, 334, 15221.89, 15.84, 10.86
10:27:56, 1175.20, 13.61, 2130, 4085, 5593, 7159, 12837, 11873, 12978, 14956, 5890, 409, 15234.33, 15.82, 10.86
10:27:57, 1185.20, 13.59, 1467, 2589, 3895, 4732, 5825, 5547, 5651, 6118, 4743, 279, 15221.89, 15.84, 10.86
10:27:57, 1197.80, 13.54, 1477, 2627, 3980, 5068, 5347, 4553, 4399, 4207, 4795, 265, 15234.33, 15.82, 10.86
10:27:58, 1207.80, 13.51, 1346, 2406, 3822, 5026, 3952, 3532, 3197, 2941, 4330, 234, 15271.74, 15.77, 10.86
10:27:58, 1215.50, 13.49, 963, 1652, 2730, 3414, 3779, 3362, 3021, 2650, 4394, 231, 15271.74, 15.77, 10.83
10:27:58, 1225.00, 13.48, 909, 1583, 2636, 3313, 3889, 3503, 3084, 2663, 4455, 235, 15246.79, 15.80, 10.83
10:27:59, 1236.20, 13.46, 988, 1765, 2966, 3811, 4576, 4187, 3589, 3139, 4546, 244, 15284.23, 15.75, 10.83
10:27:59, 1244.10, 13.44, 1456, 2603, 4428, 5955, 4896, 4547, 3743, 3353, 4656, 251, 15259.26, 15.78, 10.83
10:28:00, 1250.00, 13.43, 1869, 3527, 5916, 8099, 6026, 6087, 4918, 4807, 4838, 270, 15271.74, 15.77, 10.83
10:28:00, 1261.50, 13.44, 1654, 3043, 5191, 6831, 6181, 5935, 4653, 4264, 4922, 270, 15271.74, 15.77, 10.83
10:28:01, 1272.50, 13.43, 2394, 4745, 8176, 11421, 11382, 12549, 9262, 9424, 5726, 350, 15309.25, 15.71, 10.83
10:28:01, 1279.00, 13.41, 1638, 3282, 5554, 7580, 10908, 11840, 8932, 8941, 5634, 344, 15284.23, 15.75, 10.83
10:28:01, 1285.30, 13.41, 1631, 3207, 5563, 7664, 10265, 10714, 8123, 7905, 5479, 328, 15296.73, 15.73, 10.83
10:28:02, 1293.50, 13.40, 1821, 3665, 6367, 8963, 8799, 9103, 6729, 6352, 5126, 299, 15321.78, 15.70, 10.82
10:28:02, 1300.10, 13.39, 1592, 3132, 5522, 7585, 10485, 10828, 7863, 7565, 5461, 326, 15346.88, 15.66, 10.82
10:28:03, 1306.80, 13.39, 1108, 2175, 3862, 5235, 6036, 5553, 4232, 3600, 4690, 255, 15309.25, 15.71, 10.82
10:28:03, 1315.00, 13.39, 1434, 2853, 5011, 7166, 4894, 4261, 3357, 2679, 4369, 233, 15309.25, 15.71, 10.80
10:28:03, 1325.60, 13.38, 1803, 3668, 6568, 9460, 9544, 9666, 6682, 6179, 5298, 308, 15321.78, 15.70, 10.80
10:28:04, 1336.10, 13.36, 1702, 3560, 6406, 9138, 11382, 10888, 7399, 6805, 5651, 330, 15346.88, 15.66, 10.80
10:28:04, 1344.70, 13.35, 1823, 3908, 7013, 9954, 11180, 10537, 7458, 6601, 5489, 321, 15346.88, 15.66, 10.80
10:28:05, 1354.20, 13.34, 1621, 3481, 6266, 8819, 11447, 10883, 7623, 6688, 5786, 336, 15296.73, 15.73, 10.80
10:28:05, 1366.70, 13.33, 1166, 2454, 4505, 6291, 9771, 8954, 6158, 5200, 5375, 305, 15346.88, 15.66, 10.80
10:28:06, 1377.30, 13.31, 1216, 2547, 4745, 6699, 8314, 7304, 5235, 4090, 5090, 281, 15359.44, 15.65, 10.80
10:28:06, 1386.00, 13.30, 1604, 3389, 6274, 9039, 9977, 9132, 6383, 5140, 5723, 320, 15359.44, 15.65, 10.80
10:28:06, 1397.00, 13.30, 1316, 2802, 5226, 7508, 9672, 8850, 6027, 4768, 5666, 313, 15372.02, 15.63, 10.80
10:28:07, 1407.40, 13.29, 1485, 3253, 6091, 8939, 9774, 8797, 5991, 4692, 5351, 299, 15384.62, 15.61, 10.80
10:28:07, 1415.60, 13.28, 1327, 2855, 5437, 7896, 10965, 10075, 6669, 5332, 5387, 309, 15384.62, 15.61, 10.80
10:28:08, 1425.20, 13.28, 1075, 2270, 4413, 6356, 8223, 7208, 4868, 3623, 5189, 282, 15372.02, 15.63, 10.80
10:28:08, 1436.80, 13.27, 1197, 2555, 5046, 7204, 7549, 6359, 4190, 3030, 5522, 290, 15384.62, 15.61, 10.80
10:28:08, 1445.40, 13.26, 1284, 2737, 5530, 7734, 9287, 8208, 5131, 4103, 6251, 328, 15409.84, 15.58, 10.80
10:28:09, 1453.50, 13.25, 1181, 2589, 5363, 7114, 8779, 7324, 4733, 3630, 7330, 366, 15384.62, 15.61, 10.81
10:28:09, 1462.80, 13.25, 1199, 2637, 5528, 7348, 9243, 7851, 5012, 3939, 7495, 371, 15409.84, 15.58, 10.81
10:28:10, 1473.30, 13.25, 1020, 2238, 4713, 6380, 8478, 6961, 4490, 3382, 7404, 360, 15447.76, 15.52, 10.81
10:28:10, 1480.70, 13.24, 1260, 2812, 5983, 8004, 7912, 6482, 4119, 3024, 7035, 346, 15409.84, 15.58, 10.80
10:28:11, 1490.60, 13.24, 1172, 2574, 5665, 7584, 8783, 7127, 4441, 3327, 8082, 384, 15435.11, 15.54, 10.80
10:28:11, 1501.70, 13.23, 935, 2056, 4545, 6191, 7688, 5828, 3755, 2624, 8542, 391, 15422.46, 15.56, 10.80
10:28:11, 1509.50, 13.22, 963, 2137, 4744, 6393, 7201, 5488, 3467, 2371, 7703, 360, 15447.76, 15.52, 10.80
10:28:12, 1520.50, 13.21, 1023, 2276, 5138, 6845, 8642, 6807, 4083, 2967, 8173, 383, 15447.76, 15.52, 10.80
10:28:12, 1532.00, 13.21, 921, 2066, 4720, 6369, 7872, 5945, 3630, 2526, 8114, 374, 15447.76, 15.52, 10.79
10:28:13, 1541.70, 13.20, 853, 1926, 4370, 6045, 7484, 5535, 3400, 2273, 8106, 373, 15473.11, 15.49, 10.79
10:28:13, 1552.50, 13.19, 843, 1908, 4395, 5984, 7028, 5170, 3196, 2118, 8009, 364, 15460.43, 15.51, 10.81
10:28:13, 1564.60, 13.18, 785, 1804, 4136, 5802, 7320, 5213, 3202, 2072, 9029, 402, 15473.11, 15.49, 10.81
10:28:14, 1575.40, 13.17, 746, 1729, 4006, 5616, 6592, 4658, 2803, 1755, 8072, 370, 15473.11, 15.49, 10.81
10:28:14, 1583.20, 13.16, 744, 1726, 4034, 5668, 6657, 4684, 2816, 1778, 8216, 373, 15485.80, 15.47, 10.80
10:28:15, 1592.00, 13.16, 678, 1593, 3683, 5279, 7187, 4990, 2952, 1889, 10128, 448, 15498.50, 15.46, 10.80
10:28:15, 1602.20, 13.15, 656, 1554, 3602, 5180, 5862, 4031, 2334, 1407, 8732, 414, 15485.80, 15.47, 10.81
10:28:16, 1612.20, 13.14, 659, 1561, 3661, 5266, 6739, 4568, 2626, 1649, 10505, 493, 15473.11, 15.49, 10.81
10:28:16, 1622.30, 13.13, 650, 1526, 3583, 5175, 6070, 4119, 2337, 1412, 9655, 468, 15511.22, 15.44, 10.79
10:28:16, 1634.00, 13.12, 599, 1395, 3245, 4810, 5987, 4094, 2288, 1389, 9999, 493, 15511.22, 15.44, 10.79
10:28:17, 1647.10, 13.10, 539, 1236, 2883, 4369, 5575, 3748, 2037, 1216, 9635, 491, 15511.22, 15.44, 10.79
10:28:17, 1656.50, 13.09, 546, 1262, 2984, 4498, 5663, 3794, 2038, 1206, 9751, 497, 15536.70, 15.40, 10.77
10:28:18, 1664.70, 13.08, 522, 1209, 2847, 4321, 5173, 3516, 1837, 1062, 9718, 527, 15511.22, 15.44, 10.77
10:28:18, 1674.60, 13.08, 508, 1133, 2680, 4126, 4863, 3308, 1677, 968, 10036, 583, 15549.45, 15.39, 10.79
10:28:19, 1683.50, 13.07, 485, 1019, 2440, 3839, 4379, 3212, 1528, 897, 10196, 613, 15562.22, 15.37, 10.79
10:28:19, 1694.40, 13.06, 462, 971, 2343, 3675, 4409, 3263, 1501, 897, 10460, 639, 15562.22, 15.37, 10.79
10:28:19, 1703.30, 13.05, 427, 906, 2205, 3473, 3964, 2814, 1302, 747, 9049, 536, 15536.70, 15.40, 10.79
10:28:20, 1713.00, 13.04, 439, 938, 2286, 3609, 4221, 2969, 1355, 791, 9693, 593, 15549.45, 15.39, 10.79
10:28:20, 1725.60, 13.04, 407, 853, 2118, 3323, 3849, 2747, 1172, 703, 9689, 606, 15562.22, 15.37, 10.79
10:28:21, 1736.60, 13.03, 395, 795, 2032, 3144, 3732, 2658, 1080, 662, 9908, 632, 15575.00, 15.35, 10.79
10:28:21, 1744.20, 13.02, 400, 805, 2073, 3231, 3660, 2603, 1045, 639, 9701, 622, 15562.22, 15.37, 10.78
10:28:21, 1752.20, 13.02, 363, 736, 1901, 2956, 3628, 2621, 1029, 634, 9495, 604, 15549.45, 15.39, 10.78
10:28:22, 1761.90, 13.03, 374, 766, 1969, 3131, 3427, 2367, 998, 558, 7945, 472, 15549.45, 15.39, 10.78
10:28:22, 1771.50, 13.03, 364, 766, 1963, 3169, 3825, 2611, 1133, 624, 8291, 492, 15626.25, 15.28, 10.78
10:28:23, 1779.60, 13.03, 340, 726, 1879, 3024, 3537, 2389, 1029, 555, 7543, 436, 15613.42, 15.30, 10.78
10:28:23, 1789.90, 13.03, 335, 741, 1901, 3072, 3744, 2458, 1072, 575, 7646, 442, 15626.25, 15.28, 10.78
10:28:24, 1801.90, 13.03, 331, 735, 1910, 3082, 3676, 2381, 1016, 542, 7554, 437, 15600.60, 15.32, 10.78
10:28:24, 1811.10, 13.02, 326, 732, 1912, 3093, 3599, 2275, 980, 513, 6951, 391, 15600.60, 15.32, 10.78
10:28:24, 1819.70, 13.02, 310, 693, 1829, 2964, 3709, 2326, 1004, 523, 6850, 379, 15626.25, 15.28, 10.77
10:28:25, 1833.00, 13.01, 312, 712, 1896, 3065, 3729, 2331, 997, 519, 6600, 353, 15639.10, 15.26, 10.77
10:28:25, 1842.00, 13.00, 302, 695, 1854, 3016, 3751, 2308, 984, 509, 6479, 346, 15626.25, 15.28, 10.77
10:28:26, 1850.00, 12.99, 286, 666, 1793, 2908, 3488, 2102, 889, 451, 5978, 319, 15639.10, 15.26, 10.77
10:28:26, 1863.50, 12.98, 275, 629, 1708, 2797, 3566, 2161, 890, 457, 6561, 367, 15664.83, 15.23, 10.77
10:28:26, 1873.00, 12.97, 262, 582, 1594, 2632, 3036, 1898, 740, 382, 6174, 355, 15626.25, 15.28, 10.77
10:28:27, 1882.60, 12.95, 260, 563, 1549, 2576, 3013, 1923, 731, 383, 6328, 371, 15651.96, 15.25, 10.77
10:28:27, 1895.30, 12.95, 242, 509, 1428, 2378, 2726, 1761, 645, 340, 5882, 344, 15651.96, 15.25, 10.77
10:28:28, 1902.60, 12.94, 230, 491, 1383, 2304, 2755, 1743, 639, 333, 5841, 341, 15703.52, 15.18, 10.77
10:28:28, 1912.80, 12.94, 234, 502, 1419, 2370, 2778, 1736, 633, 329, 5879, 344, 15664.83, 15.23, 10.77
10:28:29, 1926.00, 12.94, 223, 478, 1364, 2277, 2702, 1677, 587, 313, 6045, 364, 15651.96, 15.25, 10.77
10:28:29, 1931.00, 12.93, 213, 448, 1294, 2149, 2565, 1599, 545, 293, 5959, 362, 15677.71, 15.21, 10.77
10:28:29, 1938.20, 12.92, 209, 429, 1259, 2068, 2444, 1524, 504, 276, 5977, 372, 15690.61, 15.20, 10.78
10:28:30, 1949.60, 12.92, 198, 406, 1199, 1961, 2341, 1434, 476, 256, 5742, 355, 15703.52, 15.18, 10.78
10:28:30, 1957.60, 12.92, 196, 404, 1199, 1986, 2390, 1473, 483, 260, 5666, 348, 15690.61, 15.20, 10.78
10:28:31, 1964.50, 12.92, 193, 400, 1186, 1975, 2385, 1459, 478, 256, 5531, 337, 15703.52, 15.18, 10.78
10:28:31, 1974.10, 12.91, 190, 396, 1175, 1967, 2332, 1419, 468, 248, 5288, 319, 15716.44, 15.16, 10.78
10:28:31, 1984.50, 12.91, 185, 388, 1159, 1957, 2337, 1409, 461, 243, 5220, 313, 15716.44, 15.16, 10.77
10:28:32, 1991.50, 12.91, 183, 388, 1163, 1969, 2364, 1409, 464, 241, 5103, 302, 15742.33, 15.13, 10.77
10:28:32, 1997.60, 12.91, 182, 386, 1159, 1973, 2404, 1425, 469, 243, 5091, 301, 15703.52, 15.18, 10.78
10:28:33, 2006.70, 12.91, 179, 384, 1155, 1976, 2368, 1387, 460, 235, 4865, 284, 15716.44, 15.16, 10.78
10:28:33, 2018.20, 12.91, 173, 373, 1127, 1937, 2367, 1385, 455, 232, 4771, 277, 15755.29, 15.11, 10.78
10:28:34, 2028.60, 12.90, 170, 370, 1124, 1943, 2330, 1338, 448, 222, 4424, 251, 15716.44, 15.16, 10.77
10:28:34, 2038.10, 12.89, 166, 364, 1111, 1930, 2354, 1353, 452, 223, 4363, 245, 15755.29, 15.11, 10.77
10:28:34, 2050.30, 12.88, 162, 358, 1100, 1914, 2354, 1317, 441, 216, 4193, 232, 15768.26, 15.09, 10.79
10:28:35, 2057.20, 12.87, 158, 347, 1073, 1874, 2288, 1285, 422, 207, 4193, 235, 15755.29, 15.11, 10.79
10:28:35, 2064.40, 12.87, 156, 336, 1046, 1829, 2200, 1243, 394, 199, 4326, 250, 15781.25, 15.07, 10.79
10:28:36, 2078.10, 12.87, 150, 321, 1006, 1760, 2103, 1180, 368, 186, 4188, 243, 15768.26, 15.09, 10.79
10:28:36, 2084.30, 12.86, 142, 302, 957, 1674, 1988, 1127, 344, 175, 4009, 233, 15781.25, 15.07, 10.79
10:28:37, 2090.90, 12.85, 140, 296, 939, 1646, 2021, 1129, 346, 175, 4080, 237, 15794.25, 15.06, 10.79
10:28:37, 2103.60, 12.85, 135, 285, 913, 1598, 1909, 1067, 318, 163, 3956, 232, 15768.26, 15.09, 10.79
10:28:37, 2112.20, 12.85, 131, 276, 889, 1565, 1892, 1054, 316, 159, 3770, 217, 15768.26, 15.09, 10.79
10:28:38, 2117.20, 12.85, 130, 282, 906, 1608, 1962, 1068, 329, 162, 3628, 204, 15781.25, 15.07, 10.79
10:28:38, 2126.50, 12.85, 132, 289, 933, 1662, 2045, 1099, 342, 167, 3586, 198, 15820.29, 15.02, 10.79
10:28:39, 2137.30, 12.85, 130, 285, 927, 1654, 2030, 1076, 337, 163, 3368, 182, 15807.26, 15.04, 10.78
10:28:39, 2143.90, 12.84, 125, 281, 919, 1636, 2037, 1058, 337, 161, 3097, 161, 15794.25, 15.06, 10.78
10:28:39, 2149.60, 12.84, 126, 285, 938, 1668, 2087, 1079, 346, 165, 3050, 156, 15807.26, 15.04, 10.79
10:28:40, 2157.90, 12.85, 124, 279, 925, 1648, 2031, 1051, 332, 158, 3029, 156, 15807.26, 15.04, 10.79
10:28:40, 2167.00, 12.84, 120, 268, 886, 1590, 1961, 1016, 313, 151, 3122, 166, 15846.39, 14.99, 10.79
10:28:41, 2174.40, 12.83, 117, 258, 860, 1548, 1900, 982, 298, 144, 3111, 167, 15833.33, 15.01, 10.79
10:28:41, 2180.60, 12.82, 116, 253, 844, 1523, 1861, 967, 288, 141, 3175, 174, 15859.46, 14.97, 10.79
10:28:42, 2191.10, 12.82, 113, 247, 827, 1495, 1837, 947, 279, 137, 3156, 174, 15846.39, 14.99, 10.80
10:28:42, 2201.10, 12.82, 109, 236, 798, 1450, 1747, 903, 264, 129, 2991, 165, 15833.33, 15.01, 10.80
10:28:42, 2207.70, 12.81, 105, 229, 779, 1414, 1734, 882, 260, 126, 2842, 153, 15846.39, 14.99, 10.80
10:28:43, 2216.40, 12.80, 104, 226, 772, 1403, 1759, 890, 261, 127, 2837, 152, 15833.33, 15.01, 10.80
10:28:43, 2227.60, 12.80, 103, 223, 765, 1397, 1710, 869, 250, 122, 2842, 155, 15872.53, 14.95, 10.80
10:28:44, 2231.70, 12.79, 100, 218, 752, 1374, 1694, 848, 245, 119, 2735, 147, 15859.46, 14.97, 10.80
10:28:44, 2239.70, 12.79, 98, 214, 740, 1352, 1670, 829, 240, 117, 2676, 144, 15859.46, 14.97, 10.80
10:28:44, 2252.30, 12.79, 96, 209, 729, 1335, 1654, 814, 229, 114, 2781, 153, 15846.39, 14.99, 10.79
10:28:45, 2257.50, 12.75, 93, 198, 696, 1280, 1598, 799, 225, 111, 2581, 139, 15898.73, 14.92, 10.79
10:28:45, 2264.60, 12.75, 93, 203, 713, 1311, 1604, 789, 226, 109, 2438, 128, 15898.73, 14.92, 10.79
10:28:46, 2275.50, 12.74, 90, 197, 697, 1286, 1625, 787, 225, 109, 2400, 125, 15924.99, 14.88, 10.78
10:28:46, 2280.80, 12.74, 91, 200, 714, 1316, 1669, 804, 232, 112, 2285, 116, 15898.73, 14.92, 10.78
10:28:47, 2287.30, 12.74, 90, 199, 716, 1318, 1619, 777, 226, 108, 2116, 106, 15898.73, 14.92, 10.78
10:28:47, 2295.80, 12.75, 86, 191, 689, 1270, 1588, 755, 217, 104, 2106, 106, 15938.13, 14.87, 10.78
10:28:47, 2304.50, 12.74, 85, 188, 681, 1259, 1591, 757, 215, 104, 2164, 109, 15911.86, 14.90, 10.78
10:28:48, 2313.50, 12.74, 84, 185, 673, 1248, 1542, 733, 206, 100, 2119, 108, 15951.29, 14.85, 10.78
10:28:48, 2319.80, 12.73, 82, 177, 647, 1205, 1511, 717, 200, 97, 2122, 109, 15964.47, 14.83, 10.78
10:28:49, 2324.30, 12.72, 81, 174, 634, 1186, 1486, 709, 194, 96, 2180, 114, 15911.86, 14.90, 10.79
10:28:49, 2329.40, 12.72, 79, 169, 619, 1160, 1437, 687, 185, 92, 2240, 120, 15938.13, 14.87, 10.79
10:28:49, 2338.40, 12.71, 78, 164, 602, 1131, 1389, 669, 176, 89, 2278, 125, 15951.29, 14.85, 10.79
10:28:50, 2345.00, 12.71, 74, 154, 567, 1069, 1309, 628, 162, 83, 2261, 125, 15964.47, 14.83, 10.79
10:28:50, 2352.20, 12.71, 73, 150, 553, 1043, 1290, 622, 157, 81, 2331, 132, 15977.66, 14.81, 10.79
10:28:51, 2359.30, 12.71, 73, 147, 548, 1035, 1272, 613, 152, 80, 2346, 134, 15951.29, 14.85, 10.79
10:28:51, 2367.10, 12.71, 70, 141, 529, 997, 1217, 586, 144, 76, 2314, 133, 15977.66, 14.81, 10.79
10:28:52, 2375.20, 12.71, 68, 136, 514, 968, 1191, 570, 138, 74, 2322, 135, 15977.66, 14.81, 10.80
10:28:52, 2383.20, 12.71, 66, 131, 496, 932, 1146, 546, 132, 70, 2287, 134, 15964.47, 14.83, 10.80
10:28:52, 2390.00, 12.70, 65, 128, 486, 915, 1139, 542, 130, 70, 2233, 130, 15964.47, 14.83, 10.80
10:28:53, 2400.50, 12.70, 64, 127, 486, 921, 1144, 542, 130, 69, 2141, 123, 15977.66, 14.81, 10.79
10:28:53, 2408.90, 12.70, 64, 128, 488, 933, 1164, 548, 132, 70, 2094, 118, 16017.29, 14.76, 10.79
10:28:54, 2416.70, 12.69, 64, 128, 493, 947, 1181, 552, 134, 71, 2039, 114, 16004.07, 14.78, 10.80
10:28:54, 2424.20, 12.69, 62, 126, 486, 936, 1165, 539, 132, 69, 1932, 106, 15990.86, 14.80, 10.80
10:28:54, 2430.40, 12.70, 62, 125, 484, 934, 1158, 535, 131, 68, 1921, 106, 16004.07, 14.78, 10.80
10:28:55, 2438.80, 12.70, 61, 122, 475, 918, 1132, 523, 126, 66, 1934, 107, 16004.07, 14.78, 10.79
10:28:55, 2446.00, 12.71, 60, 119, 464, 900, 1118, 512, 123, 65, 1888, 105, 16057.06, 14.71, 10.79
10:28:56, 2453.00, 12.71, 58, 117, 457, 888, 1102, 504, 121, 64, 1832, 101, 16030.53, 14.75, 10.78
10:28:56, 2460.10, 12.70, 57, 114, 447, 871, 1078, 493, 117, 62, 1808, 100, 16004.07, 14.78, 10.78
10:28:57, 2464.20, 12.69, 57, 113, 447, 870, 1082, 494, 117, 62, 1847, 103, 16043.79, 14.73, 10.79
10:28:57, 2470.70, 12.69, 56, 110, 434, 845, 1047, 479, 112, 60, 1812, 101, 16030.53, 14.75, 10.79
10:28:57, 2479.00, 12.70, 54, 106, 423, 825, 1019, 465, 108, 58, 1773, 99, 16043.79, 14.73, 10.79
10:28:58, 2485.30, 12.69, 53, 104, 414, 809, 1001, 455, 105, 57, 1764, 99, 16030.53, 14.75, 10.79
10:28:58, 2491.70, 12.69, 52, 102, 409, 801, 994, 450, 103, 56, 1764, 99, 16030.53, 14.75, 10.79
10:28:59, 2501.80, 12.69, 52, 100, 403, 790, 979, 442, 100, 55, 1750, 99, 16043.79, 14.73, 10.80
10:28:59, 2507.40, 12.68, 50, 96, 390, 764, 948, 427, 96, 53, 1726, 98, 16083.63, 14.68, 10.80
10:28:59, 2513.10, 12.67, 49, 94, 383, 751, 934, 419, 94, 52, 1705, 97, 16030.53, 14.75, 10.80
10:29:00, 2520.20, 12.68, 49, 93, 379, 745, 927, 414, 93, 51, 1683, 96, 16096.94, 14.66, 10.79
10:29:00, 2525.70, 12.68, 48, 90, 370, 727, 901, 402, 90, 50, 1661, 95, 16070.33, 14.69, 10.79
10:29:01, 2533.10, 12.68, 47, 88, 362, 712, 885, 393, 87, 49, 1651, 95, 16083.63, 14.68, 10.79
10:29:01, 2540.50, 12.68, 46, 87, 357, 705, 882, 391, 87, 48, 1617, 92, 16110.26, 14.64, 10.79
10:29:02, 2545.50, 12.67, 46, 87, 359, 710, 888, 393, 87, 48, 1595, 91, 16057.06, 14.71, 10.79
10:29:02, 2555.60, 12.66, 45, 86, 354, 704, 878, 386, 86, 47, 1541, 87, 16110.26, 14.64, 10.79
10:29:02, 2561.60, 12.66, 44, 83, 347, 691, 865, 379, 83, 47, 1531, 86, 16123.60, 14.62, 10.79
10:29:03, 2565.90, 12.65, 44, 83, 346, 688, 855, 375, 82, 46, 1520, 86, 16083.63, 14.68, 10.79
10:29:03, 2574.90, 12.65, 43, 81, 339, 677, 841, 367, 80, 45, 1487, 84, 16110.26, 14.64, 10.79
10:29:04, 2580.40, 12.64, 42, 79, 333, 665, 829, 360, 79, 44, 1468, 83, 16123.60, 14.62, 10.80
10:29:04, 2585.90, 12.63, 42, 78, 328, 656, 819, 355, 77, 43, 1483, 85, 16123.60, 14.62, 10.80
10:29:04, 2595.10, 12.63, 41, 76, 320, 641, 801, 346, 74, 42, 1468, 84, 16150.31, 14.59, 10.80
10:29:05, 2600.00, 12.63, 40, 74, 313, 627, 787, 338, 73, 41, 1447, 83, 16136.94, 14.61, 10.80
10:29:05, 2605.60, 12.62, 39, 72, 309, 618, 776, 333, 71, 41, 1439, 83, 16123.60, 14.62, 10.80
10:29:06, 2614.00, 12.63, 39, 71, 305, 611, 765, 327, 70, 40, 1409, 81, 16136.94, 14.61, 10.80
10:29:06, 2618.90, 12.62, 38, 70, 300, 602, 757, 323, 69, 39, 1394, 80, 16163.68, 14.57, 10.80
10:29:07, 2625.80, 12.62, 37, 68, 295, 593, 746, 317, 67, 39, 1377, 79, 16123.60, 14.62, 10.80
10:29:07, 2634.10, 12.63, 37, 67, 290, 583, 730, 308, 65, 38, 1360, 78, 16177.07, 14.55, 10.80
10:29:07, 2638.20, 12.62, 36, 65, 284, 572, 722, 304, 64, 37, 1359, 79, 16150.31, 14.59, 10.80
10:29:08, 2640.00, 12.62, 36, 64, 280, 563, 712, 299, 63, 36, 1355, 79, 16150.31, 14.59, 10.79
10:29:08, 2640.50, 12.62, 35, 63, 276, 554, 702, 294, 63, 36, 1354, 79, 16163.68, 14.57, 10.79
10:29:09, 2640.40, 12.62, 35, 63, 274, 549, 698, 291, 62, 36, 1356, 79, 16163.68, 14.57, 10.80
10:29:09, 2639.00, 12.63, 35, 63, 274, 550, 699, 292, 62, 36, 1364, 80, 16177.07, 14.55, 10.80
10:29:10, 2635.40, 12.64, 35, 63, 276, 553, 704, 294, 63, 36, 1372, 80, 16163.68, 14.57, 10.80
10:29:10, 2630.20, 12.65, 36, 64, 280, 560, 715, 302, 64, 37, 1364, 79, 16177.07, 14.55, 10.80
10:29:10, 2623.40, 12.65, 37, 66, 288, 578, 740, 314, 67, 38, 1356, 78, 16177.07, 14.55, 10.80
10:29:11, 2617.30, 12.64, 38, 70, 300, 605, 770, 329, 70, 40, 1353, 77, 16177.07, 14.55, 10.80
10:29:11, 2608.60, 12.63, 39, 72, 309, 625, 800, 344, 74, 42, 1355, 76, 16217.32, 14.50, 10.80
10:29:12, 2602.30, 12.63, 40, 76, 324, 656, 834, 357, 79, 44, 1329, 72, 16217.32, 14.50, 10.80
10:29:12, 2593.40, 12.62, 42, 80, 339, 684, 873, 373, 84, 46, 1318, 70, 16203.89, 14.52, 10.80
10:29:12, 2587.00, 12.60, 43, 84, 355, 714, 907, 385, 88, 48, 1286, 67, 16203.89, 14.52, 10.80
10:29:13, 2579.20, 12.60, 44, 85, 359, 722, 922, 392, 91, 49, 1266, 65, 16230.77, 14.48, 10.80
10:29:13, 2572.00, 12.59, 44, 88, 369, 739, 946, 402, 95, 50, 1257, 64, 16203.89, 14.52, 10.80
10:29:14, 2565.40, 12.58, 46, 91, 382, 763, 976, 414, 99, 52, 1236, 62, 16244.23, 14.47, 10.80
10:29:14, 2556.70, 12.58, 47, 95, 396, 787, 1008, 427, 103, 54, 1240, 62, 16244.23, 14.47, 10.80
10:29:15, 2550.70, 12.58, 48, 97, 406, 805, 1014, 429, 105, 54, 1194, 59, 16217.32, 14.50, 10.80
10:29:15, 2543.70, 12.57, 48, 97, 405, 801, 1015, 430, 107, 55, 1146, 57, 16244.23, 14.47, 10.80
10:29:15, 2536.70, 12.57, 49, 100, 416, 819, 1045, 443, 110, 56, 1152, 57, 16257.70, 14.45, 10.80
10:29:16, 2529.90, 12.56, 50, 102, 424, 833, 1058, 452, 114, 58, 1124, 55, 16257.70, 14.45, 10.77
10:29:16, 2520.10, 12.57, 50, 104, 428, 841, 1067, 457, 116, 58, 1101, 54, 16230.77, 14.48, 10.77
10:29:17, 2513.10, 12.56, 52, 107, 441, 862, 1097, 470, 119, 60, 1137, 56, 16284.69, 14.42, 10.77
10:29:17, 2506.40, 12.56, 52, 109, 446, 870, 1107, 477, 121, 61, 1148, 56, 16271.19, 14.43, 10.78
10:29:18, 2497.80, 12.56, 54, 111, 455, 885, 1128, 488, 124, 63, 1193, 59, 16230.77, 14.48, 10.78
10:29:18, 2492.20, 12.55, 54, 113, 459, 893, 1128, 488, 125, 63, 1176, 58, 16257.70, 14.45, 10.79
10:29:18, 2481.70, 12.55, 56, 117, 476, 922, 1174, 510, 132, 66, 1161, 57, 16257.70, 14.45, 10.79
10:29:19, 2474.60, 12.54, 57, 120, 483, 934, 1167, 510, 133, 66, 1100, 54, 16257.70, 14.45, 10.79
10:29:19, 2465.00, 12.54, 56, 118, 473, 916, 1154, 505, 133, 66, 1067, 52, 16230.77, 14.48, 10.79
10:29:20, 2456.70, 12.53, 57, 121, 480, 925, 1174, 516, 136, 67, 1067, 52, 16284.69, 14.42, 10.79
10:29:20, 2450.10, 12.53, 58, 123, 487, 938, 1177, 520, 138, 68, 1071, 52, 16298.20, 14.40, 10.80
10:29:20, 2439.20, 12.52, 60, 127, 502, 962, 1225, 542, 144, 71, 1125, 55, 16298.20, 14.40, 10.80
10:29:21, 2432.60, 12.52, 61, 131, 515, 988, 1240, 549, 146, 72, 1120, 55, 16298.20, 14.40, 10.80
10:29:21, 2422.90, 12.51, 61, 131, 514, 985, 1238, 550, 147, 72, 1099, 54, 16311.73, 14.38, 10.80
10:29:22, 2413.40, 12.51, 63, 135, 523, 999, 1265, 564, 152, 75, 1138, 56, 16311.73, 14.38, 10.80
10:29:22, 2405.10, 12.51, 65, 139, 539, 1026, 1289, 579, 157, 77, 1159, 57, 16325.27, 14.36, 10.79
10:29:23, 2394.20, 12.50, 66, 143, 549, 1042, 1298, 584, 159, 78, 1146, 56, 16284.69, 14.42, 10.79
10:29:23, 2387.10, 12.50, 65, 140, 534, 1011, 1249, 560, 153, 75, 1098, 54, 16284.69, 14.42, 10.80
