Secchi Depth (cm) = 0800
Forel Ule Scale = 11
pH Colour Scale = 99
SmartSecchi S/N = A0000001
Latitude (degs N) = 56.53055
Longitude (degs E) = -5.39686
Date = 2023-05-25
Time (UTC), Pressure (mbar) MS5803, Temp (deg C) MS5803, 415nm, 445nm, 480nm, 515nm, 555nm, 590nm, 630nm, 680nm, Clear, NIR, Resistance 10KTHERM, Temp (deg C) 10KTHERM, Temp (deg C) TMP117
10:52:24, 1021.40, 14.03, 172, 208, 292, 323, 341, 326, 332, 338, 2459, 1195, 16543.85, 14.09, 17.06
10:52:24, 1021.70, 14.05, 185, 224, 312, 344, 354, 340, 345, 354, 2662, 1317, 16557.63, 14.07, 17.09
10:52:24, 1021.80, 14.06, 176, 213, 300, 327, 328, 309, 317, 322, 2354, 1133, 16530.08, 14.10, 17.09
10:52:25, 1022.00, 14.07, 143, 176, 249, 270, 278, 257, 263, 266, 1967, 915, 16571.43, 14.05, 17.14
10:52:25, 1022.00, 14.08, 135, 166, 236, 257, 264, 243, 249, 252, 1819, 832, 16571.43, 14.05, 17.14
10:52:26, 1021.80, 14.08, 131, 160, 229, 249, 288, 270, 275, 280, 1997, 931, 16557.63, 14.07, 17.15
10:52:26, 1021.80, 14.09, 215, 272, 367, 392, 444, 417, 442, 452, 3818, 1895, 16557.63, 14.07, 17.15
10:52:27, 1021.40, 14.08, 340, 468, 587, 659, 716, 729, 838, 1094, 5952, 3323, 16516.33, 14.12, 17.15
10:52:27, 1021.30, 14.08, 386, 544, 678, 772, 792, 820, 933, 1210, 6109, 3232, 16557.63, 14.07, 17.05
10:52:27, 1021.60, 14.08, 467, 668, 808, 911, 955, 939, 1002, 1088, 6700, 2881, 16543.85, 14.09, 17.05
10:52:28, 1021.70, 14.08, 488, 698, 859, 956, 907, 870, 953, 987, 6251, 2604, 16557.63, 14.07, 16.98
10:52:28, 1026.30, 14.03, 455, 625, 795, 901, 896, 881, 972, 1022, 5827, 2716, 16516.33, 14.12, 16.98
10:52:29, 1023.00, 14.17, 1044, 1405, 1811, 2062, 1962, 2023, 2281, 2500, 8947, 3549, 16530.08, 14.10, 16.98
10:52:29, 1022.10, 14.14, 963, 1325, 1621, 1784, 1789, 1804, 2167, 2192, 7053, 2217, 16543.85, 14.09, 16.92
10:52:29, 1022.20, 14.17, 941, 1303, 1593, 1856, 2369, 2623, 3036, 3430, 8767, 3143, 16557.63, 14.07, 16.92
10:52:30, 1022.30, 14.14, 5558, 8805, 12538, 13651, 18201, 19240, 21042, 27733, 36000, 20679, 16543.85, 14.09, 16.83
10:52:30, 1022.80, 14.15, 5399, 7508, 10101, 12223, 6098, 8487, 6571, 9544, 36000, 29608, 16543.85, 14.09, 16.83
10:52:31, 1023.00, 14.19, 2910, 3153, 5370, 4479, 6599, 4713, 8332, 6856, 36000, 36000, 16571.43, 14.05, 16.83
10:52:31, 1023.00, 14.19, 2456, 4216, 6002, 7284, 8205, 6784, 12746, 9061, 36000, 35244, 16557.63, 14.07, 16.72
10:52:32, 1023.10, 14.19, 3944, 5932, 7235, 11051, 10352, 12677, 15801, 15077, 36000, 22494, 16543.85, 14.09, 16.72
10:52:32, 1023.20, 14.19, 5450, 5943, 8462, 10187, 13611, 16199, 18163, 21549, 36000, 17725, 16571.43, 14.05, 16.65
10:52:32, 1023.40, 14.20, 4981, 4827, 7332, 8049, 9199, 12606, 11630, 15135, 27714, 8716, 16543.85, 14.09, 16.65
10:52:33, 1023.30, 14.20, 2833, 3908, 4705, 7448, 7169, 9016, 11218, 10138, 36000, 13358, 16543.85, 14.09, 16.57
10:52:33, 1023.30, 14.19, 2482, 3924, 5825, 6366, 7395, 5402, 9155, 7988, 36000, 36000, 16557.63, 14.07, 16.57
10:52:34, 1022.10, 14.13, 5479, 6001, 8999, 9931, 10920, 13598, 14838, 17284, 35998, 18533, 16571.43, 14.05, 16.57
10:52:34, 1023.50, 14.19, 5728, 8343, 11061, 13000, 10735, 12801, 15228, 16132, 36000, 17666, 16571.43, 14.05, 16.47
10:52:34, 1022.40, 14.15, 2915, 3935, 6150, 5914, 9817, 10459, 10217, 13529, 36000, 36000, 16557.63, 14.07, 16.47
10:52:35, 1022.60, 14.19, 3315, 5750, 7240, 9941, 9043, 9617, 10830, 13471, 11391, 4074, 16571.43, 14.05, 16.36
10:52:35, 1026.10, 14.18, 1714, 2946, 3860, 5305, 5933, 4500, 7042, 6418, 36000, 36000, 16557.63, 14.07, 16.36
10:52:36, 1028.10, 14.03, 5201, 4209, 7848, 7515, 4497, 8262, 4702, 7800, 34692, 19371, 16557.63, 14.07, 16.36
10:52:36, 1033.70, 13.89, 5399, 5459, 7812, 10615, 11609, 10077, 12085, 14769, 36000, 12442, 16571.43, 14.05, 13.58
10:52:37, 1036.20, 13.77, 2910, 2450, 3235, 6019, 3899, 9181, 6539, 7218, 34136, 5434, 16557.63, 14.07, 13.58
10:52:37, 1038.30, 13.66, 5144, 4507, 7839, 10152, 4280, 9415, 5222, 7882, 35873, 10043, 16571.43, 14.05, 12.13
10:52:37, 1039.90, 13.59, 4236, 2503, 5259, 5282, 4960, 9058, 4109, 9143, 36000, 15515, 16571.43, 14.05, 12.13
10:52:38, 1041.30, 13.51, 3601, 2309, 5796, 4122, 4506, 7645, 3454, 6506, 36000, 15362, 16585.24, 14.03, 12.13
10:52:38, 1041.20, 13.47, 3728, 2316, 5750, 3505, 4324, 6689, 3459, 5822, 36000, 15354, 16626.76, 13.98, 11.65
10:52:39, 1040.30, 13.44, 3396, 2085, 5224, 3033, 5770, 6622, 3901, 6580, 36000, 20905, 16585.24, 14.03, 11.65
10:52:39, 1039.50, 13.41, 3554, 2091, 5412, 3051, 5255, 5794, 3591, 5842, 36000, 20266, 16543.85, 14.09, 11.48
10:52:39, 1037.80, 13.39, 3460, 2090, 5708, 2972, 4704, 4897, 3374, 5046, 36000, 19560, 16626.76, 13.98, 11.48
10:52:40, 1037.40, 13.37, 2901, 1935, 4749, 2640, 5474, 4300, 4090, 5247, 36000, 24553, 16585.24, 14.03, 11.40
10:52:40, 1039.30, 13.34, 2918, 1935, 4463, 2645, 4900, 3309, 4741, 4241, 36000, 21270, 16599.06, 14.02, 11.40
10:52:41, 1038.70, 13.30, 2114, 1937, 4678, 2637, 4785, 2629, 5510, 3589, 36000, 21850, 16626.76, 13.98, 11.40
10:52:41, 1038.00, 13.28, 1659, 1943, 4098, 2867, 6973, 2744, 7933, 4094, 36000, 22203, 16571.43, 14.05, 11.36
10:52:42, 1039.50, 13.26, 1578, 2056, 4110, 3168, 7971, 2948, 9816, 4434, 36000, 23530, 16640.63, 13.96, 11.36
10:52:42, 1041.20, 13.24, 1767, 2385, 4776, 3676, 8445, 3202, 9832, 4901, 36000, 22640, 16612.90, 14.00, 11.35
10:52:42, 1040.90, 13.22, 2098, 2461, 5506, 3744, 8530, 3242, 9619, 4922, 36000, 22551, 16640.63, 13.96, 11.35
10:52:43, 1039.80, 13.20, 2042, 2281, 5287, 3395, 8171, 3372, 10094, 5102, 36000, 26648, 16626.76, 13.98, 11.35
10:52:43, 1039.10, 13.20, 2236, 2324, 5635, 3398, 6967, 3143, 8347, 4480, 36000, 29653, 16640.63, 13.96, 11.34
10:52:44, 1039.70, 13.18, 1955, 2104, 4907, 3054, 8393, 3405, 10786, 5210, 36000, 27916, 16640.63, 13.96, 11.34
10:52:44, 1040.70, 13.15, 1698, 2013, 4180, 3016, 8149, 3055, 9394, 4577, 36000, 25992, 16654.51, 13.95, 11.34
10:52:44, 1041.50, 13.14, 1558, 2212, 4214, 3516, 9615, 3206, 12307, 4928, 36000, 28202, 16668.40, 13.93, 11.34
10:52:45, 1042.90, 13.12, 1936, 3742, 6724, 7291, 8662, 3317, 12080, 4852, 36000, 22911, 16626.76, 13.98, 11.34
10:52:45, 1041.80, 13.12, 1534, 3081, 5681, 6017, 9923, 3932, 14083, 6075, 36000, 23629, 16640.63, 13.96, 11.32
10:52:46, 1039.90, 13.12, 1295, 2310, 3984, 4943, 8995, 3379, 13034, 4994, 36000, 24743, 16640.63, 13.96, 11.32
10:52:46, 1039.40, 13.12, 1349, 2485, 4586, 5356, 7925, 3185, 12710, 4449, 36000, 28693, 16654.51, 13.95, 11.34
10:52:47, 1041.30, 13.10, 1389, 2702, 5042, 6503, 9091, 3548, 11781, 5077, 36000, 21922, 16668.40, 13.93, 11.34
10:52:47, 1042.40, 13.08, 1242, 2302, 3758, 5206, 9627, 3735, 12771, 5273, 36000, 21821, 16640.63, 13.96, 11.34
10:52:47, 1042.70, 13.06, 1276, 2574, 3620, 5576, 9722, 3673, 13251, 4835, 36000, 21155, 16668.40, 13.93, 11.34
10:52:48, 1041.50, 13.05, 1451, 3715, 4938, 7785, 10155, 4185, 13687, 5563, 36000, 21479, 16640.63, 13.96, 11.34
10:52:48, 1041.00, 13.05, 1282, 2843, 3687, 7236, 10197, 4059, 14661, 5453, 36000, 25026, 16654.51, 13.95, 11.35
10:52:49, 1040.60, 13.05, 1348, 3309, 4392, 8486, 8213, 3576, 15013, 4461, 36000, 22874, 16654.51, 13.95, 11.35
10:52:49, 1040.30, 13.05, 1529, 4255, 5707, 9757, 10017, 4809, 15675, 5633, 36000, 25259, 16682.31, 13.91, 11.34
10:52:49, 1041.10, 13.04, 1464, 3763, 5051, 9825, 11863, 6900, 17650, 7358, 36000, 26079, 16640.63, 13.96, 11.34
10:52:50, 1042.10, 13.03, 1444, 3948, 4532, 9336, 11305, 5801, 15372, 5983, 36000, 22395, 16696.24, 13.89, 11.34
10:52:50, 1042.00, 13.03, 1608, 4814, 4900, 11547, 12085, 6417, 17639, 6452, 36000, 23803, 16626.76, 13.98, 11.34
10:52:51, 1040.80, 13.03, 1577, 4465, 4498, 11923, 14387, 9260, 20638, 9148, 36000, 24156, 16654.51, 13.95, 11.34
10:52:51, 1040.60, 13.03, 1630, 4621, 4632, 13202, 11685, 8920, 20441, 7094, 36000, 18530, 16668.40, 13.93, 11.35
10:52:52, 1041.20, 13.03, 1732, 4791, 4339, 12984, 13191, 12255, 23397, 8793, 36000, 21677, 16654.51, 13.95, 11.35
10:52:52, 1042.00, 13.02, 2172, 6294, 5241, 15135, 12663, 14784, 19804, 9499, 36000, 21195, 16682.31, 13.91, 11.35
10:52:52, 1041.80, 13.01, 2745, 6695, 5884, 17304, 12926, 13893, 19936, 10988, 36000, 18856, 16682.31, 13.91, 11.33
10:52:53, 1040.90, 13.01, 2336, 4428, 4393, 9868, 8582, 9908, 13467, 8130, 36000, 11769, 16668.40, 13.93, 11.33
10:52:53, 1040.90, 13.01, 1163, 1859, 2152, 3585, 2717, 2811, 3708, 3035, 18076, 3253, 16640.63, 13.96, 11.32
10:52:54, 1041.70, 13.01, 1038, 1608, 2001, 2754, 2873, 2977, 3945, 3329, 18042, 3004, 16682.31, 13.91, 11.32
10:52:54, 1041.20, 13.00, 1033, 1584, 1923, 2700, 2858, 3094, 3795, 3603, 17093, 2760, 16724.14, 13.86, 11.31
10:52:54, 1041.30, 13.00, 1087, 1598, 1970, 2722, 2824, 3157, 3689, 3728, 16706, 2579, 16696.24, 13.89, 11.31
10:52:55, 1042.20, 13.00, 1792, 2395, 3193, 3923, 3320, 3700, 4341, 4613, 18316, 2403, 16682.31, 13.91, 11.31
10:52:55, 1041.80, 12.99, 3310, 5036, 6115, 7969, 7852, 8156, 10521, 12254, 32780, 3450, 16710.18, 13.88, 11.32
10:52:56, 1040.40, 12.99, 1171, 1784, 2281, 2792, 2959, 3249, 3850, 4293, 15014, 1913, 16668.40, 13.93, 11.32
10:52:56, 1040.10, 12.99, 1194, 1821, 2337, 2825, 2890, 3139, 3534, 4170, 12654, 1648, 16696.24, 13.89, 11.33
10:52:57, 1041.10, 13.00, 1170, 1864, 2333, 2751, 2994, 3099, 3516, 4125, 11052, 1426, 16710.18, 13.88, 11.33
10:52:57, 1042.10, 12.99, 1153, 1735, 2244, 2644, 3036, 2995, 3481, 4048, 9902, 1276, 16682.31, 13.91, 11.33
10:52:57, 1042.50, 12.99, 1204, 1866, 2351, 2804, 3062, 3071, 3563, 4119, 8657, 1104, 16710.18, 13.88, 11.32
10:52:58, 1042.10, 12.98, 1188, 1840, 2340, 2829, 2977, 3006, 3536, 4098, 7612, 966, 16710.18, 13.88, 11.32
10:52:58, 1040.10, 12.98, 1182, 1809, 2297, 2785, 2790, 2975, 3310, 3963, 6811, 870, 16710.18, 13.88, 11.33
10:52:59, 1039.00, 12.98, 991, 1435, 1860, 2146, 2117, 2178, 2432, 2691, 6351, 831, 16724.14, 13.86, 11.33
10:52:59, 1040.00, 12.98, 874, 1240, 1618, 1799, 1930, 1994, 2174, 2412, 5699, 723, 16724.14, 13.86, 11.33
10:52:00, 1041.30, 12.98, 963, 1430, 1841, 2111, 2258, 2438, 2604, 3027, 5548, 661, 16710.18, 13.88, 11.33
10:53:00, 1042.20, 12.97, 964, 1415, 1831, 2099, 2350, 2531, 2749, 3164, 5435, 602, 16710.18, 13.88, 11.33
10:53:00, 1041.20, 12.95, 955, 1407, 1832, 2045, 2290, 2376, 2665, 3030, 5142, 593, 16724.14, 13.86, 11.34
10:53:01, 1040.80, 12.95, 983, 1478, 1933, 2169, 2206, 2283, 2560, 2902, 5082, 591, 16696.24, 13.89, 11.34
10:53:01, 1041.50, 12.94, 969, 1447, 1903, 2118, 2229, 2276, 2598, 2919, 5287, 602, 16738.11, 13.84, 11.35
10:53:02, 1041.70, 12.94, 968, 1464, 1903, 2164, 2219, 2239, 2600, 2835, 5466, 598, 16752.09, 13.82, 11.35
10:53:02, 1040.90, 12.93, 966, 1445, 1871, 2135, 2176, 2203, 2544, 2716, 5979, 679, 16738.11, 13.84, 11.35
10:53:02, 1040.90, 12.92, 937, 1377, 1754, 2047, 2134, 2193, 2504, 2673, 6641, 819, 16766.09, 13.81, 11.36
10:53:03, 1042.10, 12.91, 924, 1335, 1700, 1977, 1967, 2065, 2306, 2460, 6813, 873, 16752.09, 13.82, 11.36
10:53:03, 1042.30, 12.91, 905, 1287, 1648, 1905, 1883, 2011, 2188, 2359, 7133, 956, 16724.14, 13.86, 11.36
10:53:04, 1042.40, 12.90, 877, 1214, 1561, 1787, 1838, 1971, 2103, 2297, 7378, 1039, 16724.14, 13.86, 11.36
10:53:04, 1042.50, 12.90, 877, 1200, 1554, 1769, 1804, 1950, 2043, 2259, 7589, 1117, 16752.09, 13.82, 11.36
10:53:05, 1043.20, 12.89, 906, 1236, 1610, 1835, 1821, 1984, 2053, 2283, 7950, 1174, 16752.09, 13.82, 11.37
10:53:05, 1043.10, 12.89, 903, 1215, 1590, 1800, 1783, 1953, 1990, 2223, 8103, 1237, 16752.09, 13.82, 11.37
10:53:05, 1042.50, 12.89, 882, 1189, 1557, 1755, 1759, 1911, 1954, 2167, 8203, 1227, 16724.14, 13.86, 11.38
10:53:06, 1041.70, 12.89, 860, 1149, 1508, 1676, 1734, 1873, 1908, 2162, 8227, 1369, 16766.09, 13.81, 11.38
10:53:06, 1043.00, 12.89, 861, 1148, 1504, 1657, 1687, 1808, 1840, 2081, 8195, 1360, 16738.11, 13.84, 11.38
10:53:07, 1044.60, 12.89, 859, 1154, 1520, 1668, 1704, 1806, 1823, 2077, 8424, 1305, 16780.11, 13.79, 11.38
10:53:07, 1043.50, 12.88, 847, 1130, 1499, 1643, 1633, 1728, 1750, 1981, 8085, 1287, 16766.09, 13.81, 11.38
10:53:07, 1041.90, 12.88, 849, 1137, 1498, 1644, 1608, 1702, 1743, 1951, 8005, 1330, 16752.09, 13.82, 11.39
10:53:08, 1041.70, 12.87, 863, 1150, 1514, 1652, 1675, 1779, 1819, 2044, 8383, 1412, 16724.14, 13.86, 11.39
10:53:08, 1042.50, 12.87, 863, 1152, 1517, 1663, 1693, 1796, 1834, 2061, 8483, 1405, 16752.09, 13.82, 11.38
10:53:09, 1041.50, 12.86, 846, 1127, 1482, 1626, 1682, 1785, 1824, 2048, 8342, 1374, 16724.14, 13.86, 11.38
10:53:09, 1039.60, 12.85, 846, 1131, 1484, 1629, 1639, 1738, 1791, 1997, 8035, 1367, 16752.09, 13.82, 11.38
10:53:10, 1037.80, 12.85, 849, 1143, 1486, 1635, 1617, 1714, 1772, 1978, 8009, 1492, 16766.09, 13.81, 11.40
10:53:10, 1039.90, 12.85, 840, 1133, 1468, 1611, 1608, 1698, 1752, 1952, 7953, 1420, 16766.09, 13.81, 11.40
10:53:10, 1041.00, 12.84, 835, 1127, 1472, 1610, 1644, 1718, 1781, 1970, 8009, 1277, 16752.09, 13.82, 11.39
10:53:11, 1038.00, 12.83, 831, 1118, 1456, 1587, 1606, 1684, 1743, 1933, 8040, 1420, 16780.11, 13.79, 11.39
10:53:11, 1024.80, 12.82, 894, 1200, 1545, 1695, 1789, 1917, 2008, 2242, 9243, 2489, 16780.11, 13.79, 11.39
10:53:12, 1023.20, 12.79, 1078, 1486, 1865, 2102, 2192, 2324, 2615, 2873, 9722, 3538, 16780.11, 13.79, 11.39
10:53:12, 1021.60, 12.67, 1411, 1933, 2418, 2908, 8385, 17484, 15489, 18858, 36000, 32100, 16780.11, 13.79, 11.39
10:53:12, 1021.80, 12.66, 7652, 9264, 10986, 18204, 20784, 22329, 28313, 34463, 36000, 10772, 16794.13, 13.77, 11.40
10:53:13, 1022.20, 12.67, 8266, 14765, 17772, 20653, 21990, 24617, 28999, 35898, 13081, 4521, 16780.11, 13.79, 11.40
10:53:13, 1023.20, 12.70, 5217, 8257, 10055, 11342, 2981, 3256, 3544, 4144, 9489, 2777, 16780.11, 13.79, 11.40
10:53:14, 1023.50, 12.73, 1497, 2148, 2720, 3138, 2610, 2727, 3052, 3427, 10167, 3067, 16794.13, 13.77, 11.38
10:53:14, 1023.30, 12.74, 960, 1287, 1620, 1825, 3054, 3199, 3385, 4145, 9425, 2774, 16780.11, 13.79, 11.38
10:53:15, 1022.60, 12.72, 1245, 1649, 2133, 2280, 19882, 25851, 22015, 31137, 11611, 4002, 16808.18, 13.75, 11.39
10:53:15, 1021.00, 12.69, 6547, 11919, 13749, 18988, 9800, 15659, 20632, 12121, 20650, 5511, 16780.11, 13.79, 11.39
10:53:15, 1021.90, 12.73, 7315, 6461, 8281, 15031, 4812, 9259, 6511, 7761, 33265, 13436, 16822.23, 13.74, 11.39
10:53:16, 1022.80, 12.81, 7368, 3574, 10271, 6395, 10715, 13452, 7219, 13458, 36000, 36000, 16766.09, 13.81, 11.37
10:53:16, 1023.40, 12.86, 6804, 3843, 10542, 4642, 19133, 19262, 23845, 27744, 36000, 36000, 16794.13, 13.77, 11.37
10:53:17, 1023.30, 12.88, 5618, 4188, 11882, 5002, 15471, 6462, 17024, 11781, 36000, 36000, 16794.13, 13.77, 11.34
10:53:17, 1023.00, 12.89, 1160, 1540, 2004, 2094, 5911, 4323, 5451, 5491, 35158, 34029, 16808.18, 13.75, 11.34
10:53:17, 1023.20, 12.92, 1145, 1748, 2188, 2539, 14620, 10240, 19165, 18857, 34909, 33133, 16766.09, 13.81, 11.32
10:53:18, 1023.70, 12.95, 759, 1074, 1329, 1478, 1230, 1272, 1453, 1600, 6332, 2271, 16794.13, 13.77, 11.32
10:53:18, 1023.80, 12.97, 516, 705, 848, 895, 800, 779, 889, 898, 3608, 1260, 16822.23, 13.74, 11.32
10:53:19, 1023.40, 12.98, 484, 647, 775, 820, 742, 753, 847, 857, 3580, 1313, 16808.18, 13.75, 11.27
10:53:19, 1023.50, 12.99, 456, 617, 775, 863, 868, 904, 1053, 1082, 3082, 1153, 16808.18, 13.75, 11.27
10:53:20, 1023.60, 13.01, 489, 626, 809, 895, 796, 883, 939, 1062, 4109, 1533, 16766.09, 13.81, 11.27
10:53:20, 1023.60, 13.03, 401, 494, 613, 677, 504, 576, 601, 659, 2849, 1090, 16808.18, 13.75, 11.27
10:53:20, 1023.80, 13.05, 197, 256, 312, 355, 324, 320, 384, 408, 1515, 644, 16794.13, 13.77, 11.27
10:53:21, 1023.80, 13.06, 142, 178, 227, 260, 239, 265, 301, 324, 1142, 517, 16780.11, 13.79, 11.24
10:53:21, 1023.80, 13.07, 88, 117, 160, 172, 172, 180, 212, 242, 1009, 469, 16822.23, 13.74, 11.24
10:53:22, 1023.70, 13.09, 65, 97, 127, 146, 158, 168, 202, 227, 992, 474, 16808.18, 13.75, 11.20
10:53:22, 1023.70, 13.10, 65, 85, 112, 133, 137, 155, 173, 206, 844, 429, 16780.11, 13.79, 11.20
10:53:22, 1023.50, 13.11, 92, 111, 152, 167, 157, 177, 193, 233, 807, 417, 16850.39, 13.70, 11.20
10:53:23, 1023.50, 13.12, 120, 146, 213, 217, 242, 249, 283, 327, 992, 488, 16836.30, 13.72, 11.15
10:53:23, 1023.50, 13.12, 123, 164, 231, 248, 289, 287, 354, 390, 1017, 514, 16822.23, 13.74, 11.15
10:53:24, 1023.30, 13.13, 181, 242, 319, 354, 418, 433, 497, 573, 1187, 583, 16836.30, 13.72, 11.14
10:53:24, 1022.80, 13.12, 340, 407, 542, 613, 999, 1221, 1323, 1492, 3307, 1103, 16878.62, 13.67, 11.14
10:53:25, 1022.70, 13.12, 2831, 7278, 6295, 16514, 17914, 14249, 26510, 14965, 36000, 36000, 16780.11, 13.79, 11.14
10:53:25, 1022.50, 13.12, 1891, 4284, 5394, 10604, 13826, 5182, 20513, 7428, 36000, 36000, 16864.50, 13.68, 11.14
10:53:25, 1021.90, 13.12, 2065, 3326, 5554, 5432, 14277, 5042, 20264, 7931, 36000, 36000, 16822.23, 13.74, 11.14
10:53:26, 1022.00, 13.11, 3268, 3297, 7630, 4610, 6985, 4482, 7123, 6274, 36000, 36000, 16822.23, 13.74, 11.16
10:53:26, 1022.30, 13.14, 4709, 2920, 6703, 3980, 6200, 6177, 5436, 7352, 36000, 36000, 16836.30, 13.72, 11.16
10:53:27, 1022.30, 13.16, 6424, 3139, 8087, 4451, 7326, 10377, 5923, 9940, 36000, 36000, 16808.18, 13.75, 11.13
10:53:27, 1021.70, 13.15, 7799, 3388, 8909, 5209, 6643, 12578, 5695, 10267, 36000, 36000, 16822.23, 13.74, 11.13
10:53:27, 1021.80, 13.15, 9403, 5151, 12395, 11534, 9124, 22841, 8776, 18731, 36000, 36000, 16850.39, 13.70, 11.13
10:53:28, 1021.70, 13.15, 8549, 6088, 11186, 14950, 8489, 22295, 15130, 22148, 36000, 36000, 16836.30, 13.72, 11.11
10:53:28, 1021.50, 13.16, 9115, 7155, 10400, 16574, 8943, 23406, 20101, 19596, 36000, 22686, 16822.23, 13.74, 11.11
10:53:29, 1025.80, 13.24, 7576, 6680, 6967, 17214, 13806, 23086, 29338, 24075, 36000, 11145, 16864.50, 13.68, 11.09
10:53:29, 1035.70, 13.22, 5992, 10156, 12299, 14154, 6507, 16096, 13137, 13869, 36000, 10401, 16850.39, 13.70, 11.09
10:53:30, 1034.00, 13.14, 5193, 3445, 5188, 9059, 7152, 18242, 12280, 16411, 35886, 18614, 16864.50, 13.68, 11.09
10:53:30, 1032.90, 13.08, 5215, 2765, 5280, 5218, 4661, 9225, 4855, 7390, 36000, 22908, 16822.23, 13.74, 11.23
10:53:30, 1032.40, 13.03, 6625, 5417, 11104, 9865, 6618, 10134, 4994, 8948, 36000, 33061, 16794.13, 13.77, 11.23
10:53:31, 1031.60, 12.98, 7248, 7052, 14012, 10016, 11465, 13212, 7812, 15445, 36000, 36000, 16850.39, 13.70, 11.27
10:53:31, 1030.30, 12.95, 4238, 3237, 9255, 4299, 16072, 14846, 20179, 24047, 36000, 35859, 16850.39, 13.70, 11.27
10:53:32, 1031.10, 12.92, 6554, 8472, 13235, 12644, 15497, 6120, 20736, 10461, 36000, 36000, 16836.30, 13.72, 11.29
10:53:32, 1031.40, 12.88, 4650, 5472, 11562, 8622, 16730, 7150, 22673, 12472, 36000, 36000, 16850.39, 13.70, 11.29
10:53:32, 1036.60, 12.85, 1777, 3393, 4616, 7140, 8693, 4360, 14019, 5721, 36000, 25302, 16892.74, 13.65, 11.29
10:53:33, 1037.40, 12.82, 1560, 2680, 3205, 7039, 10826, 7649, 19554, 6961, 36000, 23156, 16864.50, 13.68, 11.31
10:53:33, 1035.00, 12.79, 2134, 4897, 5292, 13420, 15359, 7119, 24590, 7878, 36000, 34335, 16878.62, 13.67, 11.31
10:53:34, 1034.60, 12.74, 1587, 2691, 3904, 5399, 17470, 6252, 23697, 10080, 36000, 35976, 16864.50, 13.68, 11.31
10:53:34, 1033.60, 12.72, 2532, 3159, 6250, 4914, 9583, 4350, 11452, 6784, 36000, 31596, 16878.62, 13.67, 11.31
10:53:35, 1034.30, 12.69, 4565, 3265, 9795, 4564, 13210, 7748, 12598, 10429, 36000, 36000, 16878.62, 13.67, 11.31
10:53:35, 1033.10, 12.67, 7345, 5298, 11550, 6520, 11428, 9351, 11288, 11803, 36000, 35036, 16878.62, 13.67, 11.31
10:53:35, 1034.20, 12.66, 6517, 3996, 10651, 5247, 16519, 11457, 18333, 17050, 36000, 33755, 16864.50, 13.68, 11.31
10:53:36, 1033.60, 12.65, 3340, 2495, 6496, 3554, 10426, 6057, 10247, 8559, 36000, 36000, 16878.62, 13.67, 11.30
10:53:36, 1034.50, 12.64, 3503, 3288, 8664, 4853, 12247, 5012, 15255, 7876, 36000, 35708, 16864.50, 13.68, 11.30
10:53:37, 1033.60, 12.63, 3387, 3158, 7794, 4566, 9975, 4119, 11586, 6019, 36000, 36000, 16921.05, 13.62, 11.30
10:53:37, 1035.10, 12.63, 8066, 10607, 16638, 16853, 9492, 4358, 11734, 6307, 36000, 35854, 16878.62, 13.67, 11.29
10:53:37, 1034.80, 12.62, 2975, 4758, 9316, 8142, 22013, 12243, 25955, 21513, 36000, 35965, 16878.62, 13.67, 11.29
10:53:38, 1035.80, 12.61, 1760, 2589, 4273, 4363, 14022, 5211, 20115, 7957, 36000, 35930, 16906.89, 13.63, 11.29
10:53:38, 1036.00, 12.61, 3226, 5438, 10254, 9434, 14937, 5318, 20887, 7775, 36000, 35291, 16878.62, 13.67, 11.29
10:53:39, 1035.80, 12.60, 2206, 4820, 9028, 11771, 16080, 7245, 22672, 11838, 36000, 34034, 16906.89, 13.63, 11.30
10:53:39, 1034.80, 12.60, 1592, 2558, 3871, 4747, 10097, 4117, 15225, 5665, 36000, 33526, 16878.62, 13.67, 11.30
10:53:40, 1035.20, 12.59, 2575, 5870, 9382, 13060, 13289, 5323, 20379, 7120, 36000, 32487, 16921.05, 13.62, 11.30
10:53:40, 1033.10, 12.58, 2029, 4416, 5952, 9654, 14772, 6103, 21583, 8345, 36000, 36000, 16864.50, 13.68, 11.30
10:53:40, 1035.50, 12.58, 1614, 2609, 4058, 4932, 14737, 6077, 19971, 8516, 36000, 35775, 16864.50, 13.68, 11.30
10:53:41, 1034.90, 12.56, 2234, 5906, 7930, 11685, 13102, 4930, 18332, 7723, 36000, 35616, 16906.89, 13.63, 11.30
10:53:41, 1036.70, 12.56, 2164, 4070, 7986, 9593, 15417, 5478, 21275, 8507, 36000, 35930, 16878.62, 13.67, 11.30
10:53:42, 1036.00, 12.55, 2312, 3616, 7189, 6335, 7795, 3855, 10213, 5404, 36000, 35228, 16892.74, 13.65, 11.30
10:53:42, 1035.70, 12.54, 4488, 5720, 12223, 8961, 8479, 3967, 9902, 5644, 36000, 36000, 16878.62, 13.67, 11.30
10:53:43, 1034.00, 12.54, 1910, 3411, 6396, 6753, 15377, 5316, 19790, 8344, 36000, 36000, 16921.05, 13.62, 11.30
10:53:43, 1034.40, 12.54, 1987, 2923, 4790, 4935, 12308, 4470, 19138, 6488, 36000, 36000, 16892.74, 13.65, 11.29
10:53:43, 1034.80, 12.54, 5309, 7011, 11500, 10458, 14435, 6132, 18900, 10870, 36000, 36000, 16892.74, 13.65, 11.29
10:53:44, 1035.70, 12.53, 4005, 6139, 11081, 9361, 26812, 16738, 30852, 26574, 36000, 35855, 16921.05, 13.62, 11.29
10:53:44, 1035.10, 12.52, 1724, 2675, 4786, 4526, 15215, 6694, 19082, 10765, 36000, 36000, 16906.89, 13.63, 11.29
10:53:45, 1035.50, 12.53, 2824, 5527, 9264, 10607, 9908, 4626, 17542, 6439, 36000, 35668, 16949.42, 13.58, 11.29
10:53:45, 1034.40, 12.53, 2731, 6161, 10036, 13114, 13684, 11445, 20845, 16983, 36000, 34748, 16935.23, 13.60, 11.28
10:53:45, 1034.50, 12.53, 1876, 4832, 5162, 10787, 17788, 15946, 24230, 23112, 36000, 34146, 16963.63, 13.56, 11.28
10:53:46, 1034.60, 12.52, 1747, 3841, 4400, 8741, 17790, 15982, 23974, 19885, 36000, 35138, 16921.05, 13.62, 11.30
10:53:46, 1035.20, 12.52, 2290, 6324, 6577, 12570, 17697, 15247, 23538, 16424, 36000, 29621, 16906.89, 13.63, 11.30
10:53:47, 1035.40, 12.51, 2700, 8023, 7933, 17554, 15740, 11061, 22765, 11243, 36000, 34165, 16935.23, 13.60, 11.30
10:53:47, 1034.70, 12.51, 3248, 7427, 7975, 15238, 18038, 15258, 27152, 12397, 36000, 30112, 16921.05, 13.62, 11.30
10:53:48, 1034.10, 12.50, 3664, 8235, 9706, 14730, 14210, 14576, 19450, 13304, 36000, 24617, 16935.23, 13.60, 11.30
10:53:48, 1034.50, 12.51, 2415, 4384, 4418, 10884, 14238, 15815, 20905, 13489, 36000, 24836, 16949.42, 13.58, 11.32
10:53:48, 1034.60, 12.50, 2962, 5928, 5760, 15869, 13631, 14323, 19891, 12624, 36000, 25425, 16921.05, 13.62, 11.32
10:53:49, 1035.80, 12.50, 3578, 6668, 6907, 14338, 17821, 17546, 22814, 21494, 36000, 20659, 16921.05, 13.62, 11.32
10:53:49, 1035.40, 12.50, 2445, 4364, 4357, 11161, 11744, 13575, 20015, 10770, 36000, 21397, 16963.63, 13.56, 11.32
10:53:50, 1034.50, 12.51, 4139, 6848, 6873, 14322, 10462, 11865, 17911, 9454, 36000, 19247, 16963.63, 13.56, 11.32
10:53:50, 1034.90, 12.51, 4183, 7111, 8811, 13884, 12477, 13019, 15308, 17310, 36000, 15054, 16935.23, 13.60, 11.34
10:53:50, 1035.30, 12.51, 1646, 2897, 3087, 7585, 13059, 14459, 19947, 13724, 36000, 23785, 16963.63, 13.56, 11.34
10:53:51, 1044.50, 12.50, 3038, 4482, 4821, 10515, 10544, 10111, 13915, 13209, 35818, 9373, 16935.23, 13.60, 11.34
10:53:51, 1050.70, 12.49, 3300, 4260, 4932, 8633, 10289, 11277, 12334, 15927, 32605, 5343, 16977.85, 13.55, 11.33
10:53:52, 1059.60, 12.47, 4320, 7228, 9079, 11644, 17585, 16886, 20166, 25022, 36000, 3907, 17006.34, 13.51, 11.33
10:53:52, 1065.00, 12.46, 6095, 10972, 13340, 17607, 15716, 12853, 14838, 19033, 32927, 1963, 16977.85, 13.55, 11.29
10:53:53, 1072.40, 12.45, 3930, 4335, 7186, 9719, 14757, 15824, 16396, 19345, 26199, 1815, 16992.08, 13.53, 11.29
10:53:53, 1081.00, 12.44, 6605, 12111, 16069, 20350, 8970, 8497, 9052, 11154, 16403, 928, 16977.85, 13.55, 11.27
10:53:53, 1089.30, 12.43, 3772, 6053, 8500, 10812, 11853, 11256, 11318, 13713, 22352, 1046, 16977.85, 13.55, 11.27
10:53:54, 1098.50, 12.42, 1780, 3097, 4226, 5284, 11017, 9642, 10042, 12513, 22271, 991, 16963.63, 13.56, 11.27
10:53:54, 1106.10, 12.41, 2510, 4353, 6034, 7864, 14296, 12383, 13083, 15850, 23898, 1060, 16963.63, 13.56, 11.28
10:53:55, 1113.20, 12.41, 1929, 3244, 4607, 5838, 7419, 7341, 7300, 8414, 11211, 609, 16977.85, 13.55, 11.28
10:53:55, 1119.40, 12.40, 3001, 5216, 7313, 9029, 24954, 22462, 23431, 26504, 19183, 972, 16963.63, 13.56, 11.29
10:53:55, 1129.10, 12.40, 4079, 7633, 10063, 13254, 22357, 19974, 22481, 25360, 11108, 710, 17034.88, 13.48, 11.29
10:53:56, 1137.70, 12.39, 1854, 3361, 4660, 5964, 6741, 6388, 6270, 6966, 6524, 369, 17006.34, 13.51, 11.29
10:53:56, 1147.90, 12.39, 2830, 5305, 7496, 10342, 12568, 13007, 12260, 13345, 7787, 472, 17020.60, 13.49, 11.28
10:53:57, 1154.40, 12.38, 2102, 3964, 5703, 8228, 4083, 3886, 3753, 3733, 4881, 263, 16992.08, 13.53, 11.28
10:53:57, 1159.70, 12.38, 1230, 2163, 3315, 4099, 9465, 10121, 8650, 9990, 6409, 380, 16963.63, 13.56, 11.28
10:53:58, 1167.90, 12.37, 1613, 2896, 4504, 5685, 7500, 7353, 7233, 7635, 6231, 355, 16992.08, 13.53, 11.28
10:53:58, 1177.30, 12.37, 1699, 3517, 5497, 7274, 12154, 12448, 12654, 13810, 9582, 528, 17006.34, 13.51, 11.28
10:53:58, 1185.10, 12.37, 2041, 4024, 6219, 8653, 9139, 8670, 8880, 9637, 12848, 575, 17049.18, 13.46, 11.28
10:53:59, 1192.30, 12.36, 1722, 3100, 4865, 6788, 7704, 7411, 7563, 6911, 13573, 600, 17034.88, 13.48, 11.28
10:53:59, 1198.50, 12.36, 1398, 2555, 3925, 5534, 8252, 7972, 8154, 7806, 14823, 635, 17020.60, 13.49, 11.28
10:54:00, 1201.90, 12.36, 2477, 4489, 6634, 10368, 6506, 6394, 6440, 5717, 12309, 547, 17034.88, 13.48, 11.28
10:54:00, 1212.20, 12.35, 1579, 2844, 4333, 6351, 7119, 7360, 7269, 5861, 14503, 616, 17063.49, 13.44, 11.25
10:54:00, 1219.30, 12.34, 1282, 2209, 3469, 4976, 7435, 8660, 8372, 6282, 21331, 846, 17020.60, 13.49, 11.25
10:54:01, 1226.90, 12.34, 1805, 2668, 4150, 7176, 4133, 4259, 3836, 3176, 11512, 560, 17063.49, 13.44, 11.25
10:54:01, 1235.60, 12.33, 1709, 2400, 3930, 6668, 6045, 7138, 5935, 5118, 20580, 981, 17063.49, 13.44, 11.22
10:54:02, 1246.60, 12.32, 1517, 1994, 3601, 5218, 3846, 4588, 3603, 3163, 15112, 798, 17063.49, 13.44, 11.22
10:54:02, 1254.30, 12.31, 1836, 2655, 4620, 6438, 7503, 9335, 7509, 6759, 30207, 1625, 17049.18, 13.46, 11.13
10:54:03, 1261.10, 12.30, 1371, 2036, 3551, 5136, 4398, 4825, 3870, 3300, 14085, 706, 17049.18, 13.46, 11.13
10:54:03, 1269.60, 12.29, 1696, 2815, 4702, 6992, 8452, 8941, 7840, 6478, 23399, 983, 17092.16, 13.41, 11.13
10:54:03, 1282.20, 12.27, 1022, 1687, 2831, 4344, 5537, 6768, 5844, 4025, 17400, 698, 17092.16, 13.41, 11.09
10:54:04, 1289.60, 12.26, 1242, 1979, 3358, 5210, 6762, 8429, 6653, 5113, 22695, 972, 17106.52, 13.39, 11.09
10:54:04, 1298.90, 12.25, 1058, 1699, 2919, 4318, 4049, 4653, 3461, 2692, 13312, 640, 17106.52, 13.39, 11.06
10:54:05, 1309.50, 12.24, 1154, 1790, 3211, 4657, 5512, 7458, 4896, 4212, 24578, 1303, 17077.82, 13.42, 11.06
10:54:05, 1321.20, 12.23, 941, 1563, 2836, 3920, 3973, 4230, 2897, 2414, 14681, 844, 17106.52, 13.39, 11.06
10:54:05, 1327.30, 12.22, 1217, 1804, 3437, 5000, 4410, 4547, 3197, 2568, 15014, 834, 17077.82, 13.42, 11.07
10:54:06, 1335.20, 12.22, 1662, 2207, 4371, 6737, 3761, 4126, 2836, 2236, 13447, 740, 17077.82, 13.42, 11.07
10:54:06, 1346.80, 12.22, 944, 1541, 2866, 4115, 4168, 4426, 3045, 2337, 14058, 745, 17077.82, 13.42, 11.06
10:54:07, 1358.40, 12.21, 1349, 1880, 3738, 5719, 5014, 5890, 3719, 3043, 19724, 1096, 17120.89, 13.37, 11.06
10:54:07, 1364.00, 12.21, 904, 1334, 2634, 3873, 3421, 3831, 2390, 1888, 13043, 711, 17120.89, 13.37, 11.07
10:54:08, 1371.40, 12.20, 1124, 1530, 3219, 4568, 3882, 4512, 2444, 2161, 16499, 1006, 17135.28, 13.35, 11.07
10:54:08, 1381.10, 12.20, 1077, 1297, 3031, 3924, 3640, 4999, 1927, 2109, 20229, 1421, 17106.52, 13.39, 11.07
10:54:08, 1390.80, 12.19, 667, 1049, 2141, 2745, 3613, 4033, 1889, 1835, 16833, 1172, 17106.52, 13.39, 11.04
10:54:09, 1396.60, 12.19, 743, 1098, 2329, 3091, 3290, 3622, 1888, 1665, 13635, 855, 17106.52, 13.39, 11.04
10:54:09, 1405.20, 12.18, 725, 1115, 2304, 3265, 3093, 3078, 1882, 1435, 10617, 605, 17135.28, 13.35, 11.02
10:54:10, 1416.80, 12.18, 782, 1168, 2359, 3581, 3448, 4333, 2413, 1864, 14110, 739, 17135.28, 13.35, 11.02
10:54:10, 1426.50, 12.17, 562, 929, 1855, 2707, 2663, 2683, 1575, 1148, 9227, 510, 17149.68, 13.34, 11.02
10:54:10, 1435.20, 12.17, 792, 1179, 2455, 3620, 3210, 3555, 1810, 1452, 12852, 763, 17149.68, 13.34, 11.02
10:54:11, 1444.50, 12.16, 561, 888, 1915, 2525, 2674, 2447, 1311, 1032, 10274, 662, 17092.16, 13.41, 11.02
10:54:11, 1457.80, 12.16, 645, 898, 2157, 2523, 3428, 3485, 1402, 1347, 17087, 1336, 17149.68, 13.34, 11.04
10:54:12, 1463.50, 12.15, 471, 761, 1693, 2095, 2490, 2141, 1113, 862, 10229, 703, 17149.68, 13.34, 11.04
10:54:12, 1468.30, 12.15, 642, 866, 2109, 2535, 2737, 2797, 1248, 1053, 12189, 820, 17135.28, 13.35, 11.04
10:54:13, 1477.20, 12.16, 473, 759, 1641, 2284, 2314, 2235, 1151, 840, 8391, 496, 17135.28, 13.35, 11.04
10:54:13, 1490.00, 12.16, 599, 871, 1975, 2782, 3122, 3495, 1523, 1231, 12999, 808, 17178.53, 13.30, 11.04
10:54:13, 1498.00, 12.16, 489, 809, 1779, 2481, 2792, 2683, 1255, 991, 10278, 651, 17164.10, 13.32, 11.04
10:54:14, 1503.60, 12.15, 562, 902, 2069, 2735, 3105, 2860, 1310, 1060, 11916, 809, 17164.10, 13.32, 11.04
10:54:14, 1516.80, 12.15, 551, 830, 2027, 2531, 2706, 2378, 1103, 843, 11068, 789, 17164.10, 13.32, 11.04
10:54:15, 1529.10, 12.15, 512, 779, 1899, 2333, 2873, 2570, 1097, 874, 12349, 898, 17120.89, 13.37, 11.04
10:54:15, 1533.00, 12.14, 476, 743, 1776, 2297, 2512, 2354, 1030, 784, 10026, 657, 17164.10, 13.32, 11.04
10:54:15, 1542.30, 12.14, 458, 740, 1692, 2385, 2662, 2708, 1201, 869, 9913, 592, 17207.45, 13.27, 11.04
10:54:16, 1557.30, 12.14, 445, 711, 1658, 2381, 2453, 2205, 1037, 718, 8221, 497, 17207.45, 13.27, 11.04
10:54:16, 1563.10, 12.13, 437, 817, 1800, 2680, 2954, 2509, 1322, 854, 8523, 495, 17164.10, 13.32, 11.01
10:54:17, 1567.90, 12.12, 483, 901, 2005, 3001, 2735, 2578, 1248, 837, 8748, 503, 17120.89, 13.37, 11.01
10:54:17, 1575.80, 12.12, 381, 698, 1566, 2324, 2792, 2539, 1226, 827, 8728, 519, 17192.98, 13.28, 11.01
10:54:18, 1585.60, 12.11, 380, 660, 1503, 2252, 2299, 2159, 1015, 651, 7289, 400, 17207.45, 13.27, 10.98
10:54:18, 1594.80, 12.10, 338, 652, 1444, 2187, 2295, 1882, 990, 592, 6040, 329, 17192.98, 13.28, 10.98
10:54:18, 1600.70, 12.10, 409, 723, 1622, 2662, 2804, 2691, 1421, 811, 7464, 362, 17207.45, 13.27, 10.96
10:54:19, 1605.70, 12.09, 326, 659, 1455, 2256, 2452, 2028, 1099, 623, 5780, 293, 17192.98, 13.28, 10.96
10:54:19, 1617.90, 12.08, 384, 730, 1636, 2596, 2755, 2375, 1233, 722, 7105, 367, 17178.53, 13.30, 10.96
10:54:20, 1628.20, 12.05, 327, 645, 1475, 2245, 2543, 2017, 1002, 602, 6688, 380, 17236.42, 13.23, 10.96
10:54:20, 1635.00, 12.04, 375, 722, 1665, 2584, 2681, 2184, 1096, 645, 6922, 375, 17207.45, 13.27, 10.96
10:54:20, 1640.50, 12.04, 341, 659, 1527, 2375, 2542, 2107, 1050, 610, 6595, 352, 17207.45, 13.27, 10.95
10:54:21, 1652.00, 12.04, 381, 694, 1630, 2618, 2623, 2279, 1106, 639, 7044, 370, 17221.93, 13.25, 10.95
10:54:21, 1661.80, 12.03, 296, 593, 1378, 2144, 2452, 1973, 965, 549, 6169, 332, 17207.45, 13.27, 10.96
10:54:22, 1666.90, 12.02, 359, 710, 1660, 2644, 2778, 2315, 1157, 637, 6563, 330, 17207.45, 13.27, 10.96
10:54:22, 1672.30, 12.02, 305, 616, 1427, 2318, 2655, 2153, 1089, 585, 5995, 301, 17221.93, 13.25, 10.96
10:54:23, 1681.80, 12.02, 330, 671, 1575, 2533, 2674, 2175, 1073, 581, 6102, 307, 17164.10, 13.32, 10.95
10:54:23, 1692.60, 12.02, 306, 624, 1468, 2371, 2515, 1862, 933, 501, 5352, 277, 17236.42, 13.23, 10.95
10:54:23, 1702.90, 12.01, 291, 592, 1413, 2270, 2518, 2041, 986, 526, 5726, 288, 17221.93, 13.25, 10.96
10:54:24, 1708.20, 12.01, 296, 590, 1421, 2297, 2408, 1881, 891, 487, 5705, 300, 17221.93, 13.25, 10.96
10:54:24, 1713.20, 12.01, 264, 525, 1279, 2011, 2101, 1649, 721, 414, 5587, 319, 17236.42, 13.23, 10.96
10:54:25, 1723.80, 12.01, 252, 464, 1170, 1798, 1896, 1504, 606, 359, 5503, 322, 17236.42, 13.23, 10.95
10:54:25, 1733.60, 12.01, 214, 423, 1053, 1608, 1800, 1360, 567, 325, 4944, 288, 17236.42, 13.23, 10.95
10:54:26, 1738.20, 12.00, 235, 454, 1135, 1808, 1967, 1528, 669, 363, 4927, 266, 17250.93, 13.21, 10.97
10:54:26, 1743.00, 12.00, 223, 459, 1119, 1815, 2205, 1663, 787, 402, 4672, 235, 17221.93, 13.25, 10.97
10:54:26, 1754.20, 12.01, 267, 557, 1364, 2270, 2393, 1816, 866, 435, 4831, 235, 17265.46, 13.20, 10.98
10:54:27, 1764.90, 12.00, 229, 498, 1229, 1995, 2308, 1618, 765, 387, 4514, 229, 17265.46, 13.20, 10.98
10:54:27, 1772.90, 12.00, 261, 538, 1346, 2230, 2358, 1722, 771, 400, 5105, 266, 17294.56, 13.16, 10.98
10:54:28, 1778.20, 11.99, 237, 487, 1242, 1971, 2302, 1651, 668, 377, 5836, 344, 17236.42, 13.23, 10.97
10:54:28, 1782.60, 11.99, 249, 467, 1247, 1900, 1992, 1425, 541, 316, 5893, 369, 17221.93, 13.25, 10.97
10:54:28, 1794.20, 11.99, 224, 403, 1109, 1604, 1931, 1392, 500, 302, 6131, 405, 17280.00, 13.18, 10.99
10:54:29, 1803.60, 11.98, 212, 396, 1077, 1612, 1836, 1309, 484, 279, 5467, 342, 17280.00, 13.18, 10.99
10:54:29, 1810.00, 11.98, 218, 398, 1081, 1678, 1902, 1401, 520, 294, 5182, 308, 17280.00, 13.18, 10.99
10:54:30, 1816.80, 11.98, 202, 389, 1034, 1670, 1831, 1381, 536, 284, 4571, 252, 17280.00, 13.18, 10.97
10:54:30, 1827.00, 11.98, 209, 420, 1100, 1833, 2062, 1474, 618, 312, 4424, 232, 17280.00, 13.18, 10.97
10:54:31, 1834.00, 11.98, 203, 429, 1123, 1872, 2117, 1491, 636, 312, 4312, 223, 17294.56, 13.16, 10.97
10:54:31, 1839.80, 11.97, 207, 451, 1179, 1961, 2318, 1535, 662, 329, 4366, 224, 17280.00, 13.18, 10.97
10:54:31, 1844.70, 11.97, 199, 432, 1137, 1897, 2174, 1495, 649, 311, 4095, 206, 17280.00, 13.18, 10.97
10:54:32, 1853.80, 11.97, 199, 438, 1157, 1943, 2174, 1429, 623, 297, 3881, 195, 17280.00, 13.18, 10.95
10:54:32, 1863.80, 11.97, 191, 421, 1115, 1879, 2216, 1471, 636, 307, 3991, 199, 17309.13, 13.14, 10.95
10:54:33, 1872.10, 11.96, 182, 396, 1053, 1819, 1989, 1321, 586, 265, 3358, 165, 17323.72, 13.13, 10.97
10:54:33, 1879.90, 11.96, 169, 380, 1018, 1728, 2057, 1317, 585, 270, 3289, 161, 17323.72, 13.13, 10.97
10:54:33, 1887.80, 11.95, 175, 391, 1055, 1802, 2057, 1340, 583, 266, 3424, 169, 17294.56, 13.16, 10.97
10:54:34, 1897.40, 11.95, 178, 397, 1078, 1838, 2161, 1387, 584, 275, 3761, 188, 17309.13, 13.14, 10.97
10:54:34, 1903.50, 11.95, 186, 407, 1119, 1896, 2278, 1499, 595, 290, 4403, 229, 17294.56, 13.16, 10.97
10:54:35, 1908.80, 11.95, 210, 443, 1229, 2083, 2295, 1524, 583, 290, 4775, 258, 17309.13, 13.14, 10.97
10:54:35, 1918.40, 11.95, 208, 424, 1198, 2018, 2295, 1545, 555, 286, 5151, 290, 17323.72, 13.13, 10.97
10:54:36, 1930.60, 11.95, 213, 431, 1225, 2089, 2457, 1640, 608, 302, 5150, 279, 17309.13, 13.14, 10.98
10:54:36, 1938.10, 11.95, 210, 442, 1252, 2181, 2591, 1738, 687, 314, 4671, 234, 17338.32, 13.11, 10.98
10:54:36, 1944.30, 11.95, 214, 475, 1344, 2352, 2745, 1697, 703, 318, 4170, 207, 17323.72, 13.13, 10.98
10:54:37, 1953.50, 11.95, 212, 483, 1374, 2405, 2949, 1806, 753, 339, 4138, 200, 17323.72, 13.13, 10.98
10:54:37, 1960.60, 11.94, 211, 490, 1410, 2431, 2917, 1742, 718, 326, 4065, 198, 17338.32, 13.11, 10.98
10:54:38, 1968.00, 11.94, 212, 481, 1385, 2442, 2927, 1779, 729, 330, 4109, 198, 17352.94, 13.09, 10.97
10:54:38, 1974.30, 11.93, 199, 455, 1318, 2292, 2688, 1632, 653, 295, 4120, 204, 17323.72, 13.13, 10.97
10:54:39, 1982.80, 11.93, 198, 435, 1265, 2237, 2570, 1578, 611, 279, 4188, 210, 17309.13, 13.14, 10.96
10:54:39, 1992.60, 11.93, 189, 413, 1203, 2148, 2504, 1534, 603, 268, 3923, 195, 17352.94, 13.09, 10.96
10:54:39, 2001.40, 11.92, 184, 411, 1208, 2151, 2572, 1544, 612, 272, 3702, 182, 17367.58, 13.07, 10.96
10:54:40, 2005.80, 11.92, 182, 414, 1221, 2176, 2630, 1570, 627, 274, 3610, 176, 17338.32, 13.11, 10.95
10:54:40, 2009.30, 11.92, 185, 424, 1256, 2222, 2653, 1560, 616, 275, 3632, 178, 17323.72, 13.13, 10.95
10:54:41, 2014.60, 11.93, 182, 411, 1220, 2165, 2580, 1538, 595, 265, 3851, 189, 17367.58, 13.07, 10.95
10:54:41, 2022.00, 11.92, 179, 396, 1181, 2092, 2425, 1431, 524, 243, 4042, 208, 17338.32, 13.11, 10.95
10:54:41, 2029.00, 11.92, 174, 372, 1121, 1972, 2284, 1411, 490, 233, 4294, 229, 17352.94, 13.09, 10.95
10:54:42, 2036.10, 11.91, 167, 355, 1071, 1884, 2161, 1310, 451, 215, 4037, 216, 17367.58, 13.07, 10.93
10:54:42, 2044.50, 11.91, 164, 339, 1032, 1841, 2154, 1359, 467, 219, 4002, 209, 17382.23, 13.06, 10.93
10:54:43, 2053.00, 11.91, 153, 319, 971, 1742, 1983, 1202, 411, 193, 3645, 192, 17396.89, 13.04, 10.94
10:54:43, 2058.70, 11.90, 150, 309, 947, 1693, 1912, 1216, 403, 191, 3728, 198, 17367.58, 13.07, 10.94
10:54:44, 2067.20, 11.90, 137, 281, 865, 1539, 1727, 1055, 344, 165, 3400, 184, 17367.58, 13.07, 10.94
10:54:44, 2076.60, 11.89, 131, 264, 822, 1460, 1701, 1070, 340, 165, 3438, 186, 17367.58, 13.07, 10.92
10:54:44, 2082.40, 11.89, 123, 260, 804, 1434, 1665, 988, 330, 154, 3001, 158, 17382.23, 13.06, 10.92
10:54:45, 2090.30, 11.88, 117, 255, 787, 1415, 1659, 969, 338, 152, 2710, 137, 17352.94, 13.09, 10.92
10:54:45, 2100.10, 11.88, 111, 246, 765, 1371, 1609, 917, 315, 143, 2602, 133, 17382.23, 13.06, 10.92
10:54:46, 2105.10, 11.88, 110, 243, 759, 1358, 1608, 908, 312, 142, 2590, 132, 17382.23, 13.06, 10.91
10:54:46, 2111.60, 11.88, 107, 233, 731, 1305, 1523, 887, 294, 136, 2642, 137, 17396.89, 13.04, 10.91
10:54:47, 2122.60, 11.87, 107, 223, 707, 1267, 1457, 851, 269, 128, 2733, 146, 17367.58, 13.07, 10.91
10:54:47, 2128.60, 11.87, 104, 220, 701, 1252, 1481, 856, 271, 129, 2725, 145, 17396.89, 13.04, 10.91
10:54:47, 2134.80, 11.87, 104, 222, 707, 1285, 1493, 852, 282, 128, 2485, 127, 17396.89, 13.04, 10.91
10:54:48, 2141.40, 11.87, 102, 226, 722, 1307, 1591, 878, 299, 134, 2397, 120, 17411.58, 13.02, 10.91
10:54:48, 2150.20, 11.87, 104, 235, 753, 1373, 1685, 911, 316, 139, 2303, 114, 17411.58, 13.02, 10.91
10:54:49, 2157.30, 11.86, 108, 247, 798, 1445, 1772, 951, 330, 146, 2334, 115, 17426.28, 13.00, 10.91
10:54:49, 2164.10, 11.86, 113, 257, 834, 1517, 1836, 979, 335, 149, 2445, 120, 17411.58, 13.02, 10.91
10:54:49, 2172.80, 11.85, 113, 256, 834, 1523, 1866, 997, 335, 150, 2599, 128, 17426.28, 13.00, 10.91
10:54:50, 2181.00, 11.85, 117, 261, 860, 1562, 1814, 980, 320, 145, 2715, 137, 17396.89, 13.04, 10.91
10:54:50, 2188.50, 11.84, 115, 251, 828, 1528, 1863, 1007, 326, 148, 2798, 140, 17426.28, 13.00, 10.91
10:54:51, 2193.00, 11.84, 112, 249, 824, 1519, 1877, 995, 330, 147, 2580, 128, 17426.28, 13.00, 10.89
10:54:51, 2199.60, 11.84, 114, 259, 858, 1587, 1939, 1020, 348, 152, 2340, 115, 17411.58, 13.02, 10.89
10:54:52, 2210.60, 11.84, 114, 262, 878, 1619, 2015, 1042, 350, 156, 2349, 115, 17426.28, 13.00, 10.89
10:54:52, 2216.10, 11.83, 114, 262, 886, 1627, 1973, 1013, 340, 150, 2256, 111, 17426.28, 13.00, 10.88
10:54:52, 2219.10, 11.83, 112, 256, 865, 1595, 1943, 1003, 332, 148, 2352, 115, 17455.72, 12.97, 10.88
10:54:53, 2230.00, 11.83, 105, 234, 789, 1476, 1759, 926, 300, 133, 2362, 117, 17470.46, 12.95, 10.87
10:54:53, 2238.20, 11.82, 106, 236, 802, 1487, 1781, 930, 293, 133, 2499, 124, 17440.99, 12.99, 10.87
10:54:54, 2243.90, 11.82, 101, 222, 757, 1415, 1706, 879, 281, 125, 2249, 112, 17440.99, 12.99, 10.87
10:54:54, 2255.20, 11.82, 94, 210, 719, 1347, 1669, 862, 278, 123, 2075, 102, 17455.72, 12.97, 10.86
10:54:54, 2261.50, 11.81, 93, 209, 721, 1345, 1618, 821, 263, 117, 1976, 97, 17440.99, 12.99, 10.86
10:54:55, 2266.80, 11.81, 88, 199, 687, 1278, 1523, 774, 246, 110, 1931, 95, 17455.72, 12.97, 10.88
10:54:55, 2276.00, 11.81, 84, 184, 638, 1197, 1415, 729, 224, 101, 1970, 98, 17455.72, 12.97, 10.88
10:54:56, 2284.10, 11.80, 78, 169, 589, 1101, 1300, 668, 199, 92, 1922, 97, 17470.46, 12.95, 10.88
10:54:56, 2290.20, 11.80, 74, 160, 557, 1042, 1221, 629, 188, 86, 1786, 90, 17485.22, 12.93, 10.87
10:54:57, 2296.70, 11.80, 66, 144, 504, 944, 1118, 564, 173, 78, 1524, 76, 17455.72, 12.97, 10.87
10:54:57, 2303.40, 11.80, 62, 139, 486, 905, 1082, 539, 167, 75, 1374, 68, 17470.46, 12.95, 10.86
10:54:57, 2312.30, 11.80, 57, 129, 453, 847, 1022, 502, 155, 70, 1286, 63, 17485.22, 12.93, 10.86
10:54:58, 2315.20, 11.79, 57, 128, 454, 840, 1015, 491, 151, 69, 1252, 62, 17470.46, 12.95, 10.84
10:54:58, 2319.50, 11.79, 56, 127, 448, 831, 1008, 485, 149, 68, 1240, 61, 17470.46, 12.95, 10.84
10:54:59, 2329.20, 11.79, 55, 125, 443, 823, 999, 481, 146, 67, 1262, 62, 17485.22, 12.93, 10.84
10:54:59, 2335.00, 11.78, 58, 129, 462, 860, 1047, 504, 149, 69, 1380, 68, 17485.22, 12.93, 10.82
10:55:00, 2338.30, 11.77, 58, 129, 463, 866, 1059, 509, 151, 70, 1387, 69, 17500.00, 12.92, 10.82
10:55:00, 2344.70, 11.77, 59, 131, 471, 884, 1070, 521, 156, 71, 1386, 69, 17485.22, 12.93, 10.83
10:55:00, 2355.30, 11.77, 59, 130, 469, 885, 1086, 524, 153, 71, 1465, 73, 17514.79, 12.90, 10.83
10:55:01, 2359.00, 11.77, 60, 131, 476, 901, 1096, 531, 155, 71, 1480, 74, 17485.22, 12.93, 10.83
10:55:01, 2363.30, 11.77, 60, 132, 479, 904, 1091, 526, 153, 71, 1460, 73, 17455.72, 12.97, 10.81
10:55:02, 2371.80, 11.77, 60, 130, 474, 902, 1096, 528, 153, 71, 1485, 74, 17470.46, 12.95, 10.81
10:55:02, 2378.20, 11.76, 61, 131, 482, 914, 1109, 531, 151, 71, 1528, 77, 17500.00, 12.92, 10.81
10:55:02, 2383.10, 11.76, 61, 132, 486, 925, 1136, 544, 155, 73, 1525, 76, 17514.79, 12.90, 10.81
10:55:03, 2388.40, 11.76, 61, 133, 491, 937, 1140, 542, 156, 72, 1464, 73, 17500.00, 12.92, 10.81
10:55:03, 2394.50, 11.76, 61, 133, 493, 940, 1157, 545, 158, 73, 1432, 71, 17529.60, 12.88, 10.81
10:55:04, 2403.00, 11.76, 60, 131, 488, 936, 1140, 536, 155, 71, 1402, 70, 17500.00, 12.92, 10.81
10:55:04, 2407.00, 11.76, 60, 130, 487, 934, 1157, 542, 155, 72, 1429, 71, 17514.79, 12.90, 10.81
10:55:05, 2409.50, 11.75, 62, 135, 504, 967, 1279, 583, 158, 78, 1707, 85, 17485.22, 12.93, 10.81
10:55:05, 2410.20, 11.76, 62, 131, 490, 945, 1148, 550, 154, 72, 1581, 80, 17514.79, 12.90, 10.82
10:55:05, 2414.50, 11.76, 73, 162, 616, 1160, 1401, 630, 169, 84, 1946, 98, 17500.00, 12.92, 10.82
10:55:06, 2412.20, 11.76, 64, 131, 491, 952, 881, 457, 124, 57, 1413, 74, 17529.60, 12.88, 10.82
10:55:06, 2409.10, 11.76, 54, 107, 397, 791, 867, 442, 132, 56, 1207, 63, 17514.79, 12.90, 10.82
10:55:07, 2404.00, 11.76, 55, 119, 444, 876, 1420, 646, 188, 88, 1324, 66, 17544.42, 12.86, 10.82
10:55:07, 2391.20, 11.76, 67, 146, 546, 1033, 1361, 611, 176, 85, 1200, 59, 17574.13, 12.83, 10.83
10:55:08, 2382.70, 11.75, 74, 163, 607, 1147, 1434, 639, 182, 88, 1284, 63, 17514.79, 12.90, 10.83
10:55:08, 2371.10, 11.74, 79, 174, 646, 1219, 1530, 694, 200, 96, 1354, 67, 17529.60, 12.88, 10.83
10:55:08, 2362.80, 11.74, 83, 183, 676, 1275, 1606, 733, 212, 102, 1431, 70, 17544.42, 12.86, 10.83
10:55:09, 2353.10, 11.74, 85, 190, 700, 1317, 1667, 773, 228, 108, 1502, 74, 17529.60, 12.88, 10.83
10:55:09, 2343.10, 11.74, 87, 195, 716, 1344, 1683, 782, 235, 109, 1527, 76, 17559.27, 12.85, 10.82
10:55:10, 2333.60, 11.74, 90, 201, 734, 1374, 1720, 806, 243, 113, 1553, 77, 17514.79, 12.90, 10.82
10:55:10, 2323.30, 11.73, 91, 204, 740, 1384, 1736, 812, 244, 115, 1558, 77, 17514.79, 12.90, 10.84
10:55:10, 2314.80, 11.73, 94, 211, 760, 1418, 1763, 827, 247, 117, 1564, 77, 17559.27, 12.85, 10.84
10:55:11, 2303.20, 11.73, 95, 216, 773, 1437, 1787, 841, 253, 120, 1588, 78, 17574.13, 12.83, 10.84
10:55:11, 2294.50, 11.73, 98, 222, 789, 1467, 1802, 855, 262, 123, 1595, 79, 17544.42, 12.86, 10.82
10:55:12, 2281.60, 11.73, 97, 221, 781, 1448, 1813, 862, 266, 124, 1623, 80, 17559.27, 12.85, 10.82
10:55:12, 2271.90, 11.72, 102, 232, 815, 1502, 1841, 873, 264, 126, 1638, 81, 17589.00, 12.81, 10.83
10:55:13, 2260.20, 11.72, 102, 233, 814, 1493, 1855, 877, 268, 128, 1659, 82, 17559.27, 12.85, 10.83
10:55:13, 2251.10, 11.72, 106, 242, 837, 1537, 1916, 928, 295, 137, 1678, 83, 17574.13, 12.83, 10.83
10:55:13, 2239.30, 11.72, 107, 246, 851, 1561, 1963, 963, 314, 143, 1743, 86, 17603.89, 12.79, 10.84
10:55:14, 2229.90, 11.73, 113, 260, 890, 1629, 2034, 1000, 324, 149, 1797, 89, 17559.27, 12.85, 10.84
10:55:14, 2218.50, 11.72, 116, 267, 910, 1658, 2069, 1020, 328, 153, 1829, 90, 17574.13, 12.83, 10.84
10:55:15, 2207.00, 11.72, 121, 281, 951, 1723, 2135, 1048, 336, 157, 1914, 95, 17589.00, 12.81, 10.84
10:55:15, 2197.00, 11.73, 122, 283, 954, 1728, 2150, 1072, 354, 163, 1916, 95, 17603.89, 12.79, 10.85
10:55:15, 2184.30, 11.73, 123, 286, 955, 1728, 2159, 1086, 373, 168, 1935, 96, 17574.13, 12.83, 10.85
10:55:16, 2173.30, 11.73, 126, 293, 975, 1758, 2200, 1114, 383, 174, 1947, 97, 17589.00, 12.81, 10.85
10:55:16, 2157.40, 11.72, 134, 313, 1032, 1849, 2382, 1205, 397, 187, 2111, 104, 17603.89, 12.79, 10.85
10:55:17, 2146.40, 11.72, 139, 327, 1071, 1907, 2330, 1190, 406, 188, 2041, 101, 17603.89, 12.79, 10.85
10:55:17, 2132.40, 11.72, 141, 330, 1073, 1909, 2311, 1197, 437, 194, 2033, 101, 17574.13, 12.83, 10.85
10:55:18, 2119.70, 11.72, 136, 319, 1028, 1833, 2377, 1236, 455, 202, 2111, 105, 17589.00, 12.81, 10.85
10:55:18, 2104.80, 11.72, 158, 374, 1194, 2109, 2694, 1411, 482, 228, 2373, 118, 17589.00, 12.81, 10.85
10:55:18, 2090.20, 11.72, 158, 375, 1189, 2089, 2572, 1352, 488, 224, 2260, 112, 17603.89, 12.79, 10.87
10:55:19, 2078.80, 11.73, 159, 375, 1175, 2059, 2531, 1348, 519, 231, 2212, 111, 17603.89, 12.79, 10.87
10:55:19, 2065.20, 11.73, 159, 379, 1180, 2071, 2632, 1410, 543, 242, 2465, 123, 17633.71, 12.76, 10.91
10:55:20, 2054.30, 11.73, 177, 425, 1318, 2282, 2922, 1594, 590, 275, 2633, 131, 17648.65, 12.74, 10.91
10:55:20, 2040.10, 11.73, 184, 438, 1347, 2335, 2806, 1531, 584, 268, 2431, 121, 17618.79, 12.78, 10.92
10:55:21, 2028.00, 11.74, 175, 416, 1264, 2182, 2702, 1466, 587, 263, 2408, 120, 17648.65, 12.74, 10.92
10:55:21, 2013.80, 11.74, 188, 450, 1362, 2340, 2972, 1653, 661, 302, 2682, 134, 17633.71, 12.76, 10.92
10:55:21, 2001.90, 11.75, 206, 498, 1495, 2550, 3172, 1761, 692, 320, 2929, 145, 17618.79, 12.78, 10.95
10:55:22, 1986.80, 11.75, 222, 533, 1593, 2697, 3394, 1924, 753, 358, 2997, 149, 17633.71, 12.76, 10.95
10:55:22, 1974.70, 11.76, 214, 513, 1513, 2570, 3080, 1749, 746, 336, 2716, 136, 17663.60, 12.72, 10.97
10:55:23, 1957.90, 11.76, 211, 509, 1484, 2510, 3264, 1865, 778, 363, 2862, 143, 17618.79, 12.78, 10.97
10:55:23, 1943.10, 11.77, 251, 604, 1752, 2926, 3508, 2052, 869, 409, 3136, 156, 17589.00, 12.81, 10.97
10:55:23, 1926.20, 11.77, 261, 631, 1806, 3005, 3786, 2219, 938, 449, 3307, 165, 17648.65, 12.74, 10.97
10:55:24, 1912.10, 11.77, 262, 634, 1797, 2990, 3675, 2170, 950, 451, 3346, 167, 17633.71, 12.76, 10.97
10:55:24, 1900.60, 11.78, 225, 552, 1530, 2622, 3311, 1941, 938, 412, 3064, 154, 17648.65, 12.74, 11.00
10:55:25, 1887.50, 11.78, 295, 711, 1985, 3268, 3955, 2362, 1012, 496, 3482, 174, 17633.71, 12.76, 11.00
10:55:25, 1874.70, 11.78, 317, 764, 2113, 3448, 4268, 2614, 1123, 568, 3810, 190, 17618.79, 12.78, 11.00
10:55:26, 1860.00, 11.78, 286, 693, 1897, 3131, 3773, 2306, 1053, 501, 4834, 233, 17648.65, 12.74, 10.99
10:55:26, 1846.90, 11.78, 319, 744, 1993, 3338, 4008, 2522, 1176, 566, 5365, 254, 17663.60, 12.72, 10.99
10:55:26, 1830.90, 11.78, 343, 831, 2257, 3599, 4503, 2735, 1249, 629, 5290, 253, 17648.65, 12.74, 10.98
10:55:27, 1817.80, 11.78, 384, 927, 2528, 3958, 4559, 2842, 1331, 677, 4803, 233, 17663.60, 12.72, 10.98
10:55:27, 1803.20, 11.79, 323, 772, 2003, 3328, 4033, 2601, 1299, 625, 4903, 237, 17648.65, 12.74, 10.99
10:55:28, 1790.50, 11.79, 340, 811, 2072, 3444, 4386, 2827, 1417, 706, 5350, 256, 17663.60, 12.72, 10.99
10:55:28, 1776.40, 11.79, 399, 952, 2473, 3946, 5095, 3198, 1575, 830, 6357, 296, 17678.57, 12.71, 10.99
10:55:29, 1762.20, 11.79, 449, 1085, 2841, 4361, 5209, 3342, 1676, 884, 6195, 294, 17663.60, 12.72, 10.99
10:55:29, 1747.10, 11.80, 410, 982, 2493, 3973, 4960, 3296, 1703, 904, 5119, 250, 17633.71, 12.76, 10.99
10:55:29, 1731.90, 11.80, 386, 937, 2338, 3723, 4590, 3024, 1677, 833, 4560, 226, 17648.65, 12.74, 11.00
10:55:30, 1713.90, 11.80, 523, 1259, 3160, 4861, 5842, 3948, 2041, 1161, 5987, 287, 17678.57, 12.71, 11.00
10:55:30, 1699.00, 11.80, 520, 1239, 3107, 4661, 5860, 3830, 2031, 1146, 7441, 349, 17648.65, 12.74, 11.00
10:55:31, 1681.10, 11.80, 518, 1183, 2836, 4507, 5129, 3598, 2023, 1051, 7255, 339, 17648.65, 12.74, 10.99
10:55:31, 1667.40, 11.81, 484, 1163, 2711, 4422, 5604, 3916, 2314, 1234, 5381, 267, 17663.60, 12.72, 10.99
10:55:31, 1651.50, 11.81, 601, 1431, 3406, 5156, 6731, 4840, 2628, 1599, 6220, 306, 17648.65, 12.74, 11.00
10:55:32, 1637.10, 11.81, 634, 1494, 3562, 5352, 6204, 4343, 2510, 1455, 7343, 345, 17693.55, 12.69, 11.00
10:55:32, 1622.10, 11.81, 549, 1235, 2761, 4475, 5037, 3678, 2281, 1197, 6522, 314, 17723.58, 12.65, 10.99
10:55:33, 1606.30, 11.81, 658, 1531, 3434, 5445, 6495, 4711, 2915, 1687, 7348, 350, 17633.71, 12.76, 10.99
10:55:33, 1592.60, 11.81, 840, 1973, 4668, 6460, 8014, 5559, 3301, 2124, 10337, 462, 17708.56, 12.67, 10.99
10:55:34, 1578.60, 11.81, 592, 1259, 2731, 4431, 5255, 4205, 2623, 1405, 9570, 444, 17693.55, 12.69, 10.99
10:55:34, 1564.80, 11.81, 710, 1456, 3021, 5307, 5273, 4275, 2870, 1479, 7588, 360, 17693.55, 12.69, 10.99
10:55:34, 1547.70, 11.81, 763, 1753, 3841, 5674, 7745, 5838, 3674, 2479, 8606, 406, 17708.56, 12.67, 11.01
10:55:35, 1535.40, 11.82, 1089, 2520, 5724, 7722, 7489, 5834, 3974, 2467, 10354, 463, 17693.55, 12.69, 11.01
10:55:35, 1520.10, 11.82, 741, 1430, 2944, 4932, 5530, 4927, 3290, 1790, 11066, 499, 17693.55, 12.69, 11.01
10:55:36, 1507.80, 11.82, 559, 1187, 2328, 4092, 5116, 3977, 2823, 1582, 7136, 350, 17708.56, 12.67, 11.02
10:55:36, 1490.90, 11.82, 1039, 2385, 4997, 7344, 8362, 6621, 4825, 3134, 8188, 403, 17708.56, 12.67, 11.02
10:55:36, 1479.60, 11.83, 803, 1730, 3504, 5294, 4925, 4443, 3114, 1716, 9541, 447, 17723.58, 12.65, 11.05
10:55:37, 1464.20, 11.83, 828, 1355, 2741, 4616, 4942, 5756, 3508, 2053, 14995, 689, 17723.58, 12.65, 11.05
10:55:37, 1451.80, 11.83, 864, 1533, 2948, 5217, 5922, 5528, 4222, 2233, 9369, 447, 17723.58, 12.65, 11.05
10:55:38, 1436.10, 11.83, 936, 2048, 4056, 5942, 7201, 5737, 4326, 2979, 9285, 442, 17693.55, 12.69, 11.05
10:55:38, 1423.90, 11.84, 1011, 2038, 3677, 6553, 6045, 5837, 4473, 2517, 11234, 522, 17708.56, 12.67, 11.05
10:55:39, 1406.70, 11.84, 1196, 1843, 3653, 5989, 4302, 5123, 3078, 2092, 15113, 736, 17723.58, 12.65, 11.05
10:55:39, 1392.50, 11.84, 1061, 1836, 3458, 5579, 7357, 6802, 4950, 3455, 18062, 851, 17723.58, 12.65, 11.05
10:55:39, 1375.60, 11.85, 1452, 3057, 5716, 8422, 10097, 8534, 7043, 5371, 12573, 564, 17738.61, 12.64, 11.06
10:55:40, 1362.60, 11.85, 920, 1826, 3173, 5418, 5537, 5967, 4888, 2738, 11740, 551, 17723.58, 12.65, 11.06
10:55:40, 1348.80, 11.85, 1173, 1831, 3164, 6059, 7686, 8965, 7447, 4421, 19525, 790, 17708.56, 12.67, 11.06
10:55:41, 1333.10, 11.86, 1529, 3212, 5876, 8045, 12041, 10290, 8460, 7273, 15398, 687, 17738.61, 12.64, 11.09
10:55:41, 1320.60, 11.86, 1112, 2235, 3772, 5959, 7111, 6965, 6336, 3966, 11181, 533, 17753.66, 12.62, 11.09
10:55:42, 1304.10, 11.86, 2227, 4151, 7264, 10870, 12422, 11314, 10038, 7818, 23895, 960, 17753.66, 12.62, 11.11
10:55:42, 1288.30, 11.87, 1240, 2356, 3982, 5943, 8503, 7437, 6625, 5541, 13408, 623, 17798.91, 12.57, 11.11
10:55:42, 1271.90, 11.87, 2915, 5785, 10831, 13147, 9516, 8594, 7659, 6985, 12669, 604, 17753.66, 12.62, 11.11
10:55:43, 1256.70, 11.88, 2153, 3792, 6049, 9822, 11249, 11988, 11459, 8082, 22789, 919, 17768.73, 12.60, 11.12
10:55:43, 1238.80, 11.89, 2153, 4169, 7000, 9475, 9132, 8248, 7894, 7181, 15439, 694, 17738.61, 12.64, 11.12
10:55:44, 1225.40, 11.89, 3596, 7294, 12954, 15449, 18494, 17847, 16873, 18324, 19347, 859, 17723.58, 12.65, 11.13
10:55:44, 1211.50, 11.90, 1407, 2786, 4288, 6309, 8560, 7849, 8043, 6852, 10854, 547, 17738.61, 12.64, 11.13
10:55:44, 1195.50, 11.90, 3328, 6636, 10791, 13057, 16844, 17011, 16836, 17796, 11657, 671, 17753.66, 12.62, 11.14
10:55:45, 1177.40, 11.91, 3962, 8437, 13763, 17886, 9760, 9483, 9739, 10248, 9781, 530, 17768.73, 12.60, 11.14
10:55:45, 1159.60, 11.90, 2447, 4732, 6970, 10119, 11529, 10905, 11987, 12210, 14702, 711, 17753.66, 12.62, 11.14
10:55:46, 1138.90, 11.92, 2927, 5693, 8825, 10892, 12631, 12415, 13558, 15263, 16011, 781, 17738.61, 12.64, 11.15
10:55:46, 1121.90, 11.92, 3205, 6477, 9919, 13418, 18480, 18173, 20394, 19697, 15298, 836, 17768.73, 12.60, 11.15
10:55:47, 1103.80, 11.93, 4022, 8260, 12740, 16463, 8457, 8886, 10268, 12176, 8980, 542, 17783.81, 12.58, 11.16
10:55:47, 1086.20, 11.94, 3205, 5463, 8044, 9430, 23818, 28915, 26832, 31892, 12335, 956, 17783.81, 12.58, 11.16
10:55:47, 1067.50, 11.94, 5746, 10804, 15034, 20038, 5319, 5223, 5534, 6479, 9567, 608, 17798.91, 12.57, 11.16
10:55:48, 1051.40, 11.96, 7031, 11916, 16494, 22294, 19323, 18310, 22989, 26579, 11275, 1234, 17753.66, 12.62, 11.19
10:55:48, 1030.20, 11.97, 8055, 8960, 13724, 15468, 10595, 15778, 14575, 18260, 17155, 2637, 17783.81, 12.58, 11.19
10:55:49, 1023.10, 11.96, 8483, 7568, 12196, 17405, 10933, 23642, 23562, 26022, 36000, 10128, 17768.73, 12.60, 11.23
10:55:49, 1023.20, 11.96, 7929, 9745, 10390, 19005, 16235, 21462, 28390, 23744, 36000, 21822, 17768.73, 12.60, 11.23
10:55:50, 1023.20, 11.98, 7106, 9780, 8604, 20513, 17754, 20108, 29392, 16777, 36000, 36000, 17738.61, 12.64, 11.33
10:55:50, 1023.10, 11.98, 2759, 6515, 5862, 17068, 14385, 9674, 27475, 9344, 36000, 36000, 17753.66, 12.62, 11.33
10:55:50, 1022.80, 11.99, 2478, 6069, 7395, 15607, 18482, 6859, 24681, 9395, 36000, 36000, 17768.73, 12.60, 11.33
10:55:51, 1022.90, 12.00, 2263, 3522, 5694, 5893, 13004, 5340, 16767, 7755, 36000, 36000, 17678.57, 12.71, 11.42
10:55:51, 1022.20, 11.99, 6114, 6491, 13161, 9481, 19364, 11049, 22841, 19946, 36000, 36000, 17738.61, 12.64, 11.42
10:55:52, 1020.70, 11.94, 4041, 2906, 5470, 4198, 5057, 6654, 5136, 7007, 36000, 36000, 17768.73, 12.60, 11.37
10:55:52, 1020.30, 11.95, 8159, 4101, 11400, 7408, 7454, 18866, 7274, 15700, 36000, 36000, 17723.58, 12.65, 11.37
10:55:52, 1021.90, 12.03, 9206, 17036, 18543, 22061, 28495, 23627, 26856, 29545, 32162, 29492, 17693.55, 12.69, 11.37
10:55:53, 1014.50, 11.67, 976, 1302, 1551, 1599, 1461, 1468, 1621, 1891, 8299, 4182, 17723.58, 12.65, 11.28
10:55:53, 1013.60, 11.40, 462, 676, 854, 1040, 1012, 1107, 1353, 1694, 4302, 2294, 17738.61, 12.64, 11.28
10:55:54, 1012.20, 11.43, 380, 545, 713, 902, 942, 1068, 1272, 1531, 4196, 2144, 17723.58, 12.65, 11.25
10:55:54, 1020.60, 12.03, 384, 543, 711, 884, 931, 1059, 1246, 1528, 4458, 2286, 17648.65, 12.74, 11.25
10:55:55, 1021.80, 12.16, 416, 609, 791, 984, 1005, 1181, 1329, 1719, 5460, 2943, 17648.65, 12.74, 11.25
10:55:55, 1021.60, 12.18, 412, 596, 775, 942, 912, 1053, 1208, 1607, 4747, 2668, 17618.79, 12.78, 11.25
10:55:55, 1021.10, 12.17, 412, 597, 758, 929, 960, 1100, 1296, 1737, 5477, 3148, 17633.71, 12.76, 11.25
10:55:56, 1013.40, 11.74, 473, 679, 847, 1008, 1005, 1084, 1291, 1757, 5673, 3464, 17574.13, 12.83, 11.29
10:55:56, 1011.10, 11.65, 389, 553, 690, 844, 852, 959, 1140, 1505, 4282, 2659, 17544.42, 12.86, 11.29
10:55:57, 1022.30, 12.29, 496, 697, 872, 1029, 1139, 1204, 1389, 1958, 7748, 4213, 17559.27, 12.85, 11.33
10:55:57, 1022.20, 12.30, 444, 613, 822, 966, 877, 985, 1197, 1609, 6082, 4210, 17559.27, 12.85, 11.33
10:55:57, 1022.20, 12.31, 269, 387, 514, 617, 584, 689, 855, 1054, 5016, 3303, 17514.79, 12.90, 11.33
