Secchi Depth (cm) = 0410
Forel Ule Scale = 15
pH Colour Scale = 99
SmartSecchi S/N = A0000001
Latitude (degs N) = 56.45526
Longitude (degs E) = -5.18813
Date = 2023-05-23
Time (UTC), Pressure (mbar) MS5803, Temp (deg C) MS5803, 415nm, 445nm, 480nm, 515nm, 555nm, 590nm, 630nm, 680nm, Clear, NIR, Resistance 10KTHERM, Temp (deg C) 10KTHERM, Temp (deg C) TMP117
10:51:54, 1015.10, 12.21, 107, 144, 180, 222, 228, 300, 440, 559, 1856, 1200, 18042.76, 12.29, 11.51
10:51:54, 1015.00, 12.22, 107, 144, 179, 222, 227, 298, 438, 555, 1838, 1184, 18073.54, 12.25, 11.51
10:51:54, 1015.10, 12.23, 106, 143, 178, 220, 225, 295, 432, 548, 1806, 1161, 18058.15, 12.27, 11.55
10:51:55, 1015.00, 12.23, 103, 139, 174, 214, 223, 292, 429, 544, 1789, 1156, 18058.15, 12.27, 11.55
10:51:55, 1015.10, 12.24, 103, 140, 175, 216, 223, 293, 427, 540, 1772, 1131, 18058.15, 12.27, 11.55
10:51:56, 1015.10, 12.24, 104, 141, 176, 217, 223, 293, 426, 540, 1770, 1127, 18073.54, 12.25, 11.59
10:51:56, 1015.20, 12.24, 103, 141, 175, 216, 221, 291, 423, 537, 1761, 1124, 18088.96, 12.23, 11.59
10:51:57, 1015.20, 12.24, 103, 140, 174, 215, 222, 292, 426, 541, 1769, 1133, 18058.15, 12.27, 11.61
10:51:57, 1015.20, 12.24, 104, 141, 176, 218, 224, 296, 430, 543, 1769, 1118, 18058.15, 12.27, 11.61
10:51:57, 1015.10, 12.24, 104, 141, 176, 217, 221, 292, 424, 538, 1755, 1118, 18073.54, 12.25, 11.61
10:51:58, 1015.20, 12.24, 103, 140, 174, 215, 220, 290, 423, 537, 1755, 1121, 18042.76, 12.29, 11.63
10:51:58, 1015.00, 12.24, 103, 139, 173, 214, 220, 290, 424, 537, 1756, 1127, 18042.76, 12.29, 11.63
10:51:59, 1015.30, 12.24, 104, 140, 175, 217, 223, 294, 429, 543, 1767, 1125, 18104.39, 12.21, 11.62
10:51:59, 1015.10, 12.24, 105, 142, 177, 218, 223, 296, 431, 548, 1774, 1132, 18073.54, 12.25, 11.62
10:51:59, 1015.20, 12.23, 104, 141, 176, 217, 222, 294, 431, 549, 1785, 1149, 18042.76, 12.29, 11.61
10:52:00, 1015.40, 12.24, 104, 140, 175, 215, 214, 287, 424, 546, 1773, 1167, 18058.15, 12.27, 11.61
10:52:00, 1015.90, 12.28, 239, 278, 383, 406, 500, 578, 773, 965, 4666, 2986, 18042.76, 12.29, 11.61
10:52:01, 1016.60, 12.30, 641, 907, 1194, 1432, 2215, 2436, 2765, 3139, 12512, 5355, 18073.54, 12.25, 11.59
10:52:01, 1016.70, 12.29, 927, 1295, 1762, 2058, 2199, 2378, 2775, 3011, 10665, 4415, 18027.40, 12.30, 11.59
10:52:02, 1016.30, 12.28, 905, 1294, 1739, 2061, 2051, 2267, 2544, 2893, 12561, 4956, 18058.15, 12.27, 11.56
10:52:02, 1017.10, 12.33, 672, 946, 1255, 1487, 2166, 2273, 2668, 2939, 10357, 4481, 18058.15, 12.27, 11.56
10:52:02, 1017.60, 12.35, 1541, 2188, 2962, 3452, 3933, 4203, 4856, 5379, 19446, 7649, 18073.54, 12.25, 11.56
10:52:03, 1017.50, 12.35, 1603, 2314, 3097, 3652, 3772, 4078, 4654, 5283, 20502, 8071, 18058.15, 12.27, 11.54
10:52:03, 1017.60, 12.35, 1337, 1912, 2572, 2992, 3269, 3529, 3976, 4635, 17655, 7159, 18058.15, 12.27, 11.54
10:52:04, 1017.30, 12.35, 1255, 1816, 2456, 2818, 3055, 3160, 3758, 4195, 14593, 6032, 18073.54, 12.25, 11.56
10:52:04, 1017.50, 12.36, 1250, 1872, 2493, 2940, 3085, 3215, 3857, 4247, 13044, 5318, 18042.76, 12.29, 11.56
10:52:04, 1018.00, 12.36, 1280, 1884, 2520, 2957, 3420, 3593, 4224, 4710, 15111, 6129, 18042.76, 12.29, 11.56
10:52:05, 1017.70, 12.36, 1323, 1929, 2594, 3032, 3443, 3659, 4259, 4748, 15746, 6373, 18058.15, 12.27, 11.55
10:52:05, 1017.80, 12.36, 1394, 2031, 2726, 3178, 3423, 3654, 4199, 4770, 16351, 6692, 18073.54, 12.25, 11.55
10:52:06, 1017.90, 12.37, 1334, 1949, 2599, 3053, 3510, 3730, 4304, 4873, 18624, 7511, 18088.96, 12.23, 11.57
10:52:06, 1018.00, 12.37, 1355, 1995, 2664, 3120, 3334, 3589, 4081, 4671, 19857, 7859, 18088.96, 12.23, 11.57
10:52:07, 1018.00, 12.37, 1285, 1899, 2541, 3011, 3020, 3249, 3753, 4173, 19249, 7515, 18058.15, 12.27, 11.58
10:52:07, 1017.90, 12.37, 1295, 1927, 2574, 3054, 3406, 3643, 4220, 4670, 20293, 7821, 18073.54, 12.25, 11.58
10:52:07, 1017.80, 12.36, 1258, 1894, 2527, 2986, 3350, 3569, 4153, 4613, 20496, 7960, 18073.54, 12.25, 11.58
10:52:08, 1018.00, 12.36, 1304, 1960, 2623, 3094, 3172, 3376, 3939, 4366, 19949, 7843, 18012.05, 12.32, 11.59
10:52:08, 1018.00, 12.36, 1290, 1932, 2594, 3054, 3323, 3538, 4127, 4540, 19915, 7800, 18104.39, 12.21, 11.59
10:52:09, 1018.00, 12.37, 1241, 1863, 2496, 2946, 3291, 3503, 4093, 4492, 19693, 7732, 18104.39, 12.21, 11.59
10:52:09, 1019.90, 12.38, 1274, 1913, 2567, 3027, 3188, 3390, 3967, 4365, 19596, 7701, 18088.96, 12.23, 11.59
10:52:09, 1019.70, 12.44, 1257, 1889, 2527, 2992, 3246, 3467, 4033, 4448, 20125, 7832, 18058.15, 12.27, 11.59
10:52:10, 1021.90, 12.53, 1217, 1822, 2432, 2884, 3034, 3255, 3773, 4186, 19553, 7561, 18042.76, 12.29, 12.41
10:52:10, 1025.90, 12.60, 940, 1454, 1949, 2346, 2836, 3008, 3501, 3899, 17262, 4465, 18073.54, 12.25, 12.41
10:52:11, 1027.50, 12.67, 971, 1454, 2010, 2382, 2585, 2746, 3144, 3545, 14606, 3389, 18073.54, 12.25, 13.00
10:52:11, 1030.20, 12.73, 905, 1347, 1863, 2202, 2387, 2543, 2888, 3294, 13232, 3223, 18073.54, 12.25, 13.00
10:52:12, 1040.40, 12.81, 861, 1324, 1901, 2265, 2384, 2493, 2842, 3158, 10456, 1611, 18073.54, 12.25, 13.00
10:52:12, 1040.40, 12.85, 716, 1120, 1641, 1970, 2357, 2451, 2798, 3091, 9956, 1412, 18058.15, 12.27, 13.26
10:52:12, 1038.60, 12.89, 702, 1084, 1571, 1878, 2085, 2181, 2492, 2781, 8937, 1408, 18104.39, 12.21, 13.26
10:52:13, 1038.50, 12.93, 779, 1214, 1741, 2084, 2447, 2553, 2930, 3250, 9646, 1509, 18088.96, 12.23, 13.33
10:52:13, 1038.90, 12.95, 698, 1091, 1575, 1894, 2275, 2360, 2726, 3005, 7746, 1117, 18104.39, 12.21, 13.33
10:52:14, 1038.70, 12.98, 774, 1216, 1756, 2119, 2314, 2387, 2804, 3050, 7197, 1060, 18119.85, 12.20, 13.37
10:52:14, 1040.20, 13.00, 765, 1207, 1728, 2104, 2393, 2472, 2917, 3134, 6630, 891, 18104.39, 12.21, 13.37
10:52:14, 1039.70, 13.02, 775, 1234, 1783, 2192, 2431, 2547, 2963, 3198, 6328, 789, 18088.96, 12.23, 13.37
10:52:15, 1037.00, 13.03, 824, 1298, 1853, 2280, 2600, 2743, 3186, 3444, 6513, 846, 18058.15, 12.27, 13.37
10:52:15, 1037.80, 13.04, 881, 1373, 1953, 2397, 2668, 2824, 3271, 3526, 6730, 840, 18104.39, 12.21, 13.37
10:52:16, 1037.90, 13.05, 864, 1351, 1937, 2387, 2817, 2989, 3455, 3698, 7357, 861, 18088.96, 12.23, 13.38
10:52:16, 1036.50, 13.06, 919, 1417, 2020, 2443, 2793, 2974, 3409, 3712, 7630, 972, 18088.96, 12.23, 13.38
10:52:17, 1036.60, 13.07, 960, 1477, 2112, 2568, 2885, 3063, 3507, 3817, 8466, 1110, 18104.39, 12.21, 13.38
10:52:17, 1037.30, 13.08, 969, 1488, 2135, 2596, 2887, 3072, 3514, 3811, 8409, 1094, 18104.39, 12.21, 13.38
10:52:17, 1038.50, 13.09, 945, 1458, 2099, 2528, 2918, 3093, 3543, 3829, 8544, 1036, 18119.85, 12.20, 13.38
10:52:18, 1036.10, 13.10, 956, 1476, 2127, 2595, 2959, 3131, 3612, 3901, 8972, 1206, 18088.96, 12.23, 13.38
10:52:18, 1036.70, 13.11, 1003, 1538, 2188, 2654, 3020, 3196, 3673, 3972, 9417, 1247, 18088.96, 12.23, 13.38
10:52:19, 1038.80, 13.11, 996, 1545, 2236, 2719, 2926, 3088, 3546, 3827, 9154, 1159, 18104.39, 12.21, 13.38
10:52:19, 1038.70, 13.12, 967, 1489, 2147, 2613, 2982, 3157, 3616, 3893, 9726, 1276, 18104.39, 12.21, 13.38
10:52:19, 1039.50, 13.13, 960, 1509, 2178, 2622, 2883, 3051, 3485, 3763, 9281, 1191, 18104.39, 12.21, 13.38
10:52:20, 1038.90, 13.13, 931, 1438, 2088, 2539, 2987, 3129, 3593, 3897, 10416, 1407, 18150.79, 12.16, 13.38
10:52:20, 1038.80, 13.14, 970, 1493, 2163, 2628, 2876, 3042, 3498, 3751, 9782, 1345, 18088.96, 12.23, 13.38
10:52:21, 1038.10, 13.15, 1001, 1550, 2241, 2711, 2983, 3148, 3616, 3885, 10718, 1477, 18088.96, 12.23, 13.38
10:52:21, 1039.40, 13.15, 936, 1451, 2093, 2543, 2920, 3072, 3545, 3799, 10808, 1493, 18135.31, 12.18, 13.38
10:52:22, 1040.10, 13.15, 905, 1408, 2044, 2493, 2827, 2961, 3425, 3656, 10310, 1409, 18119.85, 12.20, 13.38
10:52:22, 1040.00, 13.16, 957, 1496, 2167, 2638, 2788, 2919, 3388, 3613, 10017, 1391, 18104.39, 12.21, 13.38
10:52:22, 1040.70, 13.17, 938, 1466, 2139, 2618, 2852, 2979, 3440, 3681, 10349, 1374, 18088.96, 12.23, 13.38
10:52:23, 1040.20, 13.18, 955, 1486, 2155, 2634, 2858, 3010, 3469, 3713, 10008, 1354, 18104.39, 12.21, 13.38
10:52:23, 1042.70, 13.18, 924, 1445, 2118, 2584, 2911, 3060, 3501, 3748, 9364, 1077, 18104.39, 12.21, 13.38
10:52:24, 1041.00, 13.19, 901, 1417, 2068, 2535, 2908, 3066, 3503, 3777, 8957, 1066, 18135.31, 12.18, 13.38
10:52:24, 1040.50, 13.20, 943, 1469, 2133, 2586, 2844, 3017, 3438, 3724, 8325, 1001, 18135.31, 12.18, 13.38
10:52:24, 1041.30, 13.21, 912, 1423, 2074, 2515, 2809, 2986, 3397, 3676, 8082, 930, 18104.39, 12.21, 13.38
10:52:25, 1041.40, 13.22, 866, 1354, 1971, 2420, 2739, 2904, 3309, 3586, 7461, 842, 18135.31, 12.18, 13.38
10:52:25, 1040.70, 13.22, 911, 1425, 2072, 2549, 2755, 2922, 3349, 3608, 7335, 843, 18119.85, 12.20, 13.38
10:52:26, 1041.70, 13.22, 906, 1414, 2048, 2494, 2837, 3016, 3444, 3709, 8024, 906, 18104.39, 12.21, 13.38
10:52:26, 1041.80, 13.23, 889, 1390, 2032, 2500, 2668, 2819, 3224, 3477, 7192, 807, 18119.85, 12.20, 13.38
10:52:27, 1040.50, 13.23, 945, 1464, 2131, 2608, 2853, 3027, 3459, 3737, 8532, 1046, 18135.31, 12.18, 13.38
10:52:27, 1041.40, 13.23, 930, 1442, 2088, 2542, 2870, 3031, 3457, 3741, 8773, 1046, 18135.31, 12.18, 13.38
10:52:27, 1041.10, 13.24, 921, 1441, 2111, 2579, 2855, 3012, 3446, 3697, 9210, 1126, 18119.85, 12.20, 13.38
10:52:28, 1040.00, 13.25, 970, 1506, 2193, 2663, 2909, 3061, 3511, 3787, 9790, 1291, 18135.31, 12.18, 13.39
10:52:28, 1040.40, 13.25, 953, 1480, 2151, 2624, 2999, 3158, 3606, 3902, 10588, 1412, 18104.39, 12.21, 13.39
10:52:29, 1040.50, 13.25, 919, 1427, 2089, 2541, 2922, 3073, 3510, 3786, 9963, 1254, 18104.39, 12.21, 13.39
10:52:29, 1038.50, 13.26, 961, 1489, 2156, 2606, 3061, 3229, 3687, 4001, 11192, 1570, 18119.85, 12.20, 13.38
10:52:30, 1040.90, 13.27, 954, 1479, 2146, 2607, 2897, 3058, 3492, 3761, 9623, 1207, 18166.30, 12.14, 13.38
10:52:30, 1040.90, 13.27, 943, 1468, 2148, 2617, 2953, 3112, 3541, 3850, 9696, 1189, 18119.85, 12.20, 13.38
10:52:30, 1040.00, 13.28, 931, 1446, 2101, 2566, 2920, 3096, 3518, 3827, 8775, 1044, 18088.96, 12.23, 13.38
10:52:31, 1039.60, 13.28, 950, 1479, 2139, 2603, 2808, 2985, 3394, 3705, 7937, 960, 18150.79, 12.16, 13.38
10:52:31, 1040.40, 13.29, 947, 1480, 2135, 2614, 2891, 3073, 3504, 3814, 8151, 962, 18088.96, 12.23, 13.38
10:52:32, 1040.20, 13.29, 913, 1437, 2080, 2557, 2876, 3068, 3497, 3800, 7828, 903, 18088.96, 12.23, 13.38
10:52:32, 1039.30, 13.30, 914, 1424, 2050, 2510, 2765, 2952, 3338, 3681, 7543, 918, 18119.85, 12.20, 13.38
10:52:32, 1039.10, 13.30, 958, 1481, 2136, 2612, 2972, 3163, 3613, 3922, 8938, 1118, 18119.85, 12.20, 13.38
10:52:33, 1040.10, 13.30, 980, 1526, 2204, 2668, 2972, 3139, 3559, 3905, 9237, 1137, 18119.85, 12.20, 13.38
10:52:33, 1038.80, 13.31, 993, 1547, 2250, 2754, 2949, 3121, 3561, 3865, 9588, 1260, 18135.31, 12.18, 13.38
10:52:34, 1037.90, 13.31, 1029, 1589, 2288, 2761, 3227, 3401, 3862, 4232, 11548, 1643, 18119.85, 12.20, 13.38
10:52:34, 1039.20, 13.31, 953, 1471, 2134, 2583, 2886, 3044, 3487, 3778, 9945, 1368, 18104.39, 12.21, 13.38
10:52:35, 1038.60, 13.32, 999, 1540, 2251, 2720, 3051, 3206, 3663, 3967, 11342, 1602, 18104.39, 12.21, 13.38
10:52:35, 1039.00, 13.32, 942, 1447, 2092, 2522, 2969, 3120, 3575, 3883, 10535, 1493, 18119.85, 12.20, 13.38
10:52:35, 1039.70, 13.32, 982, 1523, 2218, 2683, 2875, 3036, 3468, 3748, 9938, 1346, 18088.96, 12.23, 13.38
10:52:36, 1038.50, 13.33, 1017, 1574, 2280, 2772, 3029, 3212, 3649, 3975, 10145, 1357, 18150.79, 12.16, 13.38
10:52:36, 1038.10, 13.33, 997, 1540, 2209, 2679, 3014, 3198, 3641, 3980, 9392, 1251, 18104.39, 12.21, 13.38
10:52:37, 1038.20, 13.33, 964, 1493, 2152, 2631, 2965, 3143, 3577, 3896, 8725, 1082, 18088.96, 12.23, 13.38
10:52:37, 1036.40, 13.34, 1028, 1586, 2272, 2769, 3026, 3217, 3680, 4009, 9175, 1233, 18119.85, 12.20, 13.38
10:52:37, 1037.60, 13.34, 1007, 1548, 2211, 2693, 3102, 3292, 3748, 4096, 9352, 1205, 18135.31, 12.18, 13.38
10:52:38, 1038.00, 13.34, 976, 1511, 2172, 2635, 2986, 3172, 3606, 3938, 9214, 1198, 18135.31, 12.18, 13.38
10:52:38, 1037.60, 13.35, 1017, 1558, 2242, 2730, 2997, 3182, 3622, 3955, 9815, 1369, 18104.39, 12.21, 13.38
10:52:39, 1037.50, 13.35, 1042, 1602, 2315, 2795, 3099, 3283, 3720, 4070, 10834, 1496, 18119.85, 12.20, 13.38
10:52:39, 1037.90, 13.36, 969, 1489, 2148, 2590, 3056, 3226, 3678, 4014, 10986, 1584, 18119.85, 12.20, 13.39
10:52:40, 1037.80, 13.36, 986, 1520, 2203, 2659, 2957, 3127, 3558, 3876, 11212, 1667, 18119.85, 12.20, 13.39
10:52:40, 1037.40, 13.36, 977, 1508, 2176, 2614, 3012, 3168, 3634, 3939, 11794, 1792, 18058.15, 12.27, 13.39
10:52:40, 1037.60, 13.36, 965, 1492, 2151, 2585, 2933, 3071, 3544, 3837, 11708, 1861, 18135.31, 12.18, 13.39
10:52:41, 1038.90, 13.36, 971, 1513, 2191, 2638, 2849, 2985, 3436, 3709, 11252, 1691, 18119.85, 12.20, 13.39
10:52:41, 1038.10, 13.37, 976, 1521, 2213, 2663, 2949, 3091, 3563, 3844, 11587, 1761, 18104.39, 12.21, 13.38
10:52:42, 1037.80, 13.37, 980, 1507, 2183, 2621, 2977, 3133, 3594, 3894, 10984, 1623, 18104.39, 12.21, 13.38
10:52:42, 1039.00, 13.37, 963, 1474, 2141, 2578, 2944, 3112, 3543, 3854, 10190, 1413, 18104.39, 12.21, 13.39
10:52:42, 1042.30, 13.37, 943, 1460, 2126, 2582, 2895, 3059, 3467, 3781, 8879, 1090, 18119.85, 12.20, 13.39
10:52:43, 1047.90, 13.38, 875, 1378, 2028, 2502, 2840, 3005, 3398, 3672, 7832, 788, 18119.85, 12.20, 13.39
10:52:43, 1054.10, 13.38, 770, 1237, 1849, 2312, 2487, 2626, 2980, 3194, 5832, 516, 18073.54, 12.25, 13.38
10:52:44, 1058.00, 13.38, 679, 1118, 1694, 2149, 2376, 2478, 2843, 2994, 5158, 433, 18119.85, 12.20, 13.38
10:52:44, 1061.10, 13.39, 617, 1020, 1557, 1972, 2189, 2295, 2623, 2763, 4888, 405, 18058.15, 12.27, 13.39
10:52:45, 1065.50, 13.39, 607, 1019, 1583, 2035, 2351, 2457, 2793, 2910, 5076, 387, 18088.96, 12.23, 13.39
10:52:45, 1068.70, 13.39, 619, 1038, 1637, 2090, 2455, 2569, 2876, 3011, 5837, 425, 18088.96, 12.23, 13.39
10:52:45, 1070.60, 13.39, 627, 1050, 1682, 2166, 2492, 2583, 2898, 3004, 6229, 456, 18104.39, 12.21, 13.38
10:52:46, 1072.40, 13.39, 631, 1058, 1708, 2186, 2554, 2662, 2967, 3074, 7043, 525, 18073.54, 12.25, 13.38
10:52:46, 1077.10, 13.40, 603, 1025, 1668, 2150, 2443, 2527, 2811, 2903, 6429, 472, 18104.39, 12.21, 13.38
10:52:47, 1082.20, 13.40, 574, 982, 1623, 2111, 2506, 2592, 2862, 2939, 6397, 442, 18135.31, 12.18, 13.38
10:52:47, 1086.60, 13.40, 545, 942, 1576, 2070, 2407, 2484, 2739, 2797, 6025, 409, 18135.31, 12.18, 13.38
10:52:47, 1090.90, 13.40, 524, 915, 1547, 2044, 2296, 2370, 2598, 2641, 5425, 356, 18073.54, 12.25, 13.38
10:52:48, 1095.00, 13.40, 492, 870, 1491, 1985, 2313, 2381, 2610, 2620, 5315, 339, 18104.39, 12.21, 13.38
10:52:48, 1099.70, 13.40, 455, 810, 1403, 1886, 2190, 2251, 2471, 2462, 4765, 298, 18088.96, 12.23, 13.38
10:52:49, 1103.30, 13.40, 433, 775, 1357, 1833, 2120, 2179, 2373, 2368, 4470, 274, 18104.39, 12.21, 13.38
10:52:49, 1107.10, 13.40, 403, 727, 1290, 1762, 2065, 2121, 2305, 2283, 4015, 242, 18104.39, 12.21, 13.39
10:52:50, 1109.50, 13.41, 372, 673, 1201, 1648, 1939, 1996, 2165, 2140, 3629, 217, 18073.54, 12.25, 13.39
10:52:50, 1113.40, 13.41, 354, 648, 1161, 1605, 1851, 1902, 2063, 2033, 3302, 197, 18119.85, 12.20, 13.39
10:52:50, 1117.90, 13.41, 329, 605, 1098, 1534, 1813, 1859, 2010, 1962, 3121, 186, 18088.96, 12.23, 13.38
10:52:51, 1121.50, 13.41, 314, 580, 1068, 1500, 1774, 1818, 1949, 1901, 3070, 181, 18088.96, 12.23, 13.38
10:52:51, 1124.80, 13.42, 305, 563, 1046, 1474, 1742, 1786, 1910, 1854, 2994, 177, 18058.15, 12.27, 13.39
10:52:52, 1128.70, 13.42, 299, 556, 1041, 1468, 1737, 1777, 1887, 1832, 2994, 176, 18073.54, 12.25, 13.39
10:52:52, 1132.50, 13.42, 278, 517, 981, 1400, 1691, 1725, 1832, 1759, 2813, 166, 18073.54, 12.25, 13.39
10:52:52, 1136.40, 13.42, 262, 490, 938, 1347, 1576, 1609, 1704, 1638, 2457, 145, 18073.54, 12.25, 13.38
10:52:53, 1139.80, 13.42, 242, 453, 870, 1258, 1510, 1533, 1635, 1555, 2298, 136, 18088.96, 12.23, 13.38
10:52:53, 1143.60, 13.42, 225, 425, 826, 1207, 1468, 1487, 1582, 1495, 2179, 129, 18058.15, 12.27, 13.38
10:52:54, 1146.60, 13.42, 219, 414, 812, 1191, 1449, 1465, 1555, 1466, 2170, 128, 18058.15, 12.27, 13.38
10:52:54, 1148.40, 13.42, 222, 420, 829, 1216, 1496, 1514, 1595, 1503, 2280, 133, 18088.96, 12.23, 13.32
10:52:55, 1153.50, 13.42, 214, 403, 804, 1185, 1440, 1459, 1525, 1434, 2101, 124, 18088.96, 12.23, 13.32
10:52:55, 1160.30, 13.41, 208, 394, 797, 1184, 1453, 1466, 1522, 1415, 2196, 129, 18073.54, 12.25, 13.32
10:52:55, 1162.30, 13.40, 200, 381, 782, 1174, 1455, 1467, 1517, 1401, 2213, 129, 18088.96, 12.23, 13.27
10:52:56, 1166.70, 13.40, 188, 359, 740, 1112, 1339, 1349, 1397, 1291, 1898, 111, 18058.15, 12.27, 13.27
10:52:56, 1171.10, 13.39, 172, 327, 682, 1034, 1269, 1273, 1321, 1206, 1749, 103, 18042.76, 12.29, 13.16
10:52:57, 1173.10, 13.37, 163, 312, 656, 1002, 1252, 1252, 1297, 1178, 1763, 104, 18042.76, 12.29, 13.16
10:52:57, 1174.10, 13.35, 155, 297, 625, 958, 1193, 1191, 1239, 1126, 1643, 98, 18027.40, 12.30, 13.16
10:52:57, 1169.00, 13.32, 158, 304, 640, 976, 1280, 1275, 1332, 1201, 1924, 114, 18042.76, 12.29, 12.97
10:52:58, 1153.30, 13.31, 187, 362, 743, 1116, 1426, 1423, 1509, 1380, 2158, 128, 18027.40, 12.30, 12.97
10:52:58, 1141.60, 13.29, 210, 405, 803, 1181, 1437, 1440, 1553, 1434, 2396, 145, 18027.40, 12.30, 12.95
10:52:59, 1134.70, 13.28, 221, 420, 811, 1174, 1465, 1474, 1596, 1501, 2366, 142, 18027.40, 12.30, 12.95
10:52:59, 1122.90, 13.28, 251, 474, 896, 1286, 1554, 1576, 1715, 1635, 2507, 150, 18042.76, 12.29, 12.95
10:53:00, 1113.50, 13.29, 296, 551, 1008, 1420, 1700, 1732, 1900, 1834, 3001, 179, 18042.76, 12.29, 13.10
10:53:00, 1104.00, 13.30, 315, 578, 1030, 1432, 1727, 1769, 1954, 1921, 2922, 178, 18073.54, 12.25, 13.10
10:53:00, 1094.30, 13.32, 357, 646, 1124, 1543, 1830, 1894, 2093, 2088, 3244, 201, 18058.15, 12.27, 13.25
10:53:01, 1082.20, 13.34, 440, 777, 1305, 1748, 2073, 2151, 2399, 2438, 4097, 265, 18058.15, 12.27, 13.25
10:53:01, 1074.20, 13.35, 481, 833, 1359, 1794, 2060, 2137, 2411, 2466, 4045, 280, 18042.76, 12.29, 13.33
10:53:02, 1067.50, 13.37, 537, 920, 1470, 1917, 2248, 2338, 2649, 2741, 4763, 348, 18058.15, 12.27, 13.33
10:53:02, 1055.00, 13.38, 620, 1030, 1593, 2044, 2413, 2538, 2871, 3041, 5378, 447, 18058.15, 12.27, 13.33
10:53:02, 1044.20, 13.39, 786, 1254, 1872, 2346, 2703, 2870, 3250, 3499, 6974, 703, 18058.15, 12.27, 13.37
10:53:03, 1033.20, 13.40, 914, 1430, 2054, 2532, 2903, 3110, 3532, 3869, 8077, 1102, 18042.76, 12.29, 13.37
10:53:03, 1025.90, 13.41, 1076, 1613, 2236, 2705, 2961, 3183, 3629, 4032, 8702, 1625, 18027.40, 12.30, 13.38
10:53:04, 1017.70, 13.41, 1306, 1895, 2568, 3053, 3201, 3488, 3941, 4411, 10436, 3314, 18042.76, 12.29, 13.38
10:53:04, 1018.10, 13.41, 1262, 1810, 2427, 2877, 3246, 3535, 4009, 4484, 10798, 3600, 18042.76, 12.29, 13.38
10:53:05, 1017.90, 13.42, 1363, 1961, 2636, 3120, 3399, 3711, 4200, 4719, 11933, 3983, 17996.71, 12.34, 13.40
10:53:05, 1017.60, 13.42, 1353, 1952, 2605, 3088, 3344, 3662, 4136, 4682, 11551, 3925, 18012.05, 12.32, 13.40
10:53:05, 1017.80, 13.42, 1458, 2123, 2807, 3372, 3667, 3973, 4558, 5097, 14609, 5550, 18027.40, 12.30, 13.38
10:53:06, 1017.80, 13.42, 1467, 2132, 2828, 3397, 3530, 3813, 4405, 4887, 14060, 5422, 18012.05, 12.32, 13.38
10:53:06, 1017.50, 13.42, 1414, 2065, 2740, 3305, 3601, 3873, 4526, 4959, 14586, 5477, 17996.71, 12.34, 13.38
10:53:07, 1017.50, 13.41, 1291, 1903, 2504, 3035, 3300, 3478, 4134, 4511, 13644, 5433, 18042.76, 12.29, 13.26
10:53:07, 1017.40, 13.40, 1259, 1799, 2432, 2858, 3018, 3230, 3701, 4151, 14814, 5895, 17981.40, 12.36, 13.26
10:53:07, 1017.50, 13.39, 1378, 1969, 2640, 3103, 3446, 3691, 4239, 4778, 18839, 7323, 18027.40, 12.30, 13.10
10:53:08, 1017.60, 13.38, 1255, 1881, 2481, 2998, 3145, 3361, 4004, 4321, 16765, 6281, 17996.71, 12.34, 13.10
10:53:08, 1017.50, 13.37, 1093, 1682, 2229, 2687, 2765, 2869, 3511, 3753, 14036, 5654, 18042.76, 12.29, 12.91
10:53:09, 1017.60, 13.36, 771, 1196, 1577, 1909, 1866, 1899, 2431, 2521, 9100, 4047, 17996.71, 12.34, 12.91
10:53:09, 1017.70, 13.35, 452, 715, 909, 1160, 1056, 1079, 1443, 1439, 4626, 2032, 18042.76, 12.29, 12.91
10:53:10, 1017.80, 13.34, 255, 335, 417, 597, 508, 579, 719, 712, 2195, 860, 18027.40, 12.30, 12.73
10:53:10, 1017.90, 13.32, 264, 346, 461, 562, 622, 680, 766, 886, 3383, 1644, 17996.71, 12.34, 12.73
10:53:10, 1017.90, 13.30, 238, 285, 384, 458, 446, 509, 589, 628, 4242, 2155, 18012.05, 12.32, 12.57
10:53:11, 1017.80, 13.29, 184, 185, 299, 314, 379, 362, 512, 447, 3642, 2077, 17981.40, 12.36, 12.57
10:53:11, 1017.90, 13.27, 193, 179, 283, 335, 424, 496, 563, 571, 2133, 1198, 17996.71, 12.34, 12.57
10:53:12, 1017.70, 13.25, 420, 566, 762, 907, 1256, 1337, 1571, 1740, 2228, 1066, 17966.10, 12.37, 12.39
10:53:12, 1017.70, 13.23, 731, 1054, 1407, 1686, 2062, 2197, 2610, 2826, 5572, 2236, 17950.82, 12.39, 12.39
10:53:13, 1017.50, 13.22, 940, 1328, 1769, 2134, 2323, 2497, 2938, 3178, 6358, 2511, 17981.40, 12.36, 12.23
10:53:13, 1017.80, 13.21, 998, 1411, 1898, 2254, 2483, 2606, 3099, 3377, 9369, 4133, 17996.71, 12.34, 12.23
10:53:13, 1017.60, 13.19, 1032, 1434, 1957, 2275, 2628, 2822, 3244, 3612, 15070, 6284, 17981.40, 12.36, 12.23
10:53:14, 1017.80, 13.17, 1310, 1867, 2512, 2965, 3292, 3545, 4058, 4542, 19309, 7858, 17966.10, 12.37, 12.11
10:53:14, 1017.80, 13.16, 1388, 1968, 2647, 3135, 3344, 3589, 4142, 4601, 19462, 7819, 17950.82, 12.39, 12.11
10:53:15, 1017.80, 13.15, 1383, 1985, 2652, 3158, 3445, 3669, 4268, 4737, 19795, 7961, 17981.40, 12.36, 11.95
10:53:15, 1018.00, 13.14, 1402, 2028, 2705, 3213, 3524, 3759, 4375, 4869, 19862, 7960, 17966.10, 12.37, 11.95
10:53:15, 1017.90, 13.13, 1394, 2016, 2682, 3198, 3491, 3735, 4334, 4823, 19785, 7922, 17981.40, 12.36, 11.84
10:53:16, 1018.00, 13.12, 1365, 1985, 2657, 3133, 3309, 3495, 4053, 4530, 19615, 7847, 17981.40, 12.36, 11.84
10:53:16, 1018.00, 13.11, 1288, 1893, 2544, 2984, 3090, 3251, 3808, 4217, 18249, 7442, 17950.82, 12.39, 11.84
10:53:17, 1018.30, 13.11, 1067, 1561, 2086, 2471, 2709, 2855, 3366, 3691, 15777, 6323, 17981.40, 12.36, 11.78
10:53:17, 1018.30, 13.10, 1005, 1452, 1952, 2311, 2416, 2574, 3014, 3305, 13169, 5263, 17935.55, 12.41, 11.78
10:53:18, 1019.50, 13.09, 959, 1387, 1852, 2206, 2492, 2682, 3098, 3429, 12237, 4786, 17935.55, 12.41, 11.71
10:53:18, 1019.30, 13.11, 672, 992, 1329, 1617, 2253, 2425, 2801, 3097, 9274, 3101, 17920.31, 12.43, 11.71
10:53:18, 1019.60, 13.15, 1084, 1548, 2077, 2453, 2419, 2607, 3004, 3328, 9577, 3506, 17920.31, 12.43, 11.71
10:53:19, 1026.80, 13.19, 843, 1188, 1589, 1893, 1383, 1519, 1695, 1949, 4657, 1591, 17981.40, 12.36, 12.77
10:53:19, 1033.30, 13.23, 764, 1166, 1636, 1978, 2094, 2220, 2559, 2802, 7457, 1232, 17950.82, 12.39, 12.77
10:53:20, 1023.20, 13.25, 754, 1127, 1575, 1909, 2211, 2365, 2734, 3013, 8601, 1961, 17889.86, 12.46, 13.16
10:53:20, 1021.70, 13.28, 1010, 1466, 1963, 2336, 2504, 2692, 3112, 3441, 11759, 4398, 17920.31, 12.43, 13.16
10:53:20, 1035.10, 13.30, 541, 809, 1098, 1347, 1705, 1818, 2095, 2316, 6763, 1267, 17950.82, 12.39, 13.16
10:53:21, 1043.60, 13.32, 760, 1188, 1731, 2141, 2031, 2152, 2454, 2665, 7198, 922, 17950.82, 12.39, 13.31
10:53:21, 1033.00, 13.34, 648, 991, 1418, 1751, 2186, 2310, 2688, 2913, 9348, 1672, 17935.55, 12.41, 13.31
10:53:22, 1037.20, 13.36, 589, 886, 1220, 1493, 1553, 1623, 1908, 2099, 7429, 1509, 17920.31, 12.43, 13.37
10:53:22, 1043.10, 13.37, 763, 1204, 1759, 2165, 2268, 2360, 2741, 2921, 10124, 1291, 17905.07, 12.44, 13.37
10:53:23, 1036.10, 13.39, 560, 886, 1283, 1594, 2004, 2092, 2463, 2648, 9475, 1590, 17966.10, 12.37, 13.38
10:53:23, 1031.10, 13.39, 802, 1222, 1692, 2061, 2017, 2112, 2485, 2715, 10343, 2311, 17950.82, 12.39, 13.38
10:53:23, 1037.90, 13.40, 638, 973, 1351, 1646, 2117, 2219, 2600, 2815, 9943, 1832, 17981.40, 12.36, 13.38
10:53:24, 1042.60, 13.41, 696, 1098, 1598, 1979, 1931, 2016, 2345, 2511, 8626, 1194, 17935.55, 12.41, 13.37
10:53:24, 1034.90, 13.42, 613, 959, 1374, 1698, 2047, 2136, 2512, 2713, 9860, 1758, 17920.31, 12.43, 13.37
10:53:25, 1032.10, 13.42, 754, 1137, 1570, 1905, 1799, 1904, 2221, 2437, 9226, 2157, 17920.31, 12.43, 13.39
10:53:25, 1039.70, 13.43, 606, 929, 1304, 1605, 2051, 2161, 2507, 2707, 8888, 1370, 17905.07, 12.44, 13.39
10:53:25, 1039.60, 13.43, 634, 1003, 1457, 1820, 1955, 2053, 2392, 2562, 8395, 1251, 17950.82, 12.39, 13.39
10:53:26, 1035.10, 13.44, 698, 1071, 1502, 1842, 1897, 1984, 2330, 2522, 8993, 1709, 17935.55, 12.41, 13.39
10:53:26, 1037.10, 13.44, 685, 1058, 1486, 1831, 2042, 2152, 2507, 2718, 9341, 1638, 17950.82, 12.39, 13.39
10:53:27, 1039.60, 13.44, 644, 1001, 1434, 1773, 2023, 2110, 2479, 2647, 9077, 1410, 17935.55, 12.41, 13.39
10:53:27, 1039.00, 13.45, 652, 1016, 1441, 1777, 1925, 2015, 2349, 2555, 9019, 1557, 17920.31, 12.43, 13.39
10:53:28, 1038.10, 13.44, 678, 1055, 1517, 1869, 2015, 2099, 2461, 2653, 9321, 1530, 17920.31, 12.43, 13.39
10:53:28, 1037.80, 13.44, 671, 1038, 1465, 1799, 2182, 2282, 2674, 2880, 10407, 1782, 17905.07, 12.44, 13.38
10:53:28, 1038.80, 13.44, 644, 995, 1421, 1748, 1879, 1966, 2290, 2495, 8921, 1506, 17905.07, 12.44, 13.38
10:53:29, 1038.20, 13.44, 669, 1045, 1488, 1837, 2204, 2304, 2697, 2891, 10262, 1651, 17905.07, 12.44, 13.36
10:53:29, 1037.40, 13.44, 632, 972, 1370, 1682, 1892, 1980, 2315, 2514, 9036, 1606, 17950.82, 12.39, 13.36
10:53:30, 1037.60, 13.44, 686, 1057, 1504, 1849, 1954, 2055, 2396, 2603, 9054, 1580, 17920.31, 12.43, 13.37
10:53:30, 1037.10, 13.44, 644, 987, 1403, 1730, 1946, 2042, 2386, 2570, 8544, 1402, 17950.82, 12.39, 13.37
10:53:30, 1036.70, 13.44, 703, 1076, 1517, 1862, 2098, 2230, 2581, 2816, 9355, 1706, 17935.55, 12.41, 13.37
10:53:31, 1039.80, 13.44, 633, 970, 1387, 1717, 1740, 1833, 2113, 2299, 7146, 1063, 17905.07, 12.44, 13.36
10:53:31, 1037.00, 13.44, 687, 1064, 1522, 1878, 2155, 2275, 2642, 2865, 9334, 1548, 17905.07, 12.44, 13.36
10:53:32, 1038.30, 13.44, 629, 953, 1340, 1647, 1783, 1887, 2187, 2380, 7935, 1414, 17920.31, 12.43, 13.38
10:53:32, 1039.20, 13.44, 631, 980, 1407, 1741, 2091, 2200, 2548, 2753, 8802, 1319, 17874.66, 12.48, 13.38
10:53:33, 1037.30, 13.45, 629, 957, 1347, 1660, 1880, 1998, 2312, 2517, 8308, 1457, 17935.55, 12.41, 13.38
10:53:33, 1037.10, 13.45, 706, 1088, 1553, 1911, 2026, 2141, 2492, 2694, 8925, 1520, 17950.82, 12.39, 13.36
10:53:33, 1039.60, 13.45, 674, 1029, 1451, 1782, 2159, 2285, 2627, 2866, 9414, 1512, 17920.31, 12.43, 13.36
10:53:34, 1040.10, 13.45, 596, 928, 1343, 1665, 1795, 1877, 2188, 2368, 8178, 1294, 17905.07, 12.44, 13.37
10:53:34, 1035.80, 13.46, 715, 1108, 1572, 1935, 2101, 2195, 2571, 2785, 10069, 1804, 17905.07, 12.44, 13.37
10:53:35, 1036.30, 13.46, 689, 1061, 1478, 1814, 2023, 2119, 2472, 2701, 10208, 1967, 17889.86, 12.46, 13.37
10:53:35, 1040.70, 13.46, 649, 1015, 1445, 1785, 2030, 2114, 2473, 2657, 9534, 1478, 17920.31, 12.43, 13.38
10:53:35, 1038.90, 13.46, 631, 986, 1416, 1752, 2008, 2103, 2448, 2647, 9378, 1476, 17905.07, 12.44, 13.38
10:53:36, 1034.80, 13.47, 657, 1011, 1429, 1756, 1970, 2059, 2416, 2626, 9654, 1821, 17935.55, 12.41, 13.39
10:53:36, 1035.60, 13.47, 732, 1108, 1548, 1887, 2147, 2273, 2636, 2880, 9930, 1865, 17935.55, 12.41, 13.39
10:53:37, 1041.80, 13.47, 615, 945, 1345, 1665, 1833, 1935, 2237, 2418, 7888, 1183, 17905.07, 12.44, 13.38
10:53:37, 1040.20, 13.47, 652, 1022, 1488, 1850, 2021, 2136, 2462, 2656, 8095, 1153, 17905.07, 12.44, 13.38
10:53:38, 1033.70, 13.47, 681, 1034, 1458, 1795, 2069, 2206, 2544, 2792, 9055, 1708, 17920.31, 12.43, 13.38
10:53:38, 1038.20, 13.48, 686, 1032, 1443, 1772, 1743, 1849, 2142, 2337, 7618, 1376, 17920.31, 12.43, 13.38
10:53:38, 1040.50, 13.48, 686, 1065, 1536, 1898, 2110, 2218, 2565, 2766, 8914, 1316, 17905.07, 12.44, 13.38
10:53:39, 1037.50, 13.48, 635, 978, 1389, 1719, 1963, 2080, 2413, 2616, 8831, 1502, 17889.86, 12.46, 13.39
10:53:39, 1036.80, 13.49, 647, 990, 1397, 1717, 1964, 2068, 2410, 2618, 9123, 1644, 17920.31, 12.43, 13.39
10:53:40, 1039.40, 13.49, 696, 1067, 1515, 1858, 1974, 2080, 2412, 2619, 8663, 1408, 17874.66, 12.48, 13.39
10:53:40, 1039.20, 13.49, 626, 969, 1393, 1725, 1948, 2055, 2381, 2576, 8468, 1334, 17874.66, 12.48, 13.38
10:53:40, 1036.40, 13.49, 698, 1072, 1521, 1870, 2010, 2130, 2458, 2680, 8666, 1457, 17905.07, 12.44, 13.38
10:53:41, 1036.40, 13.49, 653, 983, 1377, 1692, 1942, 2063, 2394, 2609, 8665, 1650, 17920.31, 12.43, 13.39
10:53:41, 1040.40, 13.49, 696, 1074, 1549, 1903, 2065, 2175, 2515, 2714, 8570, 1256, 17950.82, 12.39, 13.39
10:53:42, 1043.60, 13.49, 623, 965, 1386, 1716, 1988, 2110, 2415, 2628, 7902, 1121, 17889.86, 12.46, 13.39
10:53:42, 1045.50, 13.49, 642, 996, 1454, 1806, 1851, 1961, 2251, 2428, 7175, 965, 17905.07, 12.44, 13.38
10:53:43, 1051.00, 13.49, 611, 949, 1386, 1725, 1997, 2116, 2406, 2604, 7594, 935, 17889.86, 12.46, 13.38
10:53:43, 1061.60, 13.49, 552, 888, 1347, 1707, 1848, 1947, 2200, 2336, 6250, 614, 17844.31, 12.51, 13.38
10:53:43, 1067.10, 13.49, 500, 820, 1285, 1646, 1839, 1928, 2162, 2270, 5497, 469, 17889.86, 12.46, 13.38
10:53:44, 1070.60, 13.49, 475, 774, 1219, 1566, 1831, 1917, 2167, 2267, 5545, 492, 17905.07, 12.44, 13.38
10:53:44, 1079.30, 13.49, 485, 794, 1268, 1626, 1789, 1878, 2075, 2170, 4919, 380, 17905.07, 12.44, 13.38
10:53:45, 1086.90, 13.49, 376, 644, 1079, 1434, 1650, 1711, 1891, 1925, 4414, 319, 17889.86, 12.46, 13.38
10:53:45, 1087.80, 13.49, 407, 698, 1169, 1548, 1794, 1868, 2060, 2127, 5210, 385, 17935.55, 12.41, 13.38
10:53:45, 1094.70, 13.49, 363, 615, 1018, 1352, 1510, 1567, 1741, 1778, 4579, 342, 17889.86, 12.46, 13.38
10:53:46, 1102.20, 13.49, 323, 571, 994, 1351, 1618, 1658, 1821, 1803, 4661, 323, 17874.66, 12.48, 13.38
10:53:46, 1105.20, 13.49, 315, 565, 998, 1373, 1533, 1579, 1721, 1718, 4356, 297, 17889.86, 12.46, 13.38
10:53:47, 1106.70, 13.49, 312, 549, 952, 1290, 1483, 1531, 1676, 1690, 4130, 289, 17889.86, 12.46, 13.38
10:53:47, 1110.70, 13.49, 304, 538, 957, 1314, 1562, 1601, 1745, 1717, 3964, 269, 17874.66, 12.48, 13.37
10:53:48, 1115.20, 13.49, 284, 503, 912, 1256, 1521, 1561, 1684, 1667, 3358, 220, 17874.66, 12.48, 13.37
10:53:48, 1118.70, 13.49, 318, 568, 1039, 1425, 1649, 1688, 1820, 1789, 3449, 221, 17844.31, 12.51, 13.37
10:53:48, 1123.10, 13.49, 281, 499, 918, 1274, 1524, 1561, 1675, 1644, 2751, 172, 17889.86, 12.46, 13.37
10:53:49, 1128.20, 13.49, 293, 532, 991, 1382, 1682, 1711, 1830, 1787, 3028, 184, 17859.47, 12.50, 13.37
10:53:49, 1132.80, 13.49, 289, 533, 1018, 1434, 1775, 1785, 1919, 1825, 3123, 183, 17874.66, 12.48, 13.34
10:53:50, 1133.90, 13.49, 285, 530, 1010, 1435, 1841, 1844, 1999, 1897, 3397, 201, 17920.31, 12.43, 13.34
10:53:50, 1138.30, 13.49, 322, 612, 1161, 1643, 2023, 2026, 2171, 2066, 4573, 282, 17874.66, 12.48, 13.35
10:53:50, 1145.30, 13.49, 295, 557, 1090, 1587, 1823, 1848, 1943, 1808, 4703, 301, 17905.07, 12.44, 13.35
10:53:51, 1145.80, 13.50, 259, 490, 972, 1408, 1786, 1799, 1889, 1770, 5328, 354, 17874.66, 12.48, 13.37
10:53:51, 1146.10, 13.50, 303, 576, 1133, 1616, 1978, 1981, 2091, 1965, 6236, 419, 17905.07, 12.44, 13.37
10:53:52, 1155.10, 13.50, 273, 521, 1037, 1491, 1754, 1753, 1836, 1708, 5438, 367, 17905.07, 12.44, 13.37
10:53:52, 1162.60, 13.50, 226, 432, 890, 1313, 1646, 1625, 1697, 1546, 5464, 374, 17874.66, 12.48, 13.38
10:53:53, 1164.50, 13.51, 233, 452, 938, 1389, 1737, 1701, 1807, 1621, 5975, 411, 17859.47, 12.50, 13.38
10:53:53, 1169.00, 13.51, 220, 437, 890, 1310, 1609, 1562, 1676, 1505, 5860, 404, 17889.86, 12.46, 13.38
10:53:53, 1176.80, 13.51, 207, 409, 864, 1293, 1618, 1570, 1650, 1455, 5775, 398, 17859.47, 12.50, 13.38
10:53:54, 1181.60, 13.51, 189, 371, 800, 1215, 1528, 1479, 1554, 1364, 5576, 386, 17859.47, 12.50, 13.38
10:53:54, 1183.30, 13.51, 194, 386, 822, 1245, 1603, 1546, 1638, 1430, 5632, 385, 17889.86, 12.46, 13.36
10:53:55, 1189.00, 13.51, 193, 384, 828, 1268, 1596, 1538, 1614, 1401, 5520, 379, 17829.17, 12.53, 13.36
10:53:55, 1196.20, 13.50, 173, 342, 755, 1163, 1462, 1409, 1463, 1265, 5197, 358, 17844.31, 12.51, 13.23
10:53:55, 1199.60, 13.47, 171, 338, 753, 1165, 1558, 1499, 1549, 1333, 5178, 357, 17889.86, 12.46, 13.23
10:53:56, 1203.20, 13.43, 177, 350, 785, 1224, 1561, 1502, 1546, 1324, 5051, 347, 17859.47, 12.50, 13.23
10:53:56, 1208.90, 13.37, 168, 331, 752, 1177, 1489, 1426, 1463, 1242, 4924, 339, 17859.47, 12.50, 12.81
10:53:57, 1211.30, 13.31, 161, 317, 725, 1141, 1509, 1445, 1475, 1251, 4913, 338, 17829.17, 12.53, 12.81
10:53:57, 1213.30, 13.25, 170, 335, 772, 1219, 1610, 1548, 1569, 1327, 4954, 340, 17844.31, 12.51, 12.42
10:53:58, 1219.00, 13.20, 176, 347, 806, 1275, 1626, 1553, 1568, 1322, 4825, 331, 17859.47, 12.50, 12.42
10:53:58, 1224.70, 13.15, 158, 312, 730, 1164, 1514, 1444, 1453, 1215, 4649, 319, 17844.31, 12.51, 12.14
10:53:58, 1229.70, 13.10, 156, 307, 730, 1175, 1529, 1455, 1454, 1203, 4670, 322, 17859.47, 12.50, 12.14
10:53:59, 1233.90, 13.04, 152, 301, 720, 1167, 1541, 1457, 1466, 1199, 4668, 319, 17859.47, 12.50, 12.14
10:53:59, 1239.40, 12.97, 146, 289, 694, 1131, 1485, 1402, 1406, 1140, 4544, 309, 17859.47, 12.50, 11.83
10:54:00, 1243.50, 12.92, 144, 284, 693, 1139, 1500, 1414, 1405, 1134, 4443, 303, 17798.91, 12.57, 11.83
10:54:00, 1247.00, 12.86, 143, 280, 689, 1137, 1537, 1447, 1431, 1156, 4430, 303, 17829.17, 12.53, 11.57
10:54:01, 1251.00, 12.81, 144, 282, 698, 1156, 1527, 1440, 1411, 1138, 4286, 293, 17874.66, 12.48, 11.57
10:54:01, 1256.10, 12.74, 141, 277, 689, 1145, 1545, 1447, 1417, 1141, 4189, 287, 17844.31, 12.51, 11.57
10:54:01, 1263.50, 12.69, 138, 267, 674, 1128, 1474, 1384, 1340, 1070, 4074, 278, 17859.47, 12.50, 11.45
10:54:02, 1267.70, 12.65, 127, 245, 627, 1060, 1432, 1337, 1294, 1019, 4039, 277, 17874.66, 12.48, 11.45
10:54:02, 1270.90, 12.61, 128, 249, 639, 1091, 1482, 1380, 1339, 1048, 4045, 275, 17844.31, 12.51, 11.38
10:54:03, 1276.70, 12.58, 130, 251, 647, 1109, 1505, 1399, 1348, 1053, 3944, 267, 17829.17, 12.53, 11.38
10:54:03, 1279.60, 12.55, 126, 241, 629, 1084, 1495, 1388, 1328, 1037, 3849, 261, 17814.03, 12.55, 11.38
10:54:03, 1283.10, 12.53, 128, 243, 636, 1100, 1509, 1400, 1328, 1040, 3771, 255, 17814.03, 12.55, 11.32
10:54:04, 1288.30, 12.50, 127, 239, 630, 1095, 1494, 1387, 1303, 1019, 3663, 247, 17844.31, 12.51, 11.32
10:54:04, 1291.30, 12.48, 121, 228, 607, 1059, 1461, 1353, 1273, 986, 3654, 247, 17874.66, 12.48, 11.29
10:54:05, 1293.70, 12.46, 118, 223, 594, 1044, 1436, 1324, 1253, 959, 3678, 250, 17798.91, 12.57, 11.29
10:54:05, 1299.20, 12.45, 119, 224, 600, 1063, 1449, 1335, 1252, 957, 3583, 242, 17814.03, 12.55, 11.28
10:54:06, 1303.20, 12.43, 115, 216, 583, 1036, 1440, 1327, 1240, 945, 3533, 238, 17829.17, 12.53, 11.28
10:54:06, 1308.10, 12.41, 116, 214, 580, 1035, 1422, 1313, 1213, 921, 3434, 231, 17829.17, 12.53, 11.28
10:54:06, 1310.90, 12.40, 113, 207, 569, 1019, 1424, 1313, 1200, 915, 3311, 221, 17814.03, 12.55, 11.24
10:54:07, 1314.20, 12.38, 115, 207, 570, 1027, 1424, 1323, 1198, 914, 3285, 219, 17798.91, 12.57, 11.24
10:54:07, 1317.90, 12.36, 112, 201, 559, 1007, 1392, 1285, 1166, 882, 3290, 221, 17844.31, 12.51, 11.21
10:54:08, 1322.10, 12.35, 107, 194, 540, 981, 1384, 1270, 1158, 866, 3278, 221, 17859.47, 12.50, 11.21
10:54:08, 1326.90, 12.34, 103, 186, 522, 961, 1352, 1239, 1127, 831, 3223, 218, 17814.03, 12.55, 11.21
10:54:08, 1329.10, 12.33, 102, 182, 515, 951, 1343, 1230, 1117, 821, 3164, 213, 17753.66, 12.62, 11.15
10:54:09, 1331.70, 12.30, 100, 179, 508, 940, 1344, 1231, 1115, 819, 3097, 207, 17844.31, 12.51, 11.15
10:54:09, 1332.70, 12.28, 100, 177, 502, 931, 1321, 1213, 1094, 800, 3120, 210, 17829.17, 12.53, 11.09
10:54:10, 1335.80, 12.27, 99, 173, 494, 922, 1315, 1207, 1083, 789, 3003, 201, 17814.03, 12.55, 11.09
10:54:10, 1340.40, 12.26, 95, 166, 478, 897, 1279, 1171, 1049, 759, 2978, 200, 17829.17, 12.53, 11.02
10:54:11, 1345.40, 12.23, 95, 162, 469, 886, 1260, 1163, 1030, 741, 2922, 197, 17829.17, 12.53, 11.02
10:54:11, 1347.30, 12.22, 92, 157, 457, 865, 1259, 1159, 1022, 734, 2864, 193, 17829.17, 12.53, 11.02
10:54:11, 1348.00, 12.20, 92, 154, 452, 862, 1246, 1153, 1009, 725, 2801, 187, 17783.81, 12.58, 10.98
10:54:12, 1349.80, 12.19, 94, 156, 458, 874, 1260, 1172, 1020, 732, 2772, 184, 17798.91, 12.57, 10.98
10:54:12, 1353.50, 12.19, 93, 155, 455, 872, 1245, 1160, 1007, 721, 2694, 178, 17753.66, 12.62, 10.91
10:54:13, 1357.60, 12.17, 90, 149, 440, 848, 1217, 1135, 978, 696, 2619, 174, 17798.91, 12.57, 10.91
10:54:13, 1358.80, 12.15, 87, 142, 423, 821, 1197, 1116, 961, 677, 2633, 176, 17829.17, 12.53, 10.91
10:54:14, 1360.60, 12.13, 87, 141, 421, 816, 1197, 1108, 958, 672, 2661, 179, 17798.91, 12.57, 10.77
10:54:14, 1366.30, 12.12, 84, 136, 409, 800, 1168, 1085, 932, 647, 2580, 173, 17814.03, 12.55, 10.77
10:54:14, 1371.40, 12.09, 80, 128, 388, 765, 1136, 1054, 901, 620, 2506, 169, 17814.03, 12.55, 10.73
10:54:15, 1374.20, 12.04, 77, 123, 375, 745, 1111, 1033, 879, 600, 2427, 163, 17814.03, 12.55, 10.73
10:54:15, 1380.20, 12.01, 77, 120, 367, 735, 1099, 1023, 862, 585, 2361, 159, 17829.17, 12.53, 10.73
10:54:16, 1382.80, 11.99, 73, 114, 351, 708, 1067, 992, 835, 561, 2305, 155, 17798.91, 12.57, 10.70
10:54:16, 1384.50, 11.97, 73, 113, 349, 704, 1068, 999, 836, 563, 2278, 153, 17783.81, 12.58, 10.70
10:54:16, 1389.50, 11.96, 72, 110, 342, 696, 1048, 979, 816, 544, 2235, 150, 17798.91, 12.57, 10.68
10:54:17, 1392.30, 11.94, 70, 106, 332, 680, 1033, 964, 800, 531, 2188, 147, 17814.03, 12.55, 10.68
10:54:17, 1395.60, 11.93, 69, 104, 327, 672, 1021, 954, 787, 522, 2140, 143, 17814.03, 12.55, 10.66
10:54:18, 1399.20, 11.92, 68, 103, 322, 667, 1012, 946, 782, 513, 2075, 138, 17783.81, 12.58, 10.66
10:54:18, 1404.90, 11.91, 66, 99, 313, 652, 995, 931, 764, 498, 1989, 132, 17829.17, 12.53, 10.66
10:54:19, 1409.00, 11.89, 64, 94, 300, 631, 968, 903, 736, 476, 1984, 132, 17768.73, 12.60, 10.66
10:54:19, 1410.30, 11.88, 63, 92, 295, 621, 963, 896, 732, 471, 1982, 132, 17874.66, 12.48, 10.66
10:54:19, 1413.90, 11.87, 62, 91, 291, 614, 957, 895, 727, 466, 1947, 130, 17798.91, 12.57, 10.66
10:54:20, 1417.70, 11.87, 61, 88, 284, 603, 940, 875, 708, 452, 1906, 127, 17798.91, 12.57, 10.66
10:54:20, 1421.40, 11.86, 59, 85, 276, 589, 920, 856, 690, 438, 1844, 123, 17814.03, 12.55, 10.66
10:54:21, 1424.20, 11.85, 59, 83, 271, 582, 920, 859, 691, 436, 1814, 121, 17798.91, 12.57, 10.66
10:54:21, 1426.10, 11.84, 58, 82, 268, 577, 910, 848, 681, 428, 1796, 119, 17768.73, 12.60, 10.66
10:54:22, 1430.50, 11.83, 57, 81, 263, 570, 890, 827, 661, 413, 1753, 117, 17814.03, 12.55, 10.66
10:54:22, 1435.80, 11.83, 55, 78, 255, 555, 882, 819, 651, 404, 1751, 117, 17783.81, 12.58, 10.66
10:54:22, 1439.80, 11.82, 54, 75, 247, 542, 864, 803, 635, 392, 1723, 115, 17798.91, 12.57, 10.65
10:54:23, 1443.60, 11.82, 53, 73, 243, 534, 855, 795, 625, 385, 1668, 111, 17814.03, 12.55, 10.65
10:54:23, 1447.40, 11.81, 52, 71, 236, 524, 845, 784, 616, 377, 1613, 107, 17768.73, 12.60, 10.65
10:54:24, 1451.10, 11.80, 51, 70, 233, 517, 830, 769, 602, 365, 1603, 107, 17814.03, 12.55, 10.66
10:54:24, 1459.70, 11.80, 50, 67, 224, 504, 807, 748, 579, 349, 1569, 105, 17783.81, 12.58, 10.66
10:54:24, 1463.50, 11.79, 48, 63, 215, 485, 786, 726, 560, 336, 1568, 106, 17814.03, 12.55, 10.66
10:54:25, 1464.70, 11.79, 47, 62, 211, 478, 782, 720, 556, 332, 1557, 105, 17798.91, 12.57, 10.66
10:54:25, 1469.00, 11.78, 47, 61, 209, 474, 777, 715, 548, 326, 1523, 103, 17768.73, 12.60, 10.66
10:54:26, 1475.10, 11.78, 46, 59, 204, 466, 765, 703, 537, 317, 1492, 100, 17814.03, 12.55, 10.65
10:54:26, 1479.10, 11.76, 44, 57, 197, 454, 749, 686, 522, 306, 1460, 98, 17798.91, 12.57, 10.65
10:54:27, 1483.60, 11.76, 43, 56, 193, 447, 740, 678, 512, 299, 1410, 94, 17798.91, 12.57, 10.65
10:54:27, 1488.00, 11.76, 42, 54, 188, 439, 728, 667, 502, 291, 1384, 93, 17783.81, 12.58, 10.65
10:54:27, 1490.70, 11.75, 42, 53, 186, 435, 719, 659, 495, 286, 1360, 91, 17829.17, 12.53, 10.65
10:54:28, 1497.50, 11.75, 41, 52, 181, 426, 709, 649, 484, 278, 1318, 88, 17768.73, 12.60, 10.64
10:54:28, 1501.70, 11.74, 40, 49, 174, 412, 693, 633, 471, 268, 1303, 87, 17783.81, 12.58, 10.64
10:54:29, 1503.70, 11.73, 39, 48, 170, 406, 686, 626, 464, 263, 1280, 86, 17814.03, 12.55, 10.63
10:54:29, 1507.30, 11.73, 39, 48, 168, 402, 685, 626, 462, 261, 1255, 84, 17814.03, 12.55, 10.63
10:54:29, 1512.30, 11.72, 38, 46, 163, 393, 668, 609, 448, 252, 1228, 82, 17768.73, 12.60, 10.62
10:54:30, 1515.20, 11.72, 37, 45, 159, 385, 653, 594, 435, 243, 1222, 82, 17814.03, 12.55, 10.62
10:54:30, 1517.50, 11.71, 36, 44, 157, 380, 651, 592, 432, 241, 1230, 83, 17798.91, 12.57, 10.62
10:54:31, 1519.30, 11.70, 36, 44, 156, 378, 647, 588, 428, 238, 1216, 82, 17798.91, 12.57, 10.60
10:54:31, 1520.50, 11.69, 36, 43, 155, 376, 643, 584, 425, 236, 1189, 80, 17783.81, 12.58, 10.60
10:54:32, 1522.90, 11.69, 36, 43, 154, 375, 645, 587, 426, 236, 1159, 77, 17783.81, 12.58, 10.61
10:54:32, 1528.70, 11.69, 35, 42, 150, 368, 634, 576, 417, 229, 1133, 75, 17829.17, 12.53, 10.61
10:54:32, 1532.70, 11.68, 34, 40, 143, 353, 613, 557, 401, 219, 1116, 75, 17829.17, 12.53, 10.61
10:54:33, 1532.90, 11.68, 33, 39, 140, 346, 609, 554, 398, 217, 1131, 76, 17798.91, 12.57, 10.59
10:54:33, 1534.80, 11.68, 33, 39, 140, 347, 609, 553, 397, 215, 1116, 75, 17798.91, 12.57, 10.59
10:54:34, 1537.50, 11.67, 32, 38, 136, 338, 593, 540, 385, 208, 1085, 73, 17798.91, 12.57, 10.59
10:54:34, 1538.70, 11.66, 32, 37, 133, 333, 591, 539, 384, 207, 1077, 72, 17829.17, 12.53, 10.59
10:54:35, 1544.10, 11.66, 31, 36, 131, 328, 576, 526, 373, 199, 1047, 70, 17829.17, 12.53, 10.59
10:54:35, 1549.70, 11.65, 30, 34, 123, 312, 552, 505, 355, 188, 1015, 69, 17814.03, 12.55, 10.59
10:54:35, 1550.40, 11.65, 29, 33, 119, 303, 544, 497, 349, 183, 1011, 69, 17844.31, 12.51, 10.59
10:54:36, 1550.70, 11.64, 29, 33, 119, 302, 545, 499, 351, 184, 1009, 68, 17829.17, 12.53, 10.58
10:54:36, 1554.20, 11.64, 29, 32, 118, 301, 539, 494, 345, 180, 975, 66, 17829.17, 12.53, 10.58
10:54:37, 1559.10, 11.64, 28, 31, 112, 289, 523, 481, 334, 173, 941, 64, 17783.81, 12.58, 10.58
10:54:37, 1564.00, 11.63, 27, 29, 107, 278, 510, 470, 325, 167, 907, 61, 17829.17, 12.53, 10.58
10:54:37, 1566.60, 11.63, 27, 29, 105, 274, 509, 468, 323, 165, 891, 60, 17798.91, 12.57, 10.58
10:54:38, 1567.60, 11.62, 27, 29, 105, 274, 507, 466, 321, 164, 884, 59, 17798.91, 12.57, 10.55
10:54:38, 1569.10, 11.61, 26, 29, 105, 274, 509, 467, 322, 164, 891, 60, 17783.81, 12.58, 10.55
10:54:39, 1573.00, 11.61, 26, 28, 103, 270, 501, 459, 315, 160, 887, 60, 17844.31, 12.51, 10.54
10:54:39, 1577.90, 11.61, 26, 27, 100, 264, 488, 445, 304, 153, 876, 59, 17844.31, 12.51, 10.54
10:54:40, 1580.80, 11.60, 25, 27, 98, 259, 483, 442, 301, 151, 860, 58, 17844.31, 12.51, 10.54
10:54:40, 1581.40, 11.59, 25, 27, 98, 259, 486, 444, 302, 152, 857, 58, 17829.17, 12.53, 10.52
10:54:40, 1581.80, 11.59, 25, 27, 98, 260, 488, 447, 304, 153, 831, 56, 17814.03, 12.55, 10.52
10:54:41, 1583.90, 11.59, 25, 26, 96, 256, 482, 440, 299, 149, 828, 55, 17844.31, 12.51, 10.52
10:54:41, 1586.60, 11.58, 25, 26, 96, 256, 478, 436, 295, 147, 837, 56, 17798.91, 12.57, 10.52
10:54:42, 1593.50, 11.58, 24, 25, 94, 252, 471, 429, 288, 143, 817, 55, 17829.17, 12.53, 10.52
10:54:42, 1598.10, 11.57, 23, 24, 90, 243, 455, 413, 277, 136, 812, 55, 17814.03, 12.55, 10.52
10:54:42, 1598.80, 11.57, 23, 24, 89, 241, 457, 416, 278, 137, 796, 54, 17814.03, 12.55, 10.52
10:54:43, 1600.70, 11.57, 23, 24, 89, 241, 457, 416, 277, 136, 776, 52, 17859.47, 12.50, 10.52
10:54:43, 1602.10, 11.56, 23, 24, 89, 240, 455, 414, 275, 135, 767, 51, 17829.17, 12.53, 10.52
10:54:44, 1606.20, 11.56, 23, 23, 87, 237, 451, 409, 272, 133, 763, 51, 17859.47, 12.50, 10.53
10:54:44, 1612.30, 11.55, 22, 23, 85, 232, 438, 397, 262, 127, 753, 51, 17798.91, 12.57, 10.53
10:54:45, 1614.90, 11.55, 22, 22, 83, 228, 435, 395, 259, 126, 737, 49, 17829.17, 12.53, 10.53
10:54:45, 1617.90, 11.54, 22, 22, 82, 226, 432, 392, 257, 124, 710, 47, 17829.17, 12.53, 10.52
10:54:45, 1622.40, 11.54, 21, 21, 80, 221, 423, 382, 249, 119, 703, 47, 17859.47, 12.50, 10.52
10:54:46, 1627.30, 11.54, 21, 21, 78, 218, 418, 378, 245, 117, 703, 47, 17859.47, 12.50, 10.53
10:54:46, 1634.60, 11.54, 20, 20, 76, 213, 410, 369, 238, 113, 694, 47, 17859.47, 12.50, 10.53
10:54:47, 1638.20, 11.53, 20, 19, 73, 206, 401, 360, 231, 109, 685, 46, 17874.66, 12.48, 10.52
10:54:47, 1638.80, 11.53, 20, 19, 73, 206, 401, 361, 232, 109, 670, 45, 17859.47, 12.50, 10.52
10:54:48, 1638.10, 11.52, 20, 19, 73, 207, 405, 365, 234, 111, 647, 43, 17814.03, 12.55, 10.52
10:54:48, 1640.30, 11.52, 20, 19, 73, 207, 403, 362, 233, 109, 650, 43, 17874.66, 12.48, 10.52
10:54:48, 1645.90, 11.52, 19, 19, 72, 204, 397, 356, 227, 106, 653, 44, 17859.47, 12.50, 10.52
10:54:49, 1652.00, 11.51, 19, 18, 69, 198, 388, 347, 220, 102, 646, 43, 17859.47, 12.50, 10.52
10:54:49, 1652.70, 11.51, 19, 18, 68, 195, 384, 344, 218, 101, 643, 43, 17859.47, 12.50, 10.52
10:54:50, 1654.50, 11.50, 19, 18, 68, 196, 385, 345, 218, 101, 620, 41, 17874.66, 12.48, 10.52
10:54:50, 1655.30, 11.50, 18, 18, 67, 194, 384, 344, 217, 101, 604, 40, 17874.66, 12.48, 10.52
10:54:50, 1655.80, 11.50, 18, 18, 67, 193, 380, 340, 215, 99, 629, 42, 17905.07, 12.44, 10.52
10:54:51, 1659.70, 11.50, 18, 18, 67, 192, 380, 339, 213, 99, 629, 42, 17798.91, 12.57, 10.52
10:54:51, 1665.30, 11.50, 18, 17, 65, 189, 373, 332, 208, 95, 621, 42, 17874.66, 12.48, 10.52
10:54:52, 1667.10, 11.49, 17, 17, 63, 184, 366, 326, 204, 93, 615, 41, 17829.17, 12.53, 10.52
10:54:52, 1670.60, 11.49, 18, 17, 63, 185, 368, 327, 203, 93, 589, 39, 17889.86, 12.46, 10.51
10:54:53, 1673.80, 11.49, 17, 16, 62, 182, 364, 324, 201, 91, 571, 38, 17874.66, 12.48, 10.51
10:54:53, 1676.00, 11.48, 17, 16, 61, 180, 359, 320, 198, 89, 568, 38, 17844.31, 12.51, 10.52
10:54:53, 1680.50, 11.48, 17, 16, 60, 178, 356, 316, 195, 88, 564, 37, 17874.66, 12.48, 10.52
10:54:54, 1685.60, 11.48, 16, 15, 59, 174, 350, 309, 190, 85, 567, 38, 17905.07, 12.44, 10.51
10:54:54, 1688.00, 11.48, 16, 15, 58, 171, 344, 304, 186, 83, 565, 38, 17844.31, 12.51, 10.51
10:54:55, 1689.90, 11.47, 16, 15, 57, 169, 345, 305, 186, 83, 550, 37, 17889.86, 12.46, 10.51
10:54:55, 1695.30, 11.46, 16, 15, 56, 169, 341, 301, 183, 81, 535, 35, 17859.47, 12.50, 10.51
10:54:55, 1702.50, 11.46, 16, 14, 55, 164, 333, 294, 177, 78, 517, 34, 17889.86, 12.46, 10.51
10:54:56, 1705.90, 11.46, 15, 14, 53, 159, 326, 287, 172, 76, 514, 34, 17905.07, 12.44, 10.51
10:54:56, 1708.20, 11.46, 15, 14, 52, 159, 326, 287, 172, 75, 509, 34, 17874.66, 12.48, 10.51
10:54:57, 1711.30, 11.45, 15, 13, 51, 156, 321, 282, 169, 74, 508, 34, 17905.07, 12.44, 10.51
10:54:57, 1716.60, 11.45, 14, 13, 50, 153, 316, 277, 165, 72, 502, 34, 17935.55, 12.41, 10.50
10:54:58, 1722.00, 11.45, 14, 13, 49, 149, 308, 269, 160, 69, 497, 33, 17920.31, 12.43, 10.50
10:54:58, 1722.20, 11.45, 14, 13, 48, 147, 309, 271, 161, 69, 483, 32, 17889.86, 12.46, 10.50
10:54:58, 1725.60, 11.44, 14, 12, 48, 147, 307, 269, 159, 68, 473, 31, 17905.07, 12.44, 10.50
10:54:59, 1730.30, 11.44, 14, 12, 47, 145, 302, 265, 155, 67, 469, 31, 17889.86, 12.46, 10.49
10:54:59, 1733.30, 11.44, 13, 12, 46, 142, 298, 260, 152, 65, 466, 31, 17935.55, 12.41, 10.49
10:55:00, 1736.50, 11.44, 13, 12, 45, 141, 294, 257, 150, 64, 463, 31, 17920.31, 12.43, 10.49
10:55:00, 1738.50, 11.40, 13, 12, 45, 140, 294, 257, 150, 64, 453, 30, 17920.31, 12.43, 10.50
10:55:01, 1742.50, 11.40, 13, 11, 44, 138, 289, 252, 146, 62, 447, 30, 17920.31, 12.43, 10.50
10:55:01, 1746.50, 11.40, 13, 11, 43, 136, 288, 251, 145, 61, 436, 29, 17920.31, 12.43, 10.49
10:55:01, 1751.80, 11.40, 13, 11, 42, 134, 283, 246, 142, 59, 427, 28, 17935.55, 12.41, 10.49
10:55:02, 1755.50, 11.40, 12, 11, 41, 131, 278, 242, 139, 58, 422, 28, 17966.10, 12.37, 10.49
10:55:02, 1757.20, 11.39, 12, 11, 41, 129, 277, 241, 138, 58, 412, 27, 17950.82, 12.39, 10.49
10:55:03, 1757.90, 11.39, 12, 10, 40, 128, 276, 239, 137, 57, 426, 28, 17950.82, 12.39, 10.49
10:55:03, 1761.80, 11.38, 12, 10, 40, 128, 273, 237, 135, 56, 422, 28, 17920.31, 12.43, 10.50
10:55:03, 1766.60, 11.39, 12, 10, 39, 125, 269, 233, 132, 55, 417, 28, 17966.10, 12.37, 10.50
10:55:04, 1767.80, 11.39, 12, 10, 38, 123, 267, 230, 130, 54, 414, 28, 17920.31, 12.43, 10.50
10:55:04, 1767.40, 11.39, 12, 10, 39, 124, 269, 233, 132, 55, 405, 27, 17950.82, 12.39, 10.49
10:55:05, 1770.00, 11.39, 12, 10, 38, 124, 268, 232, 131, 54, 393, 26, 17935.55, 12.41, 10.49
10:55:05, 1773.30, 11.38, 12, 10, 38, 122, 265, 229, 129, 53, 400, 26, 17950.82, 12.39, 10.50
10:55:06, 1777.60, 11.38, 11, 10, 37, 120, 261, 225, 126, 52, 398, 26, 17935.55, 12.41, 10.50
10:55:06, 1781.40, 11.38, 11, 9, 36, 118, 257, 221, 124, 50, 398, 27, 17981.40, 12.36, 10.51
10:55:06, 1784.90, 11.37, 11, 9, 36, 116, 255, 219, 122, 49, 393, 26, 17981.40, 12.36, 10.51
10:55:07, 1787.80, 11.37, 11, 9, 35, 116, 253, 217, 121, 49, 383, 25, 17935.55, 12.41, 10.51
10:55:07, 1793.10, 11.37, 11, 9, 35, 114, 251, 216, 119, 48, 370, 24, 17966.10, 12.37, 10.51
10:55:08, 1797.90, 11.37, 11, 9, 34, 112, 246, 212, 116, 47, 364, 24, 17935.55, 12.41, 10.51
10:55:08, 1801.60, 11.37, 10, 9, 33, 110, 242, 208, 114, 46, 359, 24, 17996.71, 12.34, 10.52
10:55:08, 1803.90, 11.37, 10, 9, 33, 109, 241, 206, 113, 45, 356, 24, 17981.40, 12.36, 10.52
10:55:09, 1809.10, 11.37, 10, 8, 32, 108, 238, 203, 110, 44, 355, 24, 17966.10, 12.37, 10.52
10:55:09, 1814.30, 11.37, 10, 8, 31, 105, 233, 199, 108, 43, 348, 23, 17920.31, 12.43, 10.52
10:55:10, 1815.10, 11.36, 10, 8, 31, 104, 230, 196, 106, 42, 350, 23, 17966.10, 12.37, 10.52
10:55:10, 1819.20, 11.36, 10, 8, 31, 104, 231, 197, 106, 42, 336, 22, 17950.82, 12.39, 10.53
10:55:11, 1825.50, 11.36, 10, 8, 30, 102, 226, 193, 103, 40, 328, 22, 17950.82, 12.39, 10.53
10:55:11, 1831.20, 11.36, 9, 8, 29, 99, 221, 188, 100, 39, 324, 21, 17996.71, 12.34, 10.53
10:55:11, 1833.10, 11.36, 9, 7, 29, 98, 219, 186, 99, 38, 321, 21, 17996.71, 12.34, 10.52
10:55:12, 1836.30, 11.36, 9, 7, 28, 97, 217, 184, 98, 38, 321, 21, 17966.10, 12.37, 10.52
10:55:12, 1841.40, 11.36, 9, 7, 28, 95, 214, 182, 96, 37, 316, 21, 18012.05, 12.32, 10.53
10:55:13, 1845.70, 11.35, 9, 7, 27, 93, 211, 178, 94, 36, 311, 21, 17981.40, 12.36, 10.53
10:55:13, 1848.30, 11.35, 9, 7, 27, 93, 209, 177, 93, 36, 297, 19, 17966.10, 12.37, 10.53
10:55:14, 1851.10, 11.35, 9, 7, 26, 91, 208, 176, 92, 35, 295, 19, 18012.05, 12.32, 10.53
10:55:14, 1855.60, 11.35, 9, 7, 26, 91, 206, 173, 90, 34, 297, 20, 18012.05, 12.32, 10.53
10:55:14, 1860.50, 11.35, 8, 7, 25, 89, 202, 170, 88, 33, 298, 20, 17996.71, 12.34, 10.53
10:55:15, 1862.20, 11.36, 8, 6, 24, 86, 199, 167, 87, 33, 299, 20, 17996.71, 12.34, 10.53
10:55:15, 1864.80, 11.36, 8, 6, 25, 87, 199, 167, 86, 33, 296, 20, 17996.71, 12.34, 10.54
10:55:16, 1867.00, 11.36, 8, 6, 24, 86, 198, 166, 86, 32, 290, 19, 18027.40, 12.30, 10.54
10:55:16, 1871.20, 11.35, 8, 6, 24, 86, 197, 165, 84, 32, 279, 18, 17981.40, 12.36, 10.54
10:55:16, 1875.40, 11.35, 8, 6, 24, 84, 194, 163, 83, 31, 275, 18, 18012.05, 12.32, 10.53
10:55:17, 1877.60, 11.35, 8, 6, 23, 83, 193, 161, 82, 31, 279, 18, 18027.40, 12.30, 10.53
10:55:17, 1879.80, 11.35, 8, 6, 23, 81, 191, 159, 81, 30, 281, 19, 17996.71, 12.34, 10.52
10:55:18, 1883.50, 11.35, 8, 6, 23, 82, 189, 158, 80, 30, 276, 18, 18027.40, 12.30, 10.52
10:55:18, 1888.20, 11.34, 8, 6, 22, 80, 187, 156, 79, 29, 271, 18, 18012.05, 12.32, 10.51
10:55:19, 1892.60, 11.33, 7, 6, 22, 79, 184, 154, 77, 29, 263, 17, 18042.76, 12.29, 10.51
10:55:19, 1893.80, 11.33, 7, 6, 22, 78, 184, 153, 77, 29, 258, 17, 18042.76, 12.29, 10.51
10:55:19, 1894.80, 11.33, 7, 6, 21, 78, 183, 153, 77, 28, 261, 17, 18012.05, 12.32, 10.49
10:55:20, 1898.10, 11.32, 7, 6, 21, 77, 180, 149, 75, 27, 267, 18, 18027.40, 12.30, 10.49
10:55:20, 1903.00, 11.32, 7, 6, 21, 77, 181, 150, 75, 27, 258, 17, 18058.15, 12.27, 10.48
10:55:21, 1905.40, 11.32, 7, 5, 20, 74, 177, 147, 73, 27, 258, 17, 18058.15, 12.27, 10.48
10:55:21, 1906.90, 11.32, 7, 5, 20, 75, 177, 147, 73, 27, 252, 17, 18027.40, 12.30, 10.48
10:55:21, 1908.90, 11.32, 7, 5, 20, 74, 177, 147, 73, 27, 249, 16, 18058.15, 12.27, 10.48
10:55:22, 1913.60, 11.31, 7, 5, 20, 73, 172, 142, 70, 25, 255, 17, 18073.54, 12.25, 10.48
10:55:22, 1917.10, 11.31, 7, 5, 19, 72, 170, 140, 69, 25, 253, 17, 18073.54, 12.25, 10.48
10:55:23, 1918.90, 11.31, 7, 5, 19, 71, 170, 141, 69, 25, 250, 17, 18027.40, 12.30, 10.48
10:55:23, 1922.00, 11.30, 7, 5, 19, 71, 169, 139, 68, 25, 246, 16, 18027.40, 12.30, 10.48
10:55:24, 1923.60, 11.30, 7, 5, 19, 71, 171, 141, 69, 25, 237, 15, 18042.76, 12.29, 10.46
10:55:24, 1921.40, 11.29, 7, 5, 19, 71, 170, 141, 69, 25, 241, 16, 18058.15, 12.27, 10.46
10:55:24, 1921.20, 11.29, 7, 5, 19, 71, 168, 139, 68, 25, 250, 17, 18042.76, 12.29, 10.45
10:55:25, 1920.80, 11.29, 7, 5, 19, 70, 168, 138, 68, 25, 252, 17, 18027.40, 12.30, 10.45
10:55:25, 1917.50, 11.29, 6, 5, 18, 68, 163, 134, 66, 24, 256, 17, 18058.15, 12.27, 10.45
10:55:26, 1912.70, 11.29, 6, 5, 18, 67, 160, 132, 66, 24, 261, 18, 18073.54, 12.25, 10.45
10:55:26, 1911.90, 11.29, 6, 5, 19, 69, 165, 136, 68, 25, 264, 18, 18104.39, 12.21, 10.45
10:55:26, 1908.10, 11.29, 6, 5, 19, 69, 165, 136, 68, 25, 266, 18, 18104.39, 12.21, 10.45
10:55:27, 1901.50, 11.28, 7, 5, 19, 70, 166, 138, 69, 25, 272, 19, 18073.54, 12.25, 10.45
10:55:27, 1898.70, 11.28, 7, 5, 20, 73, 176, 146, 73, 27, 277, 19, 18104.39, 12.21, 10.45
10:55:28, 1895.70, 11.28, 7, 5, 20, 74, 176, 146, 73, 27, 279, 19, 18058.15, 12.27, 10.45
10:55:28, 1887.70, 11.28, 7, 5, 20, 74, 173, 144, 73, 27, 286, 20, 18058.15, 12.27, 10.45
10:55:29, 1881.60, 11.27, 7, 5, 20, 73, 175, 146, 74, 28, 294, 20, 18088.96, 12.23, 10.46
10:55:29, 1872.90, 11.28, 7, 5, 21, 75, 177, 148, 76, 28, 301, 21, 18073.54, 12.25, 10.46
10:55:29, 1865.60, 11.28, 7, 6, 22, 76, 180, 151, 78, 29, 311, 21, 18104.39, 12.21, 10.47
10:55:30, 1858.10, 11.28, 7, 6, 22, 79, 184, 154, 81, 30, 318, 22, 18104.39, 12.21, 10.47
10:55:30, 1848.10, 11.28, 7, 6, 22, 78, 184, 154, 81, 31, 327, 23, 18088.96, 12.23, 10.48
10:55:31, 1839.50, 11.28, 8, 6, 24, 82, 193, 163, 87, 33, 339, 24, 18104.39, 12.21, 10.48
10:55:31, 1829.40, 11.28, 9, 7, 26, 88, 205, 174, 93, 36, 354, 24, 18088.96, 12.23, 10.48
10:55:32, 1821.80, 11.28, 9, 7, 28, 94, 215, 183, 98, 39, 365, 25, 18104.39, 12.21, 10.51
10:55:32, 1811.40, 11.29, 10, 8, 29, 99, 225, 193, 104, 42, 376, 26, 18104.39, 12.21, 10.51
10:55:32, 1804.70, 11.29, 10, 8, 31, 103, 230, 197, 107, 43, 391, 27, 18135.31, 12.18, 10.52
10:55:33, 1794.10, 11.29, 10, 8, 32, 106, 238, 206, 113, 46, 390, 27, 18104.39, 12.21, 10.52
10:55:33, 1785.00, 11.29, 11, 9, 33, 108, 241, 210, 116, 47, 403, 28, 18104.39, 12.21, 10.52
10:55:34, 1775.30, 11.29, 11, 9, 34, 111, 241, 211, 117, 48, 416, 29, 18135.31, 12.18, 10.52
10:55:34, 1767.50, 11.30, 11, 9, 34, 111, 253, 221, 124, 51, 434, 30, 18135.31, 12.18, 10.52
10:55:34, 1756.90, 11.30, 11, 10, 36, 117, 251, 220, 124, 52, 449, 31, 18088.96, 12.23, 10.52
10:55:35, 1746.60, 11.30, 12, 10, 38, 122, 269, 237, 136, 57, 458, 31, 18135.31, 12.18, 10.52
10:55:35, 1734.40, 11.30, 13, 11, 41, 128, 278, 246, 142, 61, 471, 32, 18104.39, 12.21, 10.52
10:55:36, 1724.90, 11.30, 13, 11, 43, 134, 287, 254, 148, 64, 505, 35, 18104.39, 12.21, 10.51
10:55:36, 1712.80, 11.30, 14, 12, 45, 140, 293, 262, 154, 68, 495, 34, 18135.31, 12.18, 10.51
10:55:37, 1703.20, 11.29, 14, 13, 48, 147, 310, 278, 165, 73, 516, 35, 18135.31, 12.18, 10.50
10:55:37, 1693.10, 11.29, 14, 13, 48, 144, 307, 275, 165, 74, 560, 39, 18135.31, 12.18, 10.50
10:55:37, 1682.40, 11.29, 16, 14, 55, 163, 318, 283, 172, 77, 605, 42, 18119.85, 12.20, 10.50
10:55:38, 1671.60, 11.28, 16, 14, 53, 158, 333, 299, 183, 84, 609, 42, 18150.79, 12.16, 10.50
10:55:38, 1658.70, 11.28, 17, 15, 59, 171, 352, 317, 197, 92, 636, 44, 18135.31, 12.18, 10.50
10:55:39, 1649.20, 11.28, 18, 17, 64, 184, 376, 340, 214, 101, 683, 47, 18150.79, 12.16, 10.50
10:55:39, 1634.90, 11.28, 19, 18, 69, 197, 386, 351, 223, 107, 679, 46, 18135.31, 12.18, 10.50
10:55:39, 1623.50, 11.28, 20, 19, 71, 199, 407, 370, 238, 115, 741, 51, 18150.79, 12.16, 10.51
10:55:40, 1610.60, 11.28, 21, 20, 75, 206, 404, 367, 239, 117, 814, 57, 18104.39, 12.21, 10.51
10:55:40, 1597.60, 11.28, 23, 23, 85, 233, 431, 394, 260, 129, 847, 59, 18166.30, 12.14, 10.51
10:55:41, 1585.10, 11.28, 22, 22, 81, 219, 453, 418, 279, 141, 866, 60, 18150.79, 12.16, 10.52
10:55:41, 1571.70, 11.29, 25, 26, 95, 251, 471, 433, 293, 151, 938, 65, 18150.79, 12.16, 10.52
10:55:42, 1561.00, 11.29, 28, 30, 108, 282, 525, 480, 330, 173, 1033, 71, 18166.30, 12.14, 10.53
10:55:42, 1547.30, 11.29, 29, 32, 116, 297, 547, 501, 349, 189, 1043, 72, 18135.31, 12.18, 10.53
10:55:42, 1535.80, 11.29, 32, 35, 129, 323, 586, 534, 378, 207, 1186, 82, 18150.79, 12.16, 10.56
10:55:43, 1522.00, 11.30, 33, 38, 136, 336, 596, 544, 390, 217, 1261, 88, 18181.82, 12.13, 10.56
10:55:43, 1507.40, 11.30, 38, 45, 158, 385, 638, 585, 425, 241, 1312, 91, 18212.91, 12.09, 10.56
10:55:44, 1496.40, 11.30, 37, 44, 155, 371, 673, 620, 457, 263, 1408, 97, 18181.82, 12.13, 10.59
10:55:44, 1482.40, 11.31, 41, 50, 174, 409, 679, 624, 466, 271, 1545, 108, 18181.82, 12.13, 10.59
10:55:45, 1472.40, 11.31, 43, 53, 183, 426, 758, 705, 533, 317, 1548, 106, 18166.30, 12.14, 10.61
10:55:45, 1459.20, 11.32, 47, 59, 203, 464, 764, 715, 546, 329, 1568, 107, 18212.91, 12.09, 10.61
10:55:45, 1447.20, 11.32, 50, 64, 215, 486, 816, 764, 592, 362, 1730, 118, 18197.36, 12.11, 10.61
10:55:46, 1433.40, 11.33, 51, 66, 220, 491, 791, 747, 584, 364, 1705, 117, 18181.82, 12.13, 10.63
10:55:46, 1423.80, 11.33, 56, 74, 245, 535, 915, 865, 686, 434, 1944, 133, 18228.48, 12.07, 10.63
10:55:47, 1412.20, 11.34, 57, 76, 249, 536, 877, 824, 662, 422, 2113, 148, 18212.91, 12.09, 10.65
10:55:47, 1401.70, 11.34, 63, 88, 283, 599, 930, 874, 710, 460, 2244, 158, 18197.36, 12.11, 10.65
10:55:47, 1388.70, 11.35, 63, 89, 284, 592, 977, 927, 759, 505, 2286, 160, 18228.48, 12.07, 10.65
10:55:48, 1377.70, 11.35, 72, 104, 325, 667, 1039, 983, 816, 549, 2511, 174, 18228.48, 12.07, 10.66
10:55:48, 1365.00, 11.35, 75, 111, 341, 689, 1055, 997, 840, 576, 2631, 183, 18150.79, 12.16, 10.66
10:55:49, 1351.40, 11.36, 87, 135, 404, 796, 1142, 1086, 925, 651, 2697, 185, 18212.91, 12.09, 10.66
10:55:49, 1338.00, 11.36, 88, 138, 407, 784, 1184, 1121, 971, 699, 2952, 204, 18197.36, 12.11, 10.66
10:55:50, 1325.40, 11.36, 102, 165, 477, 899, 1278, 1198, 1058, 771, 3485, 244, 18166.30, 12.14, 10.68
10:55:50, 1313.70, 11.36, 110, 184, 518, 956, 1359, 1277, 1141, 853, 3665, 256, 18197.36, 12.11, 10.68
10:55:50, 1298.50, 11.37, 116, 198, 548, 987, 1438, 1358, 1226, 941, 3841, 266, 18212.91, 12.09, 10.68
10:55:51, 1287.50, 11.38, 129, 225, 604, 1066, 1490, 1408, 1292, 1010, 4074, 280, 18212.91, 12.09, 10.77
10:55:51, 1274.40, 11.39, 151, 268, 699, 1224, 1564, 1493, 1380, 1098, 4009, 271, 18228.48, 12.07, 10.77
10:55:52, 1263.80, 11.43, 144, 260, 667, 1141, 1605, 1536, 1434, 1160, 4337, 297, 18181.82, 12.13, 10.95
10:55:52, 1250.70, 11.46, 136, 244, 625, 1051, 1347, 1269, 1203, 969, 4364, 311, 18244.06, 12.06, 10.95
10:55:52, 1243.70, 11.49, 140, 253, 639, 1057, 1427, 1331, 1303, 1048, 4734, 340, 18181.82, 12.13, 10.95
10:55:53, 1230.40, 11.52, 148, 278, 680, 1115, 1342, 1246, 1251, 1013, 4749, 342, 18212.91, 12.09, 11.10
10:55:53, 1224.10, 11.55, 125, 235, 571, 920, 1342, 1244, 1265, 1026, 4861, 351, 18244.06, 12.06, 11.10
10:55:54, 1212.70, 11.57, 145, 273, 657, 1054, 1318, 1220, 1253, 1015, 4735, 342, 18212.91, 12.09, 11.22
10:55:54, 1206.30, 11.60, 155, 294, 689, 1092, 1489, 1389, 1445, 1199, 5315, 383, 18212.91, 12.09, 11.22
10:55:55, 1198.20, 11.63, 155, 300, 687, 1078, 1571, 1474, 1541, 1297, 5771, 416, 18228.48, 12.07, 11.22
10:55:55, 1191.30, 11.66, 161, 301, 686, 1053, 1378, 1300, 1353, 1151, 5343, 387, 18228.48, 12.07, 11.31
10:55:55, 1185.40, 11.68, 207, 392, 879, 1346, 1607, 1529, 1583, 1364, 5910, 425, 18259.67, 12.04, 11.31
10:55:56, 1179.20, 11.72, 163, 308, 684, 1037, 1335, 1258, 1334, 1156, 5442, 399, 18228.48, 12.07, 11.52
10:55:56, 1175.70, 11.76, 150, 289, 631, 960, 1118, 1045, 1129, 966, 4784, 354, 18259.67, 12.04, 11.52
10:55:57, 1168.40, 11.81, 138, 258, 570, 860, 1139, 1071, 1158, 994, 4885, 358, 18259.67, 12.04, 11.90
10:55:57, 1163.50, 11.88, 180, 343, 734, 1091, 1349, 1274, 1376, 1216, 5706, 421, 18244.06, 12.06, 11.90
10:55:58, 1155.90, 11.96, 161, 296, 627, 916, 1310, 1256, 1336, 1215, 5706, 426, 18259.67, 12.04, 11.90
10:55:58, 1153.00, 12.04, 222, 409, 860, 1249, 1538, 1484, 1579, 1425, 6442, 470, 18275.29, 12.02, 12.55
10:55:58, 1145.20, 12.18, 267, 494, 1008, 1443, 1662, 1622, 1730, 1606, 6982, 513, 18259.67, 12.04, 12.55
10:55:59, 1142.80, 12.27, 262, 492, 988, 1407, 2061, 2000, 2166, 2021, 8322, 613, 18275.29, 12.02, 13.02
10:55:59, 1136.50, 12.35, 246, 460, 920, 1305, 1657, 1587, 1766, 1616, 7360, 548, 18290.93, 12.00, 13.02
10:56:00, 1131.30, 12.43, 329, 621, 1206, 1700, 2078, 2015, 2268, 2071, 8468, 613, 18275.29, 12.02, 13.02
10:56:00, 1119.20, 12.49, 362, 677, 1282, 1775, 2122, 2074, 2298, 2197, 9279, 702, 18290.93, 12.00, 13.23
10:56:00, 1114.00, 12.55, 374, 682, 1269, 1723, 2390, 2346, 2624, 2512, 10391, 784, 18275.29, 12.02, 13.23
10:56:01, 1102.30, 12.60, 507, 922, 1666, 2240, 2506, 2456, 2794, 2710, 11221, 871, 18306.58, 11.99, 13.30
10:56:01, 1096.40, 12.64, 423, 754, 1334, 1768, 2504, 2487, 2786, 2768, 11253, 898, 18244.06, 12.06, 13.30
10:56:02, 1091.30, 12.68, 444, 768, 1347, 1744, 2179, 2162, 2432, 2451, 10941, 913, 18306.58, 11.99, 13.32
10:56:02, 1086.90, 12.72, 560, 968, 1675, 2162, 2616, 2616, 2947, 2972, 12492, 1041, 18275.29, 12.02, 13.32
10:56:03, 1076.80, 12.75, 631, 1077, 1818, 2316, 2806, 2839, 3189, 3299, 13514, 1180, 18306.58, 11.99, 13.32
10:56:03, 1069.60, 12.81, 564, 950, 1562, 1972, 2599, 2593, 3004, 3056, 13626, 1285, 18275.29, 12.02, 13.34
10:56:03, 1059.70, 12.83, 722, 1184, 1909, 2377, 2038, 2040, 2378, 2469, 12552, 1429, 18290.93, 12.00, 13.34
10:56:04, 1054.00, 12.86, 472, 751, 1186, 1440, 2320, 2293, 2709, 2832, 14086, 1724, 18290.93, 12.00, 13.36
10:56:04, 1044.30, 12.88, 508, 815, 1227, 1501, 1627, 1592, 1995, 2044, 10642, 1711, 18306.58, 11.99, 13.36
10:56:05, 1036.30, 12.90, 676, 1095, 1570, 1958, 2077, 2085, 2627, 2683, 12745, 2329, 18290.93, 12.00, 13.36
10:56:05, 1028.00, 12.92, 886, 1408, 1967, 2428, 2793, 2794, 3491, 3651, 17233, 3886, 18275.29, 12.02, 13.36
10:56:05, 1017.50, 12.94, 752, 1172, 1587, 1937, 2709, 2766, 3455, 3637, 17902, 6431, 18275.29, 12.02, 13.36
10:56:06, 1018.00, 12.95, 1238, 1845, 2465, 2955, 2684, 2725, 3368, 3616, 20462, 8795, 18290.93, 12.00, 13.38
10:56:06, 1018.50, 12.97, 1511, 2252, 2992, 3545, 3945, 4193, 4920, 5472, 28105, 11206, 18290.93, 12.00, 13.38
10:56:07, 1017.80, 12.96, 1465, 2228, 2955, 3521, 4430, 4687, 5526, 6087, 28590, 11196, 18259.67, 12.04, 13.38
10:56:07, 1017.50, 12.96, 1656, 2457, 3312, 3879, 4302, 4539, 5326, 5834, 26160, 10287, 18306.58, 11.99, 13.33
10:56:08, 1017.20, 12.95, 1940, 2843, 3828, 4465, 4707, 5044, 5765, 6495, 21884, 8433, 18306.58, 11.99, 13.33
10:56:08, 1017.30, 12.94, 1997, 2886, 3861, 4599, 4747, 5103, 5855, 6523, 16899, 6090, 18322.26, 11.97, 13.23
10:56:08, 1017.40, 12.93, 1649, 2417, 3213, 3826, 4150, 4391, 5161, 5723, 14911, 5826, 18275.29, 12.02, 13.23
10:56:09, 1017.30, 12.90, 1556, 2240, 3006, 3511, 3762, 4024, 4623, 5237, 18335, 7572, 18322.26, 11.97, 13.12
10:56:09, 1017.30, 12.88, 1782, 2584, 3481, 4047, 4210, 4565, 5210, 5883, 24476, 9624, 18322.26, 11.97, 13.12
10:56:10, 1017.10, 12.85, 1528, 2226, 2962, 3568, 4236, 4531, 5318, 5844, 27273, 10832, 18322.26, 11.97, 13.12
10:56:10, 1017.50, 12.83, 1529, 2299, 3032, 3649, 3933, 4125, 4891, 5426, 26697, 10899, 18290.93, 12.00, 12.97
10:56:11, 1017.20, 12.81, 1624, 2484, 3286, 3887, 4032, 4278, 4975, 5607, 25895, 10321, 18244.06, 12.06, 12.97
10:56:11, 1017.40, 12.79, 1479, 2197, 2955, 3446, 3907, 4179, 4843, 5492, 25836, 10117, 18306.58, 11.99, 12.81
10:56:11, 1017.40, 12.74, 1538, 2288, 3083, 3571, 3921, 4170, 4844, 5501, 24841, 9841, 18244.06, 12.06, 12.81
