Secchi Depth (cm) = 0970
Forel Ule Scale = 09
pH Colour Scale = 99
SmartSecchi S/N = A0000001
Latitude (degs N) = 56.47809
Longitude (degs E) = -5.50454
Date = 2023-05-25
Time (UTC), Pressure (mbar) MS5803, Temp (deg C) MS5803, 415nm, 445nm, 480nm, 515nm, 555nm, 590nm, 630nm, 680nm, Clear, NIR, Resistance 10KTHERM, Temp (deg C) 10KTHERM, Temp (deg C) TMP117
09:15:51, 1021.60, 12.57, 2211, 2653, 3004, 6145, 3713, 4979, 6582, 5347, 15976, 8097, 16864.50, 13.68, 11.45
09:15:51, 1020.80, 12.62, 3265, 3315, 3606, 8750, 4855, 11686, 11186, 8580, 33718, 11203, 16892.74, 13.65, 11.37
09:15:52, 1021.40, 12.68, 4141, 2510, 3837, 4787, 3444, 5157, 4130, 5515, 36000, 16619, 16836.30, 13.72, 11.37
09:15:52, 1021.70, 12.76, 1846, 1831, 2886, 2754, 3385, 3446, 3940, 4744, 36000, 20549, 16892.74, 13.65, 11.33
09:15:52, 1022.10, 12.82, 1511, 1930, 2950, 3007, 4463, 3488, 6268, 5161, 36000, 28314, 16850.39, 13.70, 11.33
09:15:53, 1022.20, 12.84, 1409, 2022, 2633, 3498, 3928, 3740, 6272, 5210, 30084, 12098, 16906.89, 13.63, 11.38
09:15:53, 1021.90, 12.85, 2157, 3254, 3887, 5897, 5785, 5885, 9658, 7678, 36000, 12852, 16892.74, 13.65, 11.38
09:15:54, 1022.10, 12.86, 2131, 2816, 3570, 5522, 6341, 7255, 9654, 10009, 32388, 11844, 16850.39, 13.70, 11.38
09:15:54, 1021.70, 12.87, 1416, 1992, 2594, 3494, 3513, 3475, 5347, 4866, 23923, 10442, 16864.50, 13.68, 11.57
09:15:54, 1021.50, 12.89, 1335, 1811, 2616, 2967, 3651, 3191, 4700, 4671, 31076, 20174, 16892.74, 13.65, 11.57
09:15:55, 1021.70, 12.88, 1576, 1432, 2585, 2243, 2962, 3173, 3139, 4091, 36000, 27447, 16892.74, 13.65, 11.66
09:15:55, 1021.10, 12.84, 1718, 1264, 2055, 2164, 2258, 4233, 3089, 3981, 26125, 9770, 16850.39, 13.70, 11.66
09:15:56, 1022.20, 12.91, 7887, 9613, 10567, 19252, 15181, 21730, 27528, 19070, 21430, 7794, 16864.50, 13.68, 11.66
09:15:56, 1022.30, 12.97, 325, 428, 512, 772, 676, 792, 1071, 1074, 3214, 2215, 16864.50, 13.68, 11.63
09:15:57, 1022.30, 12.98, 237, 328, 405, 580, 601, 639, 952, 914, 2893, 2052, 16864.50, 13.68, 11.63
09:15:57, 1021.20, 12.94, 249, 363, 489, 665, 11132, 3322, 19108, 5538, 5100, 3168, 16892.74, 13.65, 11.60
09:15:57, 1022.00, 13.00, 1934, 4483, 7182, 11607, 13853, 5031, 21247, 6942, 4928, 2588, 16906.89, 13.63, 11.60
09:15:58, 1022.80, 13.06, 145, 199, 279, 350, 397, 433, 565, 629, 3205, 1967, 16808.18, 13.75, 11.60
09:15:58, 1022.50, 13.07, 208, 239, 359, 396, 466, 588, 644, 797, 4283, 2253, 16864.50, 13.68, 11.58
09:15:59, 1022.30, 13.06, 1406, 784, 1477, 1340, 1024, 1251, 1278, 1633, 15409, 7326, 16864.50, 13.68, 11.58
09:15:59, 1022.50, 13.09, 1059, 1033, 1778, 1626, 1599, 1582, 2017, 2219, 15657, 9122, 16878.62, 13.67, 11.53
09:16:00, 1022.70, 13.11, 1014, 1155, 1944, 1831, 2324, 2058, 2839, 2945, 22128, 14806, 16935.23, 13.60, 11.53
09:16:00, 1022.40, 13.11, 473, 569, 833, 843, 3308, 2275, 3763, 3408, 34599, 34270, 16892.74, 13.65, 11.50
09:16:00, 1022.30, 13.11, 798, 887, 1324, 1264, 891, 877, 1131, 1182, 6730, 3214, 16935.23, 13.60, 11.50
09:16:01, 1022.40, 13.12, 506, 592, 796, 759, 900, 917, 1022, 1145, 7670, 3323, 16864.50, 13.68, 11.50
09:16:01, 1022.50, 13.12, 518, 591, 770, 751, 739, 775, 823, 939, 6214, 3091, 16892.74, 13.65, 11.41
09:16:02, 1022.90, 13.15, 468, 596, 718, 773, 752, 806, 862, 925, 4743, 1474, 16921.05, 13.62, 11.41
09:16:02, 1023.10, 13.16, 449, 671, 790, 877, 842, 796, 930, 934, 4428, 1164, 16921.05, 13.62, 11.34
09:16:02, 1022.80, 13.17, 495, 660, 803, 809, 764, 761, 806, 850, 4594, 1048, 16878.62, 13.67, 11.34
09:16:03, 1022.90, 13.18, 554, 757, 908, 942, 1004, 972, 1069, 1113, 4506, 1013, 16935.23, 13.60, 11.34
09:16:03, 1022.90, 13.18, 668, 948, 1137, 1195, 1241, 1215, 1375, 1441, 5308, 1228, 16906.89, 13.63, 11.28
09:16:04, 1022.10, 13.17, 839, 1188, 1426, 1509, 1376, 1326, 1484, 1546, 5695, 1294, 16921.05, 13.62, 11.28
09:16:04, 1021.70, 13.13, 730, 1037, 1232, 1354, 1640, 1519, 1966, 1826, 6068, 1392, 16921.05, 13.62, 11.24
09:16:05, 1021.60, 13.12, 10348, 16359, 20665, 21502, 22967, 24111, 32352, 33977, 14676, 4685, 16963.63, 13.56, 11.24
09:16:05, 1021.90, 13.13, 1626, 2082, 2379, 4266, 2852, 3826, 4367, 3757, 13203, 4689, 16992.08, 13.53, 11.20
09:16:05, 1022.40, 13.17, 3394, 2185, 3183, 4018, 3588, 9160, 3756, 6180, 36000, 30957, 16992.08, 13.53, 11.20
09:16:06, 1023.20, 13.23, 3721, 1952, 3909, 2779, 2910, 3117, 2838, 3640, 36000, 22467, 16949.42, 13.58, 11.20
09:16:06, 1023.20, 13.24, 653, 838, 1061, 1026, 1097, 999, 1179, 1151, 6691, 2259, 16892.74, 13.65, 11.09
09:16:07, 1022.80, 13.25, 689, 956, 1152, 1207, 1213, 1105, 1426, 1309, 6972, 2494, 16921.05, 13.62, 11.09
09:16:07, 1022.90, 13.25, 769, 1112, 1332, 1508, 1500, 1436, 1842, 1700, 8666, 3145, 16963.63, 13.56, 10.97
09:16:07, 1023.00, 13.26, 709, 1003, 1178, 1335, 1253, 1199, 1471, 1366, 6417, 1971, 16935.23, 13.60, 10.97
09:16:08, 1023.00, 13.26, 592, 785, 927, 991, 916, 902, 997, 968, 3228, 740, 16977.85, 13.55, 10.97
09:16:08, 1023.40, 13.27, 615, 807, 965, 1017, 936, 929, 1009, 1010, 3314, 795, 16949.42, 13.58, 10.88
09:16:09, 1023.00, 13.27, 650, 867, 1048, 1101, 1082, 1096, 1177, 1245, 4226, 1114, 16963.63, 13.56, 10.88
09:16:09, 1023.00, 13.28, 611, 810, 977, 1023, 974, 965, 1066, 1059, 3890, 968, 16963.63, 13.56, 10.82
09:16:10, 1023.00, 13.29, 554, 727, 867, 909, 872, 843, 953, 911, 3415, 815, 16963.63, 13.56, 10.82
09:16:10, 1023.10, 13.29, 579, 778, 919, 971, 929, 900, 1023, 990, 4081, 1015, 16977.85, 13.55, 10.82
09:16:10, 1022.90, 13.29, 616, 852, 1003, 1074, 1086, 1077, 1226, 1232, 5613, 1596, 16992.08, 13.53, 10.76
09:16:11, 1025.60, 13.30, 616, 862, 1020, 1108, 1075, 1069, 1215, 1221, 5714, 1696, 16977.85, 13.55, 10.76
09:16:11, 1032.20, 13.26, 590, 842, 1023, 1107, 1071, 985, 1155, 1115, 5976, 1201, 16992.08, 13.53, 10.84
09:16:12, 1031.80, 13.18, 519, 735, 894, 957, 876, 830, 965, 948, 4917, 1033, 17020.60, 13.49, 10.84
09:16:12, 1031.50, 13.10, 506, 694, 841, 872, 895, 845, 930, 933, 5483, 1101, 17006.34, 13.51, 11.23
09:16:13, 1032.50, 13.03, 495, 675, 837, 854, 860, 819, 896, 904, 5695, 1129, 16977.85, 13.55, 11.23
09:16:13, 1038.60, 12.97, 497, 655, 809, 815, 809, 769, 822, 819, 5261, 791, 17034.88, 13.48, 11.23
09:16:13, 1042.00, 12.92, 447, 602, 753, 767, 740, 710, 753, 755, 4949, 638, 17034.88, 13.48, 11.32
09:16:14, 1042.70, 12.88, 484, 652, 825, 843, 807, 768, 814, 823, 5213, 615, 17063.49, 13.44, 11.32
09:16:14, 1036.60, 12.85, 465, 628, 787, 802, 840, 805, 863, 874, 5585, 803, 17063.49, 13.44, 11.30
09:16:15, 1032.30, 12.82, 473, 629, 780, 791, 820, 792, 856, 880, 5734, 1126, 17077.82, 13.42, 11.30
09:16:15, 1036.40, 12.79, 533, 706, 869, 884, 860, 812, 881, 896, 5573, 890, 17063.49, 13.44, 11.30
09:16:15, 1039.80, 12.73, 493, 659, 829, 837, 931, 877, 949, 950, 5846, 782, 17049.18, 13.46, 11.31
09:16:16, 1040.60, 12.71, 451, 606, 758, 772, 702, 672, 715, 732, 4977, 706, 17077.82, 13.42, 11.31
09:16:16, 1041.20, 12.69, 521, 700, 882, 906, 830, 797, 845, 853, 5347, 645, 17106.52, 13.39, 11.29
09:16:17, 1037.80, 12.68, 449, 602, 752, 771, 806, 781, 829, 843, 5512, 820, 17106.52, 13.39, 11.29
09:16:17, 1040.10, 12.67, 486, 650, 806, 829, 703, 693, 720, 755, 5117, 712, 17077.82, 13.42, 11.30
09:16:18, 1040.80, 12.66, 526, 710, 876, 896, 887, 845, 895, 904, 5395, 666, 17077.82, 13.42, 11.30
09:16:18, 1040.80, 12.65, 387, 517, 655, 671, 807, 781, 822, 834, 5245, 643, 17077.82, 13.42, 11.30
09:16:18, 1036.10, 12.64, 468, 629, 786, 814, 714, 703, 738, 770, 5108, 750, 17092.16, 13.41, 11.30
09:16:19, 1035.90, 12.64, 535, 710, 876, 906, 961, 933, 982, 1002, 5886, 835, 17092.16, 13.41, 11.30
09:16:19, 1036.60, 12.63, 438, 578, 730, 752, 743, 715, 757, 787, 5089, 762, 17077.82, 13.42, 11.30
09:16:20, 1041.90, 12.61, 542, 726, 897, 920, 896, 880, 926, 960, 5757, 727, 17092.16, 13.41, 11.30
09:16:20, 1040.60, 12.60, 475, 649, 814, 835, 806, 772, 824, 825, 5225, 647, 17106.52, 13.39, 11.30
09:16:20, 1043.50, 12.59, 450, 602, 751, 775, 746, 715, 758, 774, 4992, 642, 17135.28, 13.35, 11.24
09:16:21, 1058.40, 12.58, 438, 604, 761, 786, 642, 612, 643, 637, 4251, 403, 17135.28, 13.35, 11.24
09:16:21, 1070.90, 12.55, 419, 581, 746, 794, 767, 740, 762, 722, 4303, 292, 17135.28, 13.35, 11.20
09:16:22, 1084.50, 12.53, 354, 502, 656, 717, 623, 617, 626, 592, 3596, 224, 17135.28, 13.35, 11.20
09:16:22, 1094.90, 12.50, 340, 509, 664, 752, 815, 758, 808, 718, 3489, 186, 17120.89, 13.37, 11.20
09:16:23, 1103.70, 12.47, 331, 514, 682, 767, 778, 694, 765, 651, 2912, 148, 17106.52, 13.39, 11.10
09:16:23, 1116.60, 12.45, 332, 522, 708, 784, 798, 698, 753, 653, 2464, 122, 17120.89, 13.37, 11.10
09:16:23, 1131.20, 12.43, 296, 465, 639, 700, 703, 603, 626, 522, 2181, 105, 17120.89, 13.37, 11.06
09:16:24, 1139.60, 12.41, 279, 448, 624, 686, 709, 603, 624, 518, 2138, 104, 17077.82, 13.42, 11.06
09:16:24, 1142.90, 12.39, 290, 475, 669, 751, 780, 664, 700, 566, 2406, 117, 17106.52, 13.39, 11.05
09:16:25, 1153.20, 12.38, 264, 438, 614, 704, 682, 592, 619, 506, 2375, 116, 17106.52, 13.39, 11.05
09:16:25, 1165.40, 12.37, 232, 390, 555, 645, 674, 574, 585, 462, 2269, 110, 17106.52, 13.39, 11.05
09:16:26, 1174.80, 12.35, 235, 404, 588, 690, 687, 592, 591, 476, 2133, 102, 17149.68, 13.34, 11.05
09:16:26, 1188.50, 12.34, 222, 382, 561, 656, 686, 584, 574, 451, 2079, 100, 17164.10, 13.32, 11.05
09:16:26, 1201.60, 12.34, 219, 384, 574, 669, 681, 555, 549, 413, 1876, 92, 17149.68, 13.34, 11.09
09:16:27, 1211.50, 12.32, 214, 376, 569, 658, 698, 571, 552, 417, 1866, 90, 17135.28, 13.35, 11.09
09:16:27, 1222.80, 12.31, 201, 360, 548, 653, 688, 566, 540, 400, 1889, 91, 17149.68, 13.34, 11.09
09:16:28, 1234.80, 12.30, 187, 342, 531, 638, 676, 549, 515, 379, 1746, 84, 17164.10, 13.32, 11.06
09:16:28, 1243.80, 12.30, 190, 350, 554, 663, 707, 570, 520, 381, 1685, 81, 17149.68, 13.34, 11.06
09:16:28, 1255.60, 12.29, 180, 334, 534, 643, 703, 562, 511, 371, 1623, 79, 17135.28, 13.35, 11.08
09:16:29, 1268.20, 12.28, 174, 327, 532, 644, 668, 525, 466, 330, 1553, 75, 17164.10, 13.32, 11.08
09:16:29, 1279.60, 12.28, 165, 311, 508, 610, 667, 523, 448, 315, 1516, 73, 17164.10, 13.32, 11.05
09:16:30, 1289.50, 12.27, 153, 291, 480, 580, 609, 470, 404, 277, 1408, 68, 17135.28, 13.35, 11.05
09:16:30, 1301.70, 12.27, 154, 297, 497, 608, 646, 499, 415, 289, 1352, 65, 17164.10, 13.32, 11.05
09:16:31, 1311.10, 12.26, 143, 275, 464, 564, 619, 474, 391, 266, 1297, 62, 17164.10, 13.32, 11.04
09:16:31, 1319.70, 12.26, 144, 285, 490, 611, 642, 491, 402, 269, 1316, 64, 17164.10, 13.32, 11.04
09:16:31, 1330.90, 12.25, 137, 272, 474, 596, 643, 488, 393, 260, 1303, 63, 17207.45, 13.27, 11.05
09:16:32, 1338.90, 12.24, 129, 259, 454, 573, 635, 477, 384, 249, 1269, 62, 17207.45, 13.27, 11.05
09:16:32, 1347.40, 12.24, 130, 262, 465, 586, 644, 482, 384, 248, 1310, 64, 17178.53, 13.30, 11.05
09:16:33, 1360.40, 12.24, 134, 273, 493, 626, 687, 510, 397, 254, 1357, 66, 17207.45, 13.27, 11.05
09:16:33, 1372.80, 12.23, 120, 245, 444, 570, 633, 468, 364, 228, 1230, 60, 17178.53, 13.30, 11.05
09:16:33, 1384.30, 12.23, 122, 253, 468, 606, 671, 491, 375, 232, 1271, 62, 17192.98, 13.28, 11.04
09:16:34, 1395.40, 12.22, 119, 249, 466, 611, 688, 503, 378, 233, 1275, 62, 17192.98, 13.28, 11.04
09:16:34, 1402.00, 12.21, 115, 241, 456, 598, 661, 478, 362, 219, 1219, 60, 17221.93, 13.25, 11.04
09:16:35, 1409.60, 12.20, 117, 247, 470, 618, 692, 500, 373, 225, 1290, 64, 17164.10, 13.32, 11.02
09:16:35, 1419.50, 12.20, 117, 247, 474, 627, 724, 517, 386, 228, 1350, 67, 17221.93, 13.25, 11.02
09:16:36, 1429.60, 12.19, 118, 251, 492, 664, 736, 527, 393, 232, 1304, 65, 17221.93, 13.25, 10.98
09:16:36, 1439.80, 12.18, 112, 241, 472, 641, 746, 533, 394, 227, 1445, 72, 17221.93, 13.25, 10.98
09:16:36, 1448.50, 12.17, 122, 263, 526, 730, 805, 595, 428, 253, 1514, 77, 17207.45, 13.27, 10.95
09:16:37, 1459.60, 12.16, 110, 240, 480, 668, 752, 543, 383, 220, 1555, 78, 17221.93, 13.25, 10.95
09:16:37, 1466.80, 12.16, 110, 239, 483, 677, 795, 570, 410, 231, 1486, 75, 17207.45, 13.27, 10.95
09:16:38, 1473.40, 12.14, 107, 234, 475, 663, 701, 495, 350, 195, 1365, 68, 17207.45, 13.27, 10.93
09:16:38, 1480.30, 12.14, 105, 230, 471, 663, 884, 641, 437, 252, 1492, 75, 17221.93, 13.25, 10.93
09:16:39, 1488.60, 12.13, 105, 232, 479, 678, 725, 509, 357, 194, 1385, 70, 17207.45, 13.27, 10.93
09:16:39, 1499.10, 12.13, 99, 216, 451, 645, 758, 541, 364, 202, 1552, 79, 17207.45, 13.27, 10.93
09:16:39, 1508.60, 12.12, 101, 221, 463, 669, 757, 540, 361, 197, 1587, 81, 17236.42, 13.23, 10.93
09:16:40, 1520.70, 12.12, 99, 220, 466, 677, 795, 559, 377, 200, 1524, 78, 17221.93, 13.25, 10.91
09:16:40, 1528.10, 12.10, 104, 231, 497, 727, 870, 603, 410, 213, 1508, 77, 17250.93, 13.21, 10.91
09:16:41, 1534.80, 12.10, 102, 227, 492, 718, 812, 560, 372, 195, 1417, 72, 17250.93, 13.21, 10.91
09:16:41, 1541.70, 12.09, 104, 234, 514, 762, 955, 659, 435, 223, 1650, 83, 17265.46, 13.20, 10.91
09:16:41, 1548.20, 12.09, 102, 228, 502, 750, 843, 578, 381, 193, 1505, 77, 17192.98, 13.28, 10.91
09:16:42, 1552.70, 12.09, 101, 226, 502, 759, 887, 614, 404, 200, 1643, 84, 17221.93, 13.25, 10.91
09:16:42, 1555.70, 12.05, 101, 225, 497, 766, 875, 617, 394, 200, 1733, 89, 17192.98, 13.28, 10.91
09:16:43, 1566.20, 12.05, 106, 236, 525, 799, 921, 639, 412, 202, 1732, 89, 17221.93, 13.25, 10.88
09:16:43, 1575.60, 12.04, 126, 286, 653, 1030, 1135, 795, 502, 255, 1887, 96, 17236.42, 13.23, 10.88
09:16:44, 1586.30, 12.03, 108, 245, 562, 872, 1044, 688, 468, 215, 1598, 82, 17236.42, 13.23, 10.87
09:16:44, 1592.70, 12.02, 134, 304, 721, 1122, 1258, 837, 527, 263, 1573, 81, 17265.46, 13.20, 10.87
09:16:44, 1600.30, 12.01, 112, 251, 593, 901, 1108, 714, 455, 222, 1390, 71, 17265.46, 13.20, 10.87
09:16:45, 1604.80, 12.01, 132, 291, 701, 1090, 1456, 963, 611, 301, 1577, 83, 17280.00, 13.18, 10.84
09:16:45, 1608.40, 12.00, 141, 319, 782, 1247, 1757, 1128, 846, 372, 1778, 95, 17280.00, 13.18, 10.84
09:16:46, 1612.50, 11.99, 145, 336, 810, 1355, 1770, 1193, 860, 362, 2098, 110, 17265.46, 13.20, 10.84
09:16:46, 1620.00, 12.00, 150, 349, 850, 1424, 2068, 1387, 986, 445, 2159, 114, 17250.93, 13.21, 10.84
09:16:46, 1626.60, 11.99, 187, 444, 1114, 1879, 2246, 1469, 1057, 463, 2108, 113, 17265.46, 13.20, 10.84
09:16:47, 1634.30, 11.99, 191, 433, 1100, 1853, 2369, 1425, 1098, 479, 1964, 107, 17294.56, 13.16, 10.82
09:16:47, 1641.60, 11.98, 178, 399, 1012, 1660, 2565, 1683, 1089, 524, 2050, 112, 17265.46, 13.20, 10.82
09:16:48, 1650.80, 11.97, 245, 525, 1399, 2290, 2643, 1554, 1207, 519, 1853, 105, 17265.46, 13.20, 10.81
09:16:48, 1656.10, 11.96, 199, 422, 1105, 1803, 2467, 1538, 1032, 484, 1826, 101, 17265.46, 13.20, 10.81
09:16:49, 1655.80, 11.96, 193, 406, 1085, 1756, 2938, 1726, 1331, 566, 1947, 111, 17280.00, 13.18, 10.78
09:16:49, 1659.90, 11.96, 209, 476, 1241, 2124, 2592, 1650, 1170, 486, 2224, 120, 17280.00, 13.18, 10.78
09:16:49, 1666.10, 11.95, 215, 521, 1341, 2495, 3453, 2299, 1723, 649, 2664, 145, 17309.13, 13.14, 10.78
09:16:50, 1673.10, 11.95, 187, 445, 1143, 2064, 2319, 1486, 1006, 411, 2239, 120, 17294.56, 13.16, 10.77
09:16:50, 1677.70, 11.94, 213, 483, 1292, 2269, 3129, 1874, 1368, 565, 2099, 118, 17280.00, 13.18, 10.77
09:16:51, 1684.90, 11.94, 221, 478, 1292, 2173, 2749, 1674, 1110, 495, 1934, 108, 17294.56, 13.16, 10.77
09:16:51, 1689.00, 11.93, 184, 393, 1061, 1769, 2591, 1578, 1019, 450, 1892, 105, 17294.56, 13.16, 10.77
09:16:52, 1689.90, 11.93, 209, 452, 1235, 2083, 2920, 1752, 1207, 502, 2038, 113, 17280.00, 13.18, 10.77
09:16:52, 1690.00, 11.93, 195, 460, 1224, 2268, 3307, 2092, 1512, 577, 2500, 136, 17294.56, 13.16, 10.74
09:16:52, 1694.20, 11.93, 183, 422, 1092, 2032, 2334, 1557, 1040, 392, 2327, 125, 17294.56, 13.16, 10.74
09:16:53, 1700.40, 11.93, 228, 546, 1427, 2736, 3414, 2300, 1496, 613, 2783, 149, 17323.72, 13.13, 10.75
09:16:53, 1707.50, 11.92, 180, 415, 1091, 2012, 2667, 1692, 1110, 439, 2329, 125, 17265.46, 13.20, 10.75
09:16:54, 1714.90, 11.92, 217, 487, 1330, 2315, 3075, 1820, 1258, 506, 2056, 115, 17323.72, 13.13, 10.73
09:16:54, 1723.00, 11.91, 187, 400, 1107, 1862, 2573, 1563, 942, 418, 1855, 102, 17309.13, 13.14, 10.73
09:16:54, 1724.60, 11.91, 190, 392, 1096, 1821, 2407, 1431, 878, 380, 1769, 98, 17309.13, 13.14, 10.73
09:16:55, 1723.00, 11.90, 187, 395, 1117, 1870, 2316, 1348, 902, 354, 1816, 100, 17323.72, 13.13, 10.69
09:16:55, 1716.60, 11.90, 156, 353, 927, 1757, 2188, 1560, 1071, 352, 2443, 133, 17294.56, 13.16, 10.69
09:16:56, 1714.20, 11.89, 177, 343, 882, 1740, 1856, 1500, 760, 324, 3374, 177, 17323.72, 13.13, 10.69
09:16:56, 1715.80, 11.89, 188, 326, 853, 1653, 1795, 1607, 749, 332, 3738, 201, 17323.72, 13.13, 10.69
09:16:57, 1718.90, 11.88, 175, 308, 810, 1517, 1571, 1281, 571, 273, 3459, 190, 17280.00, 13.18, 10.69
09:16:57, 1728.80, 11.88, 211, 353, 954, 1759, 1867, 1730, 668, 346, 4909, 264, 17352.94, 13.09, 10.67
09:16:57, 1732.00, 11.87, 173, 283, 780, 1353, 1398, 1126, 442, 235, 3801, 223, 17338.32, 13.11, 10.67
09:16:58, 1732.20, 11.86, 165, 253, 722, 1164, 1438, 1197, 435, 248, 4589, 278, 17280.00, 13.18, 10.67
09:16:58, 1732.50, 11.86, 159, 257, 723, 1190, 1402, 1121, 431, 234, 4029, 241, 17309.13, 13.14, 10.67
09:16:59, 1734.30, 11.86, 168, 268, 749, 1269, 1488, 1233, 479, 254, 3946, 228, 17352.94, 13.09, 10.67
09:16:59, 1737.30, 11.86, 185, 289, 803, 1422, 1661, 1506, 579, 296, 4335, 238, 17338.32, 13.11, 10.66
09:16:0, 1744.20, 11.86, 184, 311, 850, 1551, 1714, 1399, 579, 286, 3901, 217, 17382.23, 13.06, 10.66
09:17:00, 1751.80, 11.85, 188, 300, 839, 1504, 1638, 1428, 530, 279, 4418, 250, 17309.13, 13.14, 10.66
09:17:00, 1759.00, 11.84, 165, 263, 752, 1253, 1428, 1119, 412, 227, 4148, 255, 17352.94, 13.09, 10.66
09:17:01, 1763.60, 11.84, 147, 236, 691, 1077, 1332, 948, 366, 200, 4273, 285, 17338.32, 13.11, 10.63
09:17:01, 1768.20, 11.83, 142, 231, 688, 1041, 1364, 916, 367, 196, 4525, 320, 17338.32, 13.11, 10.63
09:17:02, 1773.30, 11.82, 138, 224, 673, 1016, 1346, 907, 360, 191, 4437, 309, 17352.94, 13.09, 10.63
09:17:02, 1778.30, 11.81, 135, 222, 662, 1021, 1315, 916, 350, 187, 4036, 268, 17367.58, 13.07, 10.63
09:17:02, 1784.10, 11.81, 133, 217, 641, 1019, 1390, 1041, 372, 204, 4245, 271, 17338.32, 13.11, 10.63
09:17:03, 1791.00, 11.80, 154, 239, 708, 1167, 1373, 1053, 379, 203, 3938, 241, 17352.94, 13.09, 10.63
09:17:03, 1795.70, 11.80, 136, 224, 658, 1083, 1289, 955, 345, 185, 3723, 234, 17367.58, 13.07, 10.63
09:17:04, 1802.30, 11.79, 140, 220, 658, 1061, 1332, 976, 351, 188, 3967, 253, 17396.89, 13.04, 10.63
09:17:04, 1811.00, 11.79, 134, 216, 653, 1043, 1329, 936, 337, 180, 4048, 267, 17309.13, 13.14, 10.61
09:17:05, 1815.90, 11.78, 121, 201, 609, 963, 1237, 820, 310, 160, 3785, 259, 17352.94, 13.09, 10.61
09:17:05, 1815.30, 11.78, 114, 192, 590, 911, 1191, 746, 302, 151, 3705, 262, 17367.58, 13.07, 10.62
09:17:05, 1814.80, 11.78, 113, 191, 585, 907, 1199, 782, 301, 155, 3764, 262, 17382.23, 13.06, 10.62
09:17:06, 1815.40, 11.77, 121, 197, 597, 956, 1222, 875, 315, 165, 3454, 219, 17396.89, 13.04, 10.62
09:17:06, 1820.20, 11.77, 141, 228, 678, 1168, 1474, 1165, 411, 208, 3697, 213, 17367.58, 13.07, 10.62
09:17:07, 1828.10, 11.77, 145, 246, 714, 1326, 1540, 1191, 462, 213, 3211, 177, 17382.23, 13.06, 10.62
09:17:07, 1835.50, 11.77, 147, 256, 743, 1414, 1629, 1262, 499, 222, 3183, 173, 17367.58, 13.07, 10.62
09:17:07, 1839.40, 11.77, 141, 247, 715, 1379, 1573, 1224, 488, 212, 3030, 164, 17411.58, 13.02, 10.62
09:17:08, 1834.00, 11.76, 132, 234, 678, 1275, 1423, 1098, 423, 194, 2955, 163, 17411.58, 13.02, 10.62
09:17:08, 1834.90, 11.76, 131, 223, 646, 1210, 1484, 1154, 449, 203, 3015, 166, 17411.58, 13.02, 10.62
09:17:09, 1836.90, 11.76, 136, 241, 697, 1334, 1623, 1249, 517, 218, 2947, 157, 17440.99, 12.99, 10.62
09:17:09, 1839.60, 11.76, 139, 253, 723, 1437, 1687, 1253, 544, 222, 2785, 149, 17338.32, 13.11, 10.62
09:17:10, 1845.70, 11.76, 140, 266, 763, 1496, 1939, 1433, 647, 254, 2912, 149, 17426.28, 13.00, 10.62
09:17:10, 1853.70, 11.76, 144, 281, 801, 1658, 1892, 1325, 635, 236, 2502, 132, 17411.58, 13.02, 10.62
09:17:10, 1858.20, 11.75, 133, 283, 819, 1609, 2109, 1341, 690, 254, 2099, 110, 17396.89, 13.04, 10.62
09:17:11, 1861.30, 11.75, 137, 309, 912, 1767, 2236, 1300, 719, 260, 1790, 96, 17426.28, 13.00, 10.62
09:17:11, 1860.60, 11.75, 122, 269, 796, 1494, 2125, 1237, 705, 247, 1720, 93, 17411.58, 13.02, 10.62
09:17:12, 1859.20, 11.75, 127, 278, 795, 1626, 1960, 1279, 680, 234, 2101, 111, 17396.89, 13.04, 10.62
09:17:12, 1864.50, 11.75, 135, 272, 790, 1563, 1855, 1290, 599, 228, 2480, 129, 17426.28, 13.00, 10.62
09:17:13, 1869.60, 11.75, 129, 258, 745, 1518, 1952, 1377, 646, 238, 2504, 130, 17396.89, 13.04, 10.62
09:17:13, 1875.40, 11.74, 131, 270, 784, 1585, 1969, 1286, 620, 231, 2215, 115, 17426.28, 13.00, 10.62
09:17:13, 1880.50, 11.74, 128, 281, 833, 1650, 2293, 1399, 747, 260, 1926, 103, 17426.28, 13.00, 10.62
09:17:14, 1881.70, 11.74, 123, 269, 817, 1544, 2019, 1176, 621, 226, 1647, 88, 17426.28, 13.00, 10.62
09:17:14, 1882.70, 11.73, 128, 285, 855, 1662, 2337, 1407, 740, 266, 1896, 101, 17426.28, 13.00, 10.62
09:17:15, 1882.50, 11.73, 111, 240, 704, 1407, 1801, 1144, 575, 204, 1972, 104, 17440.99, 12.99, 10.62
09:17:15, 1881.30, 11.73, 121, 244, 712, 1453, 1700, 1153, 538, 198, 2205, 116, 17411.58, 13.02, 10.63
09:17:15, 1885.60, 11.74, 120, 243, 717, 1415, 1792, 1185, 544, 206, 2235, 117, 17426.28, 13.00, 10.63
09:17:16, 1891.10, 11.73, 131, 269, 791, 1608, 2125, 1393, 642, 245, 2379, 123, 17411.58, 13.02, 10.63
09:17:16, 1897.20, 11.73, 129, 270, 801, 1606, 2100, 1335, 647, 234, 2112, 110, 17426.28, 13.00, 10.62
09:17:17, 1902.90, 11.73, 127, 280, 851, 1675, 2181, 1285, 649, 239, 1777, 95, 17426.28, 13.00, 10.62
09:17:17, 1901.00, 11.72, 120, 257, 798, 1500, 2159, 1184, 650, 230, 1546, 84, 17426.28, 13.00, 10.62
09:17:18, 1897.10, 11.72, 116, 248, 762, 1429, 1999, 1150, 594, 216, 1623, 87, 17440.99, 12.99, 10.62
09:17:18, 1897.40, 11.72, 132, 294, 897, 1730, 2145, 1316, 673, 237, 1918, 101, 17411.58, 13.02, 10.62
09:17:18, 1899.20, 11.73, 112, 237, 701, 1415, 1971, 1289, 629, 221, 2103, 110, 17470.46, 12.95, 10.62
09:17:19, 1906.00, 11.73, 122, 256, 759, 1538, 1863, 1195, 578, 206, 2049, 107, 17440.99, 12.99, 10.62
09:17:19, 1914.20, 11.72, 128, 270, 802, 1646, 2032, 1290, 614, 222, 2090, 109, 17455.72, 12.97, 10.62
09:17:20, 1916.50, 11.71, 111, 239, 727, 1429, 2004, 1208, 611, 212, 1771, 94, 17470.46, 12.95, 10.62
09:17:20, 1913.80, 11.71, 115, 250, 754, 1547, 1956, 1216, 626, 209, 1846, 98, 17455.72, 12.97, 10.61
09:17:20, 1913.10, 11.71, 110, 228, 682, 1401, 1659, 1080, 503, 180, 1979, 104, 17470.46, 12.95, 10.61
09:17:21, 1910.70, 11.71, 108, 212, 640, 1287, 1550, 1059, 451, 172, 2189, 116, 17470.46, 12.95, 10.61
09:17:21, 1911.90, 11.71, 105, 200, 602, 1191, 1503, 1041, 426, 168, 2310, 123, 17470.46, 12.95, 10.61
09:17:22, 1918.20, 11.71, 114, 221, 667, 1335, 1617, 1109, 470, 179, 2249, 119, 17485.22, 12.93, 10.61
09:17:22, 1920.60, 11.71, 118, 226, 684, 1386, 1650, 1147, 483, 184, 2336, 122, 17470.46, 12.95, 10.61
09:17:23, 1922.50, 11.70, 114, 212, 639, 1303, 1564, 1112, 462, 176, 2307, 122, 17440.99, 12.99, 10.61
09:17:23, 1924.40, 11.70, 109, 207, 630, 1259, 1563, 1057, 432, 170, 2304, 122, 17440.99, 12.99, 10.61
09:17:23, 1924.20, 11.70, 115, 214, 652, 1321, 1593, 1107, 454, 176, 2352, 124, 17500.00, 12.92, 10.60
09:17:24, 1922.00, 11.70, 109, 205, 625, 1249, 1552, 1072, 440, 171, 2309, 123, 17455.72, 12.97, 10.60
09:17:24, 1923.70, 11.70, 120, 221, 666, 1398, 1724, 1225, 533, 193, 2335, 122, 17411.58, 13.02, 10.59
09:17:25, 1923.80, 11.70, 110, 218, 659, 1338, 1662, 1100, 482, 179, 2098, 110, 17485.22, 12.93, 10.59
09:17:25, 1923.20, 11.70, 108, 214, 647, 1312, 1627, 1087, 481, 177, 2112, 111, 17485.22, 12.93, 10.60
09:17:26, 1926.30, 11.70, 116, 226, 682, 1407, 1756, 1216, 528, 193, 2288, 120, 17485.22, 12.93, 10.60
09:17:26, 1930.80, 11.70, 110, 219, 667, 1356, 1663, 1087, 483, 176, 2077, 109, 17470.46, 12.95, 10.60
09:17:26, 1930.00, 11.69, 110, 214, 652, 1333, 1572, 1084, 463, 171, 2130, 112, 17485.22, 12.93, 10.59
09:17:27, 1930.00, 11.69, 105, 197, 600, 1219, 1431, 982, 391, 155, 2210, 119, 17514.79, 12.90, 10.59
09:17:27, 1927.00, 11.69, 106, 191, 590, 1152, 1396, 1000, 369, 155, 2470, 133, 17470.46, 12.95, 10.59
09:17:28, 1924.90, 11.69, 111, 191, 592, 1162, 1380, 995, 357, 154, 2578, 142, 17500.00, 12.92, 10.59
09:17:28, 1925.60, 11.69, 108, 190, 587, 1133, 1446, 1056, 383, 164, 2629, 141, 17485.22, 12.93, 10.59
09:17:28, 1930.70, 11.69, 111, 199, 607, 1226, 1499, 1047, 416, 165, 2334, 125, 17470.46, 12.95, 10.59
09:17:29, 1932.60, 11.69, 108, 200, 618, 1222, 1516, 1065, 410, 166, 2455, 130, 17500.00, 12.92, 10.59
09:17:29, 1933.40, 11.69, 106, 191, 588, 1175, 1408, 1003, 377, 155, 2400, 130, 17500.00, 12.92, 10.59
09:17:30, 1935.00, 11.69, 108, 191, 593, 1170, 1379, 988, 360, 152, 2475, 135, 17514.79, 12.90, 10.59
09:17:30, 1932.50, 11.69, 106, 184, 574, 1121, 1321, 945, 339, 146, 2445, 134, 17529.60, 12.88, 10.59
09:17:31, 1928.60, 11.69, 100, 177, 547, 1057, 1293, 920, 335, 144, 2381, 131, 17529.60, 12.88, 10.58
09:17:31, 1925.20, 11.68, 115, 201, 617, 1250, 1501, 1098, 430, 169, 2454, 131, 17529.60, 12.88, 10.58
09:17:31, 1919.50, 11.69, 110, 208, 633, 1271, 1569, 1083, 457, 173, 2241, 118, 17514.79, 12.90, 10.59
09:17:32, 1908.00, 11.68, 114, 219, 656, 1365, 1572, 1100, 478, 177, 2195, 117, 17529.60, 12.88, 10.59
09:17:32, 1891.60, 11.68, 108, 200, 604, 1184, 1431, 1032, 392, 167, 2582, 140, 17529.60, 12.88, 10.59
09:17:33, 1872.90, 11.67, 112, 192, 583, 1111, 1476, 1115, 390, 181, 3148, 175, 17559.27, 12.85, 10.59
09:17:33, 1852.90, 11.67, 138, 224, 702, 1268, 1521, 1131, 378, 189, 3612, 212, 17544.42, 12.86, 10.59
09:17:33, 1834.80, 11.66, 83, 144, 434, 758, 1156, 841, 295, 147, 2905, 173, 17529.60, 12.88, 10.59
09:17:34, 1816.00, 11.66, 168, 242, 786, 1324, 1403, 1053, 345, 183, 4075, 252, 17574.13, 12.83, 10.59
09:17:34, 1797.20, 11.65, 97, 171, 498, 881, 1119, 824, 315, 152, 2549, 148, 17544.42, 12.86, 10.61
09:17:35, 1779.40, 11.65, 162, 269, 788, 1504, 2062, 1711, 646, 312, 4594, 244, 17559.27, 12.85, 10.61
09:17:35, 1764.70, 11.64, 98, 171, 494, 859, 968, 695, 275, 135, 2309, 137, 17529.60, 12.88, 10.61
09:17:36, 1745.90, 11.64, 125, 208, 605, 1081, 1719, 1455, 575, 271, 3832, 206, 17529.60, 12.88, 10.61
09:17:36, 1736.40, 11.63, 147, 243, 695, 1262, 1146, 862, 345, 172, 2766, 161, 17559.27, 12.85, 10.61
09:17:36, 1719.50, 11.63, 94, 168, 475, 776, 979, 690, 278, 144, 2729, 170, 17529.60, 12.88, 10.62
09:17:37, 1704.60, 11.62, 171, 258, 755, 1242, 1294, 1016, 395, 215, 3866, 234, 17559.27, 12.85, 10.62
09:17:37, 1687.10, 11.62, 92, 166, 457, 739, 963, 703, 296, 156, 2602, 159, 17574.13, 12.83, 10.63
09:17:38, 1669.50, 11.63, 130, 224, 614, 1025, 1474, 1178, 479, 259, 4085, 240, 17544.42, 12.86, 10.63
09:17:38, 1660.20, 11.63, 119, 202, 560, 877, 993, 718, 316, 172, 2955, 187, 17589.00, 12.81, 10.63
09:17:39, 1647.30, 11.63, 99, 179, 477, 750, 1031, 767, 334, 180, 2895, 177, 17574.13, 12.83, 10.70
09:17:39, 1638.40, 11.64, 188, 314, 845, 1406, 1562, 1302, 536, 304, 4825, 283, 17574.13, 12.83, 10.70
09:17:39, 1626.60, 11.65, 109, 194, 508, 790, 978, 742, 340, 187, 2738, 168, 17589.00, 12.81, 10.73
09:17:40, 1614.30, 11.65, 149, 261, 678, 1120, 1322, 1063, 495, 261, 3298, 190, 17603.89, 12.79, 10.73
09:17:40, 1601.90, 11.66, 144, 243, 633, 986, 1113, 846, 398, 226, 3458, 219, 17574.13, 12.83, 10.73
09:17:41, 1587.70, 11.67, 133, 227, 599, 892, 1102, 843, 389, 225, 3526, 222, 17559.27, 12.85, 10.77
09:17:41, 1571.80, 11.67, 250, 379, 1008, 1487, 1605, 1309, 591, 359, 5588, 347, 17589.00, 12.81, 10.77
09:17:41, 1559.30, 11.68, 129, 229, 571, 837, 1191, 918, 454, 270, 4028, 260, 17589.00, 12.81, 10.80
09:17:42, 1549.00, 11.69, 146, 263, 629, 937, 1027, 800, 407, 234, 2994, 182, 17574.13, 12.83, 10.80
09:17:42, 1540.30, 11.69, 233, 368, 937, 1386, 1262, 984, 496, 298, 4215, 269, 17589.00, 12.81, 10.80
09:17:43, 1525.50, 11.70, 198, 331, 813, 1154, 1294, 1034, 527, 327, 4521, 291, 17574.13, 12.83, 10.81
09:17:43, 1510.80, 11.70, 224, 352, 875, 1278, 2095, 1953, 855, 582, 8313, 512, 17559.27, 12.85, 10.81
09:17:44, 1498.40, 11.71, 137, 247, 581, 827, 915, 686, 375, 223, 2960, 187, 17589.00, 12.81, 10.84
09:17:44, 1486.90, 11.71, 146, 255, 610, 868, 1197, 944, 513, 322, 4217, 272, 17603.89, 12.79, 10.84
09:17:44, 1476.50, 11.71, 295, 425, 1059, 1489, 1197, 969, 521, 331, 4195, 266, 17589.00, 12.81, 10.84
09:17:45, 1464.90, 11.71, 143, 255, 579, 809, 1031, 808, 458, 287, 3654, 236, 17603.89, 12.79, 10.84
09:17:45, 1457.70, 11.72, 201, 349, 790, 1083, 1562, 1312, 696, 463, 5909, 376, 17603.89, 12.79, 10.84
09:17:46, 1450.60, 11.72, 209, 345, 800, 1119, 1006, 785, 462, 290, 3393, 215, 17603.89, 12.79, 10.86
09:17:46, 1440.10, 11.72, 286, 440, 1053, 1402, 1423, 1174, 668, 452, 5646, 370, 17589.00, 12.81, 10.86
09:17:46, 1427.20, 11.73, 200, 344, 758, 1037, 1384, 1197, 685, 459, 4926, 307, 17618.79, 12.78, 10.90
09:17:47, 1411.70, 11.73, 180, 317, 683, 934, 1297, 1118, 651, 445, 4828, 306, 17618.79, 12.78, 10.90
09:17:47, 1400.30, 11.74, 162, 288, 623, 832, 781, 590, 376, 239, 2733, 173, 17603.89, 12.79, 10.90
09:17:48, 1388.90, 11.74, 204, 339, 745, 1019, 1265, 1080, 660, 458, 4817, 308, 17618.79, 12.78, 10.92
09:17:48, 1379.10, 11.75, 239, 390, 849, 1117, 1996, 1896, 1039, 815, 10340, 673, 17603.89, 12.79, 10.92
09:17:49, 1370.00, 11.75, 153, 284, 569, 745, 1124, 955, 615, 430, 4110, 259, 17618.79, 12.78, 10.92
09:17:49, 1363.60, 11.77, 404, 566, 1268, 1609, 1128, 906, 613, 425, 4195, 275, 17618.79, 12.78, 10.92
09:17:49, 1355.50, 11.77, 336, 506, 1101, 1361, 1964, 1781, 1074, 858, 10708, 725, 17618.79, 12.78, 10.96
09:17:50, 1341.30, 11.78, 245, 415, 830, 1075, 1402, 1276, 816, 613, 5728, 360, 17648.65, 12.74, 10.96
09:17:50, 1330.50, 11.79, 303, 489, 1011, 1265, 1352, 1112, 792, 584, 5620, 390, 17678.57, 12.71, 10.96
09:17:51, 1319.60, 11.79, 468, 621, 1368, 1656, 1266, 1116, 758, 572, 5228, 335, 17648.65, 12.74, 10.98
09:17:51, 1308.10, 11.80, 303, 479, 959, 1247, 1956, 1956, 1249, 1068, 10030, 655, 17618.79, 12.78, 10.98
09:17:52, 1296.60, 11.81, 321, 517, 996, 1238, 1845, 1896, 1194, 998, 8922, 552, 17618.79, 12.78, 11.01
09:17:52, 1285.50, 11.81, 281, 456, 865, 1128, 916, 783, 581, 422, 3321, 201, 17663.60, 12.72, 11.01
09:17:52, 1276.10, 11.82, 419, 613, 1175, 1595, 1701, 1755, 1179, 966, 7426, 452, 17648.65, 12.74, 11.01
09:17:53, 1264.60, 11.83, 473, 648, 1312, 1572, 2661, 2935, 1696, 1709, 23149, 1582, 17663.60, 12.72, 11.02
09:17:53, 1249.90, 11.83, 296, 478, 859, 1052, 1206, 1149, 868, 713, 4988, 318, 17663.60, 12.72, 11.02
09:17:54, 1236.70, 11.83, 493, 694, 1282, 1709, 1558, 1570, 1157, 975, 6629, 403, 17663.60, 12.72, 11.03
09:17:54, 1225.50, 11.84, 977, 948, 1949, 2413, 1517, 1594, 1099, 993, 8412, 509, 17648.65, 12.74, 11.03
09:17:54, 1210.90, 11.85, 385, 569, 1015, 1209, 1463, 1472, 1077, 989, 7901, 515, 17633.71, 12.76, 11.03
09:17:55, 1199.20, 11.85, 728, 892, 1700, 2005, 1961, 2218, 1592, 1556, 11129, 703, 17663.60, 12.72, 11.03
09:17:55, 1184.20, 11.85, 438, 619, 1050, 1344, 1227, 1194, 980, 858, 5464, 342, 17693.55, 12.69, 11.03
09:17:56, 1171.90, 11.86, 1055, 838, 1754, 2078, 2739, 4482, 2427, 2769, 26481, 1458, 17648.65, 12.74, 11.09
09:17:56, 1161.10, 11.87, 879, 984, 1733, 2267, 2589, 3870, 2616, 2619, 15975, 861, 17678.57, 12.71, 11.09
09:17:57, 1146.60, 11.88, 553, 752, 1196, 1420, 1613, 1786, 1479, 1498, 8445, 582, 17693.55, 12.69, 11.11
09:17:57, 1130.60, 11.89, 1582, 1177, 2449, 2447, 2583, 5297, 2172, 3082, 23023, 1989, 17633.71, 12.76, 11.11
09:17:57, 1116.50, 11.89, 9380, 8007, 14573, 23671, 6290, 13282, 11288, 8938, 30950, 1571, 17678.57, 12.71, 11.11
09:17:58, 1098.20, 11.90, 797, 944, 1406, 1918, 1268, 1951, 1323, 1446, 10052, 624, 17618.79, 12.78, 11.10
09:17:58, 1080.20, 11.91, 449, 598, 871, 928, 1296, 1360, 1247, 1400, 7838, 615, 17663.60, 12.72, 11.10
09:17:59, 1062.00, 11.91, 987, 994, 1405, 2194, 882, 886, 892, 873, 5126, 380, 17663.60, 12.72, 11.09
09:17:59, 1045.30, 11.92, 425, 588, 751, 785, 830, 802, 833, 858, 5077, 505, 17633.71, 12.76, 11.09
09:17:59, 1025.00, 11.92, 511, 702, 888, 945, 1160, 1163, 1268, 1364, 7485, 1493, 17663.60, 12.72, 11.09
09:18:00, 1023.10, 11.92, 631, 851, 1053, 1092, 1005, 984, 1093, 1157, 7151, 2118, 17693.55, 12.69, 11.09
09:18:00, 1023.30, 11.93, 575, 772, 944, 971, 994, 938, 1070, 1075, 6091, 1792, 17678.57, 12.71, 11.09
09:18:01, 1023.30, 11.93, 538, 728, 864, 931, 933, 919, 1037, 1003, 3404, 834, 17708.56, 12.67, 11.08
09:18:01, 1023.30, 11.93, 749, 965, 1168, 1222, 1236, 1266, 1298, 1469, 4446, 1027, 17708.56, 12.67, 11.08
09:18:02, 1022.90, 11.92, 1350, 1324, 2085, 1852, 12782, 16345, 8667, 18920, 8463, 2955, 17708.56, 12.67, 10.98
09:18:02, 1022.40, 11.92, 950, 1340, 1684, 1846, 1897, 1808, 2225, 2293, 6048, 1543, 17693.55, 12.69, 10.98
09:18:02, 1023.30, 11.98, 6264, 4805, 10324, 5806, 2913, 6433, 3145, 4757, 7442, 2513, 17663.60, 12.72, 10.98
09:18:03, 1023.30, 11.99, 1047, 1363, 1703, 1819, 2538, 2012, 3528, 2551, 25635, 12870, 17708.56, 12.67, 10.95
09:18:03, 1022.00, 11.95, 7969, 3795, 11950, 6051, 14793, 23179, 15866, 29125, 36000, 36000, 17678.57, 12.71, 10.95
09:18:04, 1022.10, 11.97, 1267, 2301, 3056, 3848, 2799, 2136, 3292, 2866, 7358, 2725, 17663.60, 12.72, 10.92
09:18:04, 1022.30, 12.02, 8332, 3849, 10959, 5835, 15678, 19093, 11509, 22023, 9626, 3817, 17648.65, 12.74, 10.92
09:18:05, 1023.00, 12.05, 1300, 1935, 2612, 3104, 1602, 1596, 2067, 1947, 6997, 2146, 17693.55, 12.69, 10.92
09:18:05, 1023.00, 12.11, 869, 1250, 1512, 1688, 1625, 1601, 1918, 1954, 6093, 1523, 17678.57, 12.71, 10.86
