Secchi Depth (cm) = 0670
Forel Ule Scale = 10
pH Colour Scale = 99
SmartSecchi S/N = A0000001
Latitude (degs N) = 56.50414
Longitude (degs E) = -5.46452
Date = 2023-05-25
Time (UTC), Pressure (mbar) MS5803, Temp (deg C) MS5803, 415nm, 445nm, 480nm, 515nm, 555nm, 590nm, 630nm, 680nm, Clear, NIR, Resistance 10KTHERM, Temp (deg C) 10KTHERM, Temp (deg C) TMP117
09:40:31, 1023.60, 16.38, 209, 227, 320, 323, 333, 353, 353, 389, 2936, 1425, 14333.97, 17.11, 14.59
09:40:31, 1023.70, 16.38, 201, 218, 308, 311, 377, 407, 403, 456, 3142, 1451, 14368.75, 17.06, 14.59
09:40:31, 1021.30, 16.23, 743, 1083, 1296, 1420, 1414, 1324, 1514, 1512, 5809, 1685, 14357.14, 17.08, 14.59
09:40:32, 1023.40, 16.38, 1199, 1291, 1673, 1853, 2184, 2784, 2796, 3471, 22154, 9176, 14345.55, 17.09, 14.59
09:40:32, 1023.40, 16.39, 1897, 1563, 2385, 2182, 3143, 3655, 3627, 4708, 36000, 23444, 14357.14, 17.08, 14.59
09:40:33, 1023.50, 16.39, 2764, 2159, 4365, 2973, 1854, 2203, 3033, 3827, 16256, 7592, 14368.75, 17.06, 14.56
09:40:33, 1023.50, 16.40, 153, 180, 218, 246, 251, 346, 607, 881, 2235, 1117, 14333.97, 17.11, 14.56
09:40:34, 1023.70, 16.40, 895, 1279, 1691, 1898, 5457, 3848, 8699, 5588, 36000, 32474, 14368.75, 17.06, 14.56
09:40:34, 1023.50, 16.40, 1584, 2695, 3347, 4835, 4587, 3817, 7635, 4738, 36000, 20570, 14345.55, 17.09, 14.53
09:40:34, 1023.70, 16.40, 1713, 2668, 2955, 6203, 4205, 4542, 9884, 4564, 35944, 13405, 14368.75, 17.06, 14.53
09:40:35, 1023.90, 16.40, 2024, 2359, 2656, 5619, 3836, 7870, 8979, 5631, 26212, 6756, 14357.14, 17.08, 14.65
09:40:35, 1023.90, 16.40, 3113, 2180, 3083, 4051, 3133, 6389, 4335, 5040, 12694, 4269, 14333.97, 17.11, 14.65
09:40:36, 1023.90, 16.40, 3163, 2146, 3178, 3738, 2952, 5299, 3775, 4551, 10866, 3782, 14380.36, 17.04, 14.65
09:40:36, 1023.60, 16.39, 4235, 2353, 4291, 3839, 3880, 6763, 3710, 5845, 9305, 3140, 14357.14, 17.08, 14.77
09:40:36, 1023.70, 16.37, 5955, 3013, 7853, 4192, 6135, 4577, 4640, 6080, 7357, 2465, 14345.55, 17.09, 14.77
09:40:37, 1023.70, 16.40, 819, 1072, 1348, 1389, 1462, 1486, 1613, 1869, 4718, 1089, 14357.14, 17.08, 14.78
09:40:37, 1023.80, 16.40, 799, 1076, 1336, 1406, 1604, 1644, 1793, 2094, 4844, 1165, 14368.75, 17.06, 14.78
09:40:38, 1024.10, 16.40, 809, 1085, 1347, 1419, 1546, 1574, 1683, 2017, 4880, 1199, 14380.36, 17.04, 14.72
09:40:38, 1024.60, 16.40, 770, 1024, 1283, 1329, 1245, 1261, 1342, 1575, 3945, 903, 14368.75, 17.06, 14.72
09:40:39, 1027.90, 16.27, 781, 1077, 1348, 1412, 1437, 1454, 1588, 1821, 4406, 1033, 14380.36, 17.04, 14.72
09:40:39, 1031.60, 16.02, 708, 926, 1173, 1215, 1252, 1244, 1346, 1498, 4658, 676, 14357.14, 17.08, 13.51
09:40:39, 1033.50, 15.80, 662, 871, 1079, 1135, 1095, 1103, 1147, 1302, 4693, 595, 14380.36, 17.04, 13.51
09:40:40, 1034.40, 15.62, 693, 933, 1167, 1242, 1159, 1160, 1212, 1388, 4764, 596, 14333.97, 17.11, 12.19
09:40:40, 1035.10, 15.44, 677, 914, 1149, 1224, 1274, 1278, 1356, 1534, 4611, 571, 14380.36, 17.04, 12.19
09:40:41, 1034.70, 15.31, 644, 851, 1080, 1126, 1276, 1267, 1358, 1534, 4276, 534, 14380.36, 17.04, 12.19
09:40:41, 1031.90, 15.20, 642, 838, 1066, 1104, 1160, 1149, 1227, 1399, 3969, 554, 14391.99, 17.03, 11.75
09:40:41, 1030.10, 15.10, 670, 879, 1108, 1151, 1161, 1156, 1218, 1401, 4236, 666, 14368.75, 17.06, 11.75
09:40:42, 1029.40, 15.00, 641, 847, 1046, 1109, 1166, 1185, 1239, 1432, 5209, 907, 14415.27, 16.99, 11.56
09:40:42, 1031.80, 14.92, 630, 850, 1034, 1117, 1139, 1143, 1224, 1347, 5863, 897, 14403.62, 17.01, 11.56
09:40:43, 1034.40, 14.84, 610, 838, 1024, 1098, 1195, 1197, 1287, 1404, 6281, 883, 14380.36, 17.04, 11.56
09:40:43, 1034.20, 14.77, 603, 825, 1013, 1089, 1129, 1125, 1205, 1320, 5692, 722, 14415.27, 16.99, 11.50
09:40:44, 1033.50, 14.70, 597, 801, 980, 1050, 1134, 1136, 1189, 1367, 4843, 622, 14415.27, 16.99, 11.50
09:40:44, 1031.80, 14.65, 634, 848, 1059, 1121, 1154, 1144, 1228, 1391, 4016, 581, 14415.27, 16.99, 11.46
09:40:44, 1033.30, 14.60, 635, 847, 1066, 1120, 1183, 1173, 1280, 1424, 3880, 556, 14415.27, 16.99, 11.46
09:40:45, 1036.10, 14.56, 610, 807, 1028, 1074, 1090, 1076, 1142, 1295, 3806, 462, 14391.99, 17.03, 11.45
09:40:45, 1040.20, 14.52, 603, 812, 1019, 1080, 1124, 1111, 1172, 1312, 4461, 456, 14438.61, 16.96, 11.45
09:40:46, 1044.70, 14.47, 567, 780, 970, 1048, 1082, 1074, 1124, 1253, 4780, 448, 14426.94, 16.97, 11.45
09:40:46, 1051.60, 14.39, 538, 747, 938, 1017, 1025, 1010, 1052, 1151, 4521, 340, 14450.29, 16.94, 11.45
09:40:46, 1049.00, 14.34, 524, 719, 906, 978, 1033, 1020, 1054, 1169, 4111, 325, 14438.61, 16.96, 11.45
09:40:47, 1048.10, 14.30, 539, 729, 928, 988, 1038, 1014, 1063, 1177, 3573, 296, 14450.29, 16.94, 11.45
09:40:47, 1048.50, 14.27, 538, 727, 930, 987, 1023, 997, 1054, 1165, 3302, 268, 14426.94, 16.97, 11.45
09:40:48, 1048.20, 14.24, 527, 713, 916, 975, 981, 957, 1003, 1115, 3199, 263, 14461.98, 16.92, 11.45
09:40:48, 1048.20, 14.23, 547, 746, 960, 1027, 993, 966, 1016, 1124, 3307, 269, 14450.29, 16.94, 11.45
09:40:49, 1048.30, 14.22, 543, 749, 959, 1034, 1016, 992, 1038, 1146, 3489, 286, 14461.98, 16.92, 11.45
09:40:49, 1048.40, 14.22, 520, 710, 902, 967, 1022, 995, 1051, 1152, 3560, 287, 14473.68, 16.90, 11.48
09:40:49, 1046.80, 14.22, 517, 704, 892, 957, 1017, 990, 1049, 1151, 3547, 297, 14461.98, 16.92, 11.48
09:40:50, 1045.30, 14.24, 524, 712, 901, 967, 1064, 1042, 1118, 1225, 3603, 321, 14461.98, 16.92, 11.48
09:40:50, 1046.60, 14.24, 529, 715, 907, 969, 1048, 1026, 1095, 1201, 3481, 294, 14461.98, 16.92, 11.47
09:40:51, 1046.30, 14.25, 532, 723, 922, 988, 1017, 994, 1050, 1160, 3374, 286, 14473.68, 16.90, 11.47
09:40:51, 1045.50, 14.24, 546, 743, 947, 1018, 1023, 1000, 1046, 1165, 3499, 305, 14473.68, 16.90, 11.48
09:40:51, 1045.10, 14.23, 549, 746, 946, 1013, 1052, 1031, 1080, 1203, 3725, 335, 14461.98, 16.92, 11.48
09:40:52, 1045.20, 14.22, 535, 717, 908, 966, 1052, 1034, 1083, 1203, 3974, 348, 14450.29, 16.94, 11.48
09:40:52, 1045.40, 14.20, 529, 715, 899, 968, 1007, 1000, 1038, 1146, 4309, 371, 14473.68, 16.90, 11.48
09:40:53, 1045.30, 14.18, 538, 742, 922, 1007, 1015, 1009, 1060, 1163, 4803, 430, 14473.68, 16.90, 11.48
09:40:53, 1046.50, 14.17, 537, 744, 918, 1008, 1012, 1008, 1071, 1148, 5043, 440, 14473.68, 16.90, 11.46
09:40:54, 1046.20, 14.16, 526, 727, 897, 987, 1020, 1021, 1093, 1156, 5212, 457, 14508.86, 16.85, 11.46
09:40:54, 1044.40, 14.16, 541, 748, 927, 1019, 1013, 1019, 1097, 1152, 5382, 501, 14508.86, 16.85, 11.45
09:40:54, 1043.40, 14.15, 550, 761, 941, 1032, 1046, 1044, 1132, 1199, 5582, 547, 14508.86, 16.85, 11.45
09:40:55, 1044.80, 14.16, 554, 770, 959, 1045, 1017, 1017, 1100, 1152, 5494, 528, 14520.61, 16.84, 11.45
09:40:55, 1046.60, 14.15, 544, 760, 946, 1036, 1025, 1014, 1099, 1150, 5511, 504, 14520.61, 16.84, 11.48
09:40:56, 1046.10, 14.15, 537, 750, 923, 1016, 1002, 996, 1074, 1124, 5334, 478, 14508.86, 16.85, 11.48
09:40:56, 1045.30, 14.14, 538, 744, 915, 1007, 1011, 1012, 1082, 1153, 5135, 458, 14485.40, 16.89, 11.48
09:40:57, 1045.20, 14.13, 556, 775, 962, 1057, 1019, 1022, 1072, 1167, 4902, 437, 14508.86, 16.85, 11.48
09:40:57, 1045.00, 14.12, 553, 758, 943, 1031, 1038, 1044, 1085, 1197, 4708, 411, 14520.61, 16.84, 11.48
09:40:57, 1044.60, 14.12, 557, 760, 948, 1029, 1019, 1028, 1057, 1174, 4446, 395, 14520.61, 16.84, 11.47
09:40:58, 1043.60, 14.11, 558, 760, 950, 1035, 1033, 1038, 1074, 1191, 4545, 413, 14520.61, 16.84, 11.47
09:40:58, 1043.30, 14.11, 553, 758, 943, 1033, 1034, 1038, 1082, 1199, 4762, 445, 14532.37, 16.82, 11.49
09:40:59, 1044.20, 14.11, 546, 743, 924, 1012, 1027, 1023, 1080, 1181, 4929, 448, 14520.61, 16.84, 11.49
09:40:59, 1045.70, 14.10, 536, 741, 915, 1007, 1025, 1017, 1079, 1172, 5012, 439, 14532.37, 16.82, 11.48
09:40:59, 1046.40, 14.09, 544, 762, 944, 1037, 1030, 1021, 1079, 1177, 4892, 416, 14532.37, 16.82, 11.48
09:41:00, 1045.70, 14.07, 558, 771, 962, 1050, 1040, 1035, 1077, 1186, 4569, 384, 14532.37, 16.82, 11.48
09:41:00, 1044.10, 14.07, 561, 763, 961, 1038, 1044, 1044, 1078, 1203, 4128, 373, 14532.37, 16.82, 11.49
09:41:01, 1041.70, 14.06, 555, 729, 927, 989, 1065, 1077, 1107, 1251, 4039, 391, 14544.15, 16.80, 11.49
09:41:01, 1040.90, 14.06, 559, 731, 926, 992, 1078, 1088, 1126, 1273, 4350, 440, 14555.93, 16.78, 11.47
09:41:02, 1042.60, 14.05, 547, 733, 912, 992, 1002, 1025, 1070, 1169, 4809, 462, 14555.93, 16.78, 11.47
09:41:02, 1045.20, 14.04, 538, 751, 919, 1017, 955, 960, 1047, 1063, 5312, 481, 14532.37, 16.82, 11.47
09:41:02, 1045.90, 14.03, 525, 738, 911, 1005, 1008, 995, 1114, 1099, 5780, 531, 14544.15, 16.80, 11.46
09:41:03, 1044.40, 14.01, 542, 766, 946, 1048, 1031, 1020, 1141, 1140, 5982, 609, 14579.53, 16.75, 11.46
09:41:03, 1041.40, 14.00, 553, 781, 957, 1069, 1030, 1030, 1163, 1143, 6171, 692, 14555.93, 16.78, 11.47
09:41:04, 1040.90, 13.98, 565, 794, 972, 1093, 1084, 1086, 1227, 1251, 6458, 792, 14567.72, 16.77, 11.47
09:41:04, 1042.20, 13.97, 559, 789, 967, 1087, 1089, 1080, 1228, 1228, 6432, 732, 14579.53, 16.75, 11.47
09:41:04, 1044.00, 13.94, 551, 786, 964, 1072, 1052, 1027, 1185, 1148, 6387, 734, 14591.34, 16.73, 11.47
09:41:05, 1046.00, 13.92, 551, 795, 977, 1083, 1049, 1012, 1175, 1140, 6345, 711, 14567.72, 16.77, 11.47
09:41:05, 1047.50, 13.91, 555, 801, 992, 1097, 1030, 999, 1144, 1097, 6076, 609, 14567.72, 16.77, 11.48
09:41:06, 1045.90, 13.90, 556, 798, 990, 1095, 1029, 1019, 1150, 1123, 5970, 578, 14626.87, 16.68, 11.48
09:41:06, 1043.00, 13.89, 544, 763, 930, 1049, 1015, 1025, 1146, 1122, 5920, 587, 14603.17, 16.72, 11.48
09:41:07, 1041.50, 13.87, 555, 768, 938, 1050, 1011, 1038, 1152, 1147, 5870, 612, 14603.17, 16.72, 11.48
09:41:07, 1043.00, 13.84, 564, 783, 959, 1071, 1059, 1066, 1178, 1204, 5950, 603, 14615.01, 16.70, 11.48
09:41:07, 1045.00, 13.82, 553, 776, 954, 1064, 1027, 1022, 1144, 1130, 5939, 585, 14603.17, 16.72, 11.48
09:41:08, 1046.40, 13.81, 544, 773, 954, 1064, 997, 981, 1117, 1058, 5932, 582, 14615.01, 16.70, 11.48
09:41:08, 1046.50, 13.80, 560, 803, 996, 1104, 1039, 1022, 1160, 1123, 6146, 627, 14603.17, 16.72, 11.49
09:41:09, 1045.60, 13.80, 558, 797, 982, 1100, 1062, 1045, 1192, 1149, 6224, 626, 14615.01, 16.70, 11.49
09:41:09, 1043.40, 13.80, 557, 791, 967, 1088, 1092, 1080, 1235, 1214, 6473, 720, 14638.73, 16.66, 11.49
09:41:09, 1043.20, 13.80, 565, 804, 988, 1112, 1036, 1020, 1173, 1111, 6255, 688, 14626.87, 16.68, 11.47
09:41:10, 1044.50, 13.79, 562, 801, 985, 1101, 1049, 1031, 1189, 1127, 6330, 699, 14615.01, 16.70, 11.47
09:41:10, 1044.90, 13.78, 555, 798, 978, 1097, 1062, 1035, 1200, 1138, 6382, 695, 14615.01, 16.70, 11.49
09:41:11, 1044.50, 13.79, 551, 798, 979, 1096, 1016, 980, 1146, 1052, 6199, 689, 14638.73, 16.66, 11.49
09:41:11, 1044.70, 13.78, 555, 809, 997, 1101, 1022, 986, 1155, 1061, 6280, 715, 14662.49, 16.63, 11.49
09:41:12, 1045.50, 13.79, 567, 823, 1015, 1127, 1039, 1005, 1167, 1105, 6283, 683, 14662.49, 16.63, 11.47
09:41:12, 1045.10, 13.80, 550, 792, 973, 1091, 1053, 1028, 1182, 1127, 6282, 667, 14626.87, 16.68, 11.47
09:41:12, 1043.50, 13.80, 548, 781, 953, 1081, 1036, 1020, 1174, 1100, 6246, 664, 14662.49, 16.63, 11.48
09:41:13, 1042.00, 13.81, 565, 803, 984, 1110, 1037, 1029, 1187, 1127, 6345, 731, 14638.73, 16.66, 11.48
09:41:13, 1041.90, 13.80, 582, 829, 1017, 1143, 1083, 1068, 1235, 1183, 6553, 770, 14650.60, 16.65, 11.48
09:41:14, 1043.30, 13.78, 569, 819, 1000, 1129, 1094, 1064, 1240, 1181, 6656, 795, 14662.49, 16.63, 11.48
09:41:14, 1051.50, 13.77, 534, 788, 975, 1082, 1103, 1048, 1240, 1197, 6691, 734, 14674.39, 16.61, 11.48
09:41:14, 1061.20, 13.75, 512, 763, 948, 1057, 1039, 972, 1133, 1033, 5948, 504, 14686.29, 16.59, 11.48
09:41:15, 1068.30, 13.71, 474, 711, 893, 1003, 991, 922, 1071, 973, 5632, 435, 14698.21, 16.58, 11.48
09:41:15, 1073.70, 13.68, 482, 728, 924, 1042, 1008, 938, 1082, 986, 5564, 398, 14662.49, 16.63, 11.46
09:41:16, 1079.70, 13.66, 474, 724, 933, 1062, 1028, 959, 1094, 998, 5537, 372, 14710.14, 16.56, 11.46
09:41:16, 1086.90, 13.63, 452, 690, 889, 1019, 972, 900, 1026, 889, 5206, 329, 14698.21, 16.58, 11.46
09:41:17, 1096.80, 13.61, 437, 673, 876, 1006, 961, 883, 992, 862, 4981, 298, 14662.49, 16.63, 11.45
09:41:17, 1106.00, 13.58, 406, 631, 828, 946, 933, 854, 941, 819, 4703, 270, 14698.21, 16.58, 11.45
09:41:17, 1116.00, 13.52, 375, 589, 778, 897, 914, 831, 896, 769, 4474, 247, 14722.09, 16.54, 11.40
09:41:18, 1123.80, 13.50, 351, 558, 743, 859, 874, 792, 845, 713, 4234, 230, 14710.14, 16.56, 11.40
09:41:18, 1134.30, 13.48, 330, 528, 717, 825, 827, 748, 780, 656, 3912, 202, 14710.14, 16.56, 11.40
09:41:19, 1143.70, 13.45, 307, 491, 672, 780, 778, 702, 715, 614, 3510, 172, 14722.09, 16.54, 11.36
09:41:19, 1152.00, 13.42, 295, 463, 644, 753, 728, 687, 640, 576, 2877, 135, 14722.09, 16.54, 11.36
09:41:19, 1161.90, 13.40, 281, 435, 619, 710, 721, 657, 599, 553, 2255, 105, 14722.09, 16.54, 11.32
09:41:20, 1172.40, 13.37, 267, 415, 607, 688, 724, 645, 589, 548, 1776, 82, 14746.01, 16.51, 11.32
09:41:20, 1184.60, 13.35, 243, 391, 573, 653, 687, 615, 551, 499, 1396, 64, 14722.09, 16.54, 11.23
09:41:21, 1194.90, 13.32, 230, 378, 567, 654, 689, 603, 547, 476, 1092, 51, 14710.14, 16.56, 11.23
09:41:21, 1203.70, 13.29, 219, 373, 564, 658, 711, 605, 561, 471, 956, 46, 14757.99, 16.49, 11.23
09:41:22, 1211.40, 13.26, 206, 353, 538, 631, 669, 564, 521, 429, 889, 43, 14722.09, 16.54, 11.13
09:41:22, 1218.30, 13.23, 192, 330, 503, 588, 632, 532, 480, 397, 874, 41, 14757.99, 16.49, 11.13
09:41:22, 1226.00, 13.21, 189, 324, 500, 583, 627, 525, 467, 381, 889, 42, 14746.01, 16.51, 11.09
09:41:23, 1237.40, 13.18, 178, 308, 478, 558, 598, 493, 434, 346, 863, 41, 14746.01, 16.51, 11.09
09:41:23, 1249.70, 13.16, 173, 304, 476, 561, 574, 465, 411, 318, 781, 37, 14757.99, 16.49, 11.09
09:41:24, 1261.40, 13.14, 153, 272, 430, 511, 541, 435, 381, 288, 676, 32, 14769.98, 16.47, 11.07
09:41:24, 1269.20, 13.12, 139, 249, 398, 473, 501, 398, 344, 257, 618, 30, 14769.98, 16.47, 11.07
09:41:24, 1275.80, 13.10, 129, 230, 370, 438, 469, 371, 313, 234, 617, 29, 14769.98, 16.47, 11.05
09:41:25, 1283.30, 13.09, 124, 220, 358, 425, 448, 359, 295, 222, 634, 30, 14769.98, 16.47, 11.05
09:41:25, 1290.30, 13.08, 118, 209, 341, 404, 427, 340, 275, 206, 659, 31, 14793.99, 16.44, 11.05
09:41:26, 1297.90, 13.07, 110, 194, 319, 378, 394, 311, 246, 184, 655, 30, 14793.99, 16.44, 11.03
09:41:26, 1303.30, 13.06, 103, 181, 299, 353, 369, 292, 226, 169, 652, 30, 14806.01, 16.42, 11.03
09:41:27, 1308.20, 13.05, 98, 173, 286, 338, 355, 281, 214, 160, 678, 31, 14818.05, 16.40, 11.02
09:41:27, 1311.40, 13.05, 93, 162, 269, 316, 336, 266, 198, 147, 684, 31, 14793.99, 16.44, 11.02
09:41:27, 1310.10, 13.05, 94, 166, 275, 323, 343, 271, 204, 151, 676, 31, 14818.05, 16.40, 11.01
09:41:28, 1307.00, 13.05, 98, 173, 287, 339, 363, 284, 218, 162, 640, 29, 14830.10, 16.39, 11.01
09:41:28, 1303.50, 13.05, 100, 177, 293, 345, 372, 289, 227, 167, 604, 28, 14818.05, 16.40, 11.01
09:41:29, 1301.90, 13.05, 99, 176, 291, 343, 372, 289, 229, 168, 579, 27, 14830.10, 16.39, 11.02
09:41:29, 1311.40, 13.05, 103, 184, 305, 358, 358, 274, 216, 156, 538, 25, 14818.05, 16.40, 11.02
09:41:29, 1324.00, 13.03, 97, 175, 294, 349, 371, 282, 219, 154, 551, 26, 14830.10, 16.39, 11.02
09:41:30, 1335.80, 13.02, 86, 156, 265, 315, 333, 250, 191, 133, 484, 22, 14890.51, 16.30, 11.02
09:41:30, 1349.00, 13.00, 81, 149, 255, 305, 321, 238, 179, 122, 460, 21, 14854.23, 16.35, 11.02
09:41:31, 1357.10, 12.98, 74, 136, 235, 284, 310, 227, 172, 114, 392, 18, 14842.16, 16.37, 11.01
09:41:31, 1356.70, 12.96, 72, 135, 235, 288, 324, 236, 181, 118, 383, 18, 14854.23, 16.35, 11.01
09:41:32, 1346.60, 12.96, 76, 142, 247, 301, 332, 243, 186, 122, 407, 19, 14842.16, 16.37, 11.01
09:41:32, 1331.00, 12.95, 86, 162, 276, 332, 362, 266, 206, 139, 494, 23, 14842.16, 16.37, 11.01
09:41:32, 1314.60, 12.95, 79, 142, 239, 282, 283, 217, 163, 117, 481, 22, 14878.40, 16.32, 11.01
09:41:33, 1295.50, 12.94, 82, 146, 242, 287, 328, 250, 203, 143, 411, 19, 14878.40, 16.32, 11.02
09:41:33, 1277.60, 12.93, 105, 195, 317, 388, 428, 333, 287, 195, 403, 20, 14866.31, 16.34, 11.02
09:41:34, 1258.90, 12.92, 113, 204, 323, 380, 376, 288, 250, 182, 472, 22, 14866.31, 16.34, 11.02
09:41:34, 1238.50, 12.91, 112, 189, 293, 329, 347, 283, 228, 179, 830, 37, 14890.51, 16.30, 11.02
09:41:34, 1221.70, 12.90, 131, 215, 328, 366, 380, 312, 258, 205, 950, 42, 14914.76, 16.27, 11.03
09:41:35, 1202.50, 12.89, 150, 247, 370, 410, 452, 369, 329, 266, 872, 39, 14914.76, 16.27, 11.03
09:41:35, 1182.00, 12.89, 168, 273, 407, 456, 505, 424, 393, 325, 867, 40, 14939.05, 16.23, 11.03
09:41:36, 1161.60, 12.89, 214, 354, 516, 588, 708, 601, 593, 480, 1114, 52, 14902.63, 16.28, 11.07
09:41:36, 1142.30, 12.89, 266, 434, 617, 697, 727, 631, 640, 534, 1085, 51, 14914.76, 16.27, 11.07
09:41:37, 1121.10, 12.89, 292, 468, 654, 731, 834, 741, 764, 682, 1344, 65, 14926.90, 16.25, 11.13
09:41:37, 1096.20, 12.90, 373, 581, 810, 909, 939, 870, 900, 857, 1633, 85, 14939.05, 16.23, 11.13
09:41:37, 1074.90, 12.90, 449, 694, 957, 1085, 1284, 1219, 1329, 1273, 2594, 152, 14939.05, 16.23, 11.13
09:41:38, 1050.90, 12.92, 588, 892, 1177, 1310, 1372, 1306, 1462, 1506, 3871, 327, 14926.90, 16.25, 11.23
09:41:38, 1029.00, 12.93, 664, 985, 1241, 1370, 1488, 1507, 1707, 1890, 2832, 380, 14951.22, 16.22, 11.23
09:41:39, 1023.70, 12.93, 806, 1159, 1442, 1591, 1555, 1613, 1775, 2056, 3423, 839, 14939.05, 16.23, 11.37
09:41:39, 1023.90, 12.95, 719, 961, 1193, 1259, 1257, 1310, 1339, 1577, 4487, 968, 14963.40, 16.20, 11.37
09:41:40, 1023.90, 12.97, 3837, 2000, 4196, 2900, 2936, 4158, 2844, 4102, 8215, 2686, 14975.59, 16.18, 11.37
09:41:40, 1024.20, 12.99, 835, 1013, 1232, 1394, 1248, 1420, 1475, 1467, 6962, 1550, 14963.40, 16.20, 11.40
09:41:40, 1023.90, 13.01, 758, 1037, 1199, 1422, 1449, 1444, 1818, 1570, 9421, 2611, 14963.40, 16.20, 11.40
09:41:41, 1024.00, 13.04, 990, 1422, 1714, 2133, 2595, 2279, 4021, 2738, 23780, 8825, 14951.22, 16.22, 11.38
09:41:41, 1023.80, 13.08, 2109, 3724, 6342, 7477, 16655, 5040, 21203, 8412, 36000, 36000, 14975.59, 16.18, 11.38
09:41:42, 1023.10, 13.10, 7866, 3905, 12377, 4869, 6573, 6232, 4971, 7323, 36000, 34622, 14987.79, 16.16, 11.37
09:41:42, 1023.80, 13.16, 1131, 1537, 1900, 2158, 1636, 1740, 1940, 2122, 7060, 2459, 14987.79, 16.16, 11.37
09:41:42, 1023.70, 13.20, 383, 522, 620, 669, 775, 761, 843, 817, 2130, 501, 14975.59, 16.18, 11.37
09:41:43, 1023.80, 13.25, 687, 955, 1162, 1200, 1355, 1346, 1636, 1472, 8349, 2076, 14975.59, 16.18, 11.34
09:41:43, 1023.10, 13.28, 5907, 9945, 11402, 14577, 10610, 11261, 12871, 14260, 9396, 2844, 14987.79, 16.16, 11.34
09:41:44, 1022.20, 13.26, 7055, 9505, 8713, 19125, 25057, 26480, 31270, 35722, 36000, 32805, 15000.00, 16.15, 11.32
09:41:44, 1023.80, 13.36, 2407, 1909, 3221, 2734, 2530, 2202, 2710, 2804, 24206, 18573, 15000.00, 16.15, 11.32
09:41:45, 1023.90, 13.40, 691, 1015, 1243, 1383, 1281, 1202, 1593, 1381, 8860, 2758, 15024.46, 16.11, 11.32
09:41:45, 1023.90, 13.44, 753, 1046, 1259, 1444, 1389, 1499, 1555, 1736, 6277, 1387, 15024.46, 16.11, 11.27
09:41:45, 1025.40, 13.48, 800, 1042, 1297, 1389, 1499, 1557, 1650, 1930, 5162, 1154, 15000.00, 16.15, 11.27
09:41:46, 1028.90, 13.49, 784, 1031, 1291, 1346, 1394, 1411, 1565, 1754, 4655, 965, 15012.23, 16.13, 11.29
09:41:46, 1035.30, 13.45, 663, 883, 1106, 1147, 1200, 1191, 1282, 1361, 4401, 571, 15000.00, 16.15, 11.29
09:41:47, 1044.30, 13.42, 637, 876, 1117, 1182, 1082, 1055, 1122, 1171, 3842, 338, 15012.23, 16.13, 11.29
09:41:47, 1045.10, 13.37, 679, 931, 1195, 1281, 1457, 1473, 1591, 1732, 4461, 390, 15048.97, 16.08, 11.39
09:41:47, 1046.20, 13.34, 675, 967, 1229, 1372, 1514, 1495, 1678, 1782, 5254, 456, 15012.23, 16.13, 11.39
09:41:48, 1047.60, 13.31, 615, 895, 1122, 1255, 1229, 1220, 1342, 1425, 5984, 511, 15024.46, 16.11, 11.44
09:41:48, 1047.50, 13.30, 538, 789, 999, 1102, 1063, 1039, 1191, 1170, 6274, 630, 15048.97, 16.08, 11.44
09:41:49, 1045.00, 13.29, 476, 716, 887, 999, 972, 882, 1095, 989, 6297, 813, 15073.53, 16.04, 11.45
09:41:49, -7582.00, 13.29, 478, 698, 881, 942, 934, 804, 1017, 931, 6385, 1032, 15073.53, 16.04, 11.45
09:41:50, -7581.70, -207.33, 511, 701, 909, 912, 951, 851, 994, 978, 6632, 1208, 15073.53, 16.04, 11.45
09:41:50, 9151.30, -543.15, 561, 726, 948, 940, 965, 943, 961, 1038, 5944, 1023, 15061.24, 16.06, 11.45
09:41:50, 1043.30, 13.23, 585, 752, 969, 982, 982, 998, 981, 1069, 5259, 787, 15048.97, 16.08, 11.45
09:41:51, -3066.70, -543.15, 579, 760, 962, 1002, 979, 996, 980, 1062, 4792, 647, 15061.24, 16.06, 11.47
09:41:51, 1045.30, -543.15, 564, 744, 934, 982, 960, 978, 973, 1034, 4327, 538, 15098.14, 16.01, 11.47
09:41:52, -3066.70, -543.15, 562, 748, 930, 994, 937, 962, 963, 999, 3971, 461, 15098.14, 16.01, 11.47
09:41:52, -3066.70, -543.15, 580, 789, 976, 1058, 961, 981, 1016, 1035, 3721, 407, 15098.14, 16.01, 11.48
09:41:52, -3066.70, -543.15, 586, 809, 995, 1095, 1105, 1120, 1194, 1216, 4259, 478, 15098.14, 16.01, 11.48
09:41:53, -3066.70, -543.15, 611, 830, 1015, 1121, 1114, 1167, 1225, 1284, 4802, 896, 15110.45, 15.99, 11.49
09:41:53, -3066.70, -543.15, 765, 974, 1201, 1267, 1246, 1336, 1320, 1488, 6843, 2359, 15122.79, 15.97, 11.49
09:41:54, -3066.70, -543.15, 860, 1082, 1365, 1425, 1483, 1650, 1573, 1891, 9051, 3655, 15110.45, 15.99, 11.49
09:41:54, -3066.70, -543.15, 1079, 1288, 1663, 1790, 2055, 2856, 2321, 2878, 16111, 6904, 15147.49, 15.94, 11.49
09:41:55, -3066.70, -543.15, 6611, 4772, 7275, 11600, 6811, 15532, 15752, 13150, 36000, 11508, 15147.49, 15.94, 11.49
09:41:55, -3066.70, -543.15, 3046, 5620, 4424, 13759, 13632, 10048, 22899, 9344, 9232, 3081, 15147.49, 15.94, 11.50
09:41:55, 1024.00, 13.19, 927, 1195, 1518, 1547, 1650, 1725, 1819, 2082, 6137, 1392, 15098.14, 16.01, 11.50
09:41:56, 1023.80, 13.25, 861, 1198, 1466, 1620, 1905, 2060, 2078, 2509, 7019, 1732, 15147.49, 15.94, 11.45
09:41:56, 1023.90, 13.28, 677, 936, 1118, 1176, 1002, 943, 1073, 1106, 4882, 1092, 15172.24, 15.90, 11.45
09:41:57, -3066.70, -543.15, 662, 877, 1064, 1050, 1111, 1083, 1140, 1241, 4908, 1209, 15159.86, 15.92, 11.45
09:41:57, -7582.70, -543.15, 767, 991, 1217, 1241, 1258, 1304, 1351, 1475, 6003, 1631, 15135.14, 15.96, 11.40
09:41:57, -633.00, 13.37, 812, 1074, 1299, 1449, 1377, 1396, 1665, 1570, 7625, 2358, 16004.07, 14.78, -0.01
