Secchi Depth (cm) = 0805
Forel Ule Scale = 10
pH Colour Scale = 99
SmartSecchi S/N = A0000001
Latitude (degs N) = 56.53080
Longitude (degs E) = -5.43590
Date = 2023-05-25
Time (UTC), Pressure (mbar) MS5803, Temp (deg C) MS5803, 415nm, 445nm, 480nm, 515nm, 555nm, 590nm, 630nm, 680nm, Clear, NIR, Resistance 10KTHERM, Temp (deg C) 10KTHERM, Temp (deg C) TMP117
10:07:54, 1021.60, 18.06, 350, 461, 607, 751, 837, 956, 1208, 1561, 5840, 3943, 13924.23, 17.73, 16.33
10:07:54, 1019.90, 18.04, 349, 473, 614, 767, 846, 958, 1212, 1559, 5800, 3896, 13913.04, 17.75, 16.33
10:07:54, 1019.10, 18.03, 358, 484, 628, 794, 856, 970, 1231, 1569, 5835, 3881, 13946.63, 17.70, 16.33
10:07:55, 1022.30, 18.55, 376, 467, 624, 748, 1186, 1269, 1570, 2058, 8219, 4471, 13935.42, 17.71, 16.33
10:07:55, 1023.40, 18.59, 10972, 21977, 28037, 33325, 36000, 36000, 36000, 36000, 36000, 36000, 13913.04, 17.75, 16.26
10:07:56, 1023.50, 18.57, 6436, 11220, 11769, 21470, 16111, 28072, 32834, 35647, 36000, 12125, 13935.42, 17.71, 16.26
10:07:56, 1023.30, 18.54, 4296, 5202, 4817, 14129, 6332, 7621, 14358, 6957, 36000, 19904, 13957.85, 17.68, 16.26
10:07:57, 1022.80, 18.53, 1951, 3703, 4847, 7570, 9591, 4923, 11974, 7430, 36000, 36000, 13935.42, 17.71, 16.20
10:07:57, 1022.40, 18.49, 2259, 3027, 5192, 4385, 3637, 3018, 4260, 4259, 36000, 29791, 13980.31, 17.65, 16.20
10:07:57, 1023.00, 18.49, 1900, 2562, 4061, 3781, 8564, 4960, 12529, 7390, 36000, 36000, 14002.82, 17.61, 16.03
10:07:58, 1023.30, 18.51, 3132, 5517, 9478, 8803, 7810, 4634, 11916, 6964, 36000, 36000, 13980.31, 17.65, 16.03
10:07:58, 1023.20, 18.48, 2815, 3911, 7319, 5753, 5170, 3598, 5636, 5074, 36000, 36000, 13980.31, 17.65, 16.03
10:07:59, 1023.40, 18.46, 4736, 2862, 7359, 3788, 4694, 3868, 4616, 5051, 36000, 36000, 13991.56, 17.63, 15.88
10:07:59, 1023.30, 18.47, 5095, 3336, 10450, 4317, 6298, 4166, 6253, 5671, 36000, 36000, 14025.36, 17.58, 15.88
10:07:59, 1023.60, 18.46, 3698, 4718, 10582, 6664, 16669, 6239, 23801, 11214, 36000, 36000, 14014.08, 17.59, 15.70
10:08:00, 1023.60, 18.47, 2710, 4246, 6824, 7896, 11008, 8044, 16579, 12225, 36000, 36000, 14002.82, 17.61, 15.70
10:08:00, 1024.10, 18.47, 1786, 2894, 4230, 5019, 9932, 5093, 15144, 7559, 36000, 36000, 14025.36, 17.58, 15.61
10:08:01, 1023.90, 18.49, 1831, 3184, 4138, 6039, 6268, 4536, 10202, 6356, 36000, 31618, 13969.07, 17.66, 15.61
10:08:01, 1025.90, 18.33, 2208, 3716, 4880, 6968, 5998, 4685, 10819, 6007, 35789, 27262, 14002.82, 17.61, 15.61
10:08:02, 1033.10, 17.97, 3035, 5822, 6779, 12576, 10298, 12055, 12584, 16928, 32609, 20307, 14036.65, 17.56, 13.70
10:08:02, 1038.60, 17.61, 1452, 2219, 3097, 3812, 8147, 3945, 12593, 5559, 35488, 22912, 14047.95, 17.54, 13.70
10:08:02, 1034.50, 17.28, 2357, 4153, 6525, 8173, 4729, 3622, 5563, 4944, 31829, 20887, 14059.26, 17.52, 12.10
10:08:03, 1035.70, 16.97, 4337, 5009, 8251, 6451, 15355, 19288, 10981, 19569, 36000, 34423, 14070.59, 17.51, 12.10
10:08:03, 1040.50, 16.68, 3297, 2337, 3700, 4314, 5106, 11038, 6838, 10332, 31139, 9947, 14093.27, 17.47, 12.10
10:08:04, 1035.40, 16.47, 9270, 9076, 11890, 19950, 12428, 22118, 23778, 16710, 31640, 6362, 14036.65, 17.56, 11.66
10:08:04, 1035.80, 16.29, 4581, 8941, 10694, 14555, 7990, 7643, 10817, 12517, 9474, 2238, 14036.65, 17.56, 11.66
10:08:04, 1040.90, 16.11, 3847, 7249, 10270, 14499, 12807, 8785, 18097, 11145, 10841, 2025, 14093.27, 17.47, 11.50
10:08:05, 1039.80, 15.96, 2726, 5381, 8112, 10447, 14692, 14068, 17534, 18626, 10442, 1980, 14104.62, 17.46, 11.50
10:08:05, 1034.20, 15.85, 2048, 4690, 6429, 8259, 12794, 9982, 17760, 15425, 10731, 2398, 14127.36, 17.42, 11.50
10:08:06, 1037.30, 15.76, 3241, 6416, 8626, 10125, 8021, 7842, 10495, 11779, 8962, 2187, 14138.75, 17.40, 11.44
10:08:06, 1043.80, 15.66, 4455, 8282, 11162, 13906, 11657, 12019, 16583, 14156, 11806, 1634, 14127.36, 17.42, 11.44
10:08:07, 1035.70, 15.56, 4234, 7298, 6244, 15159, 15738, 16070, 20223, 18660, 16740, 3202, 14161.55, 17.37, 11.44
10:08:07, 1035.20, 15.49, 1687, 3360, 4201, 5634, 6918, 6154, 9350, 9608, 9209, 2187, 14161.55, 17.37, 11.44
10:08:07, 1042.20, 15.38, 2074, 3489, 4768, 5440, 9535, 6672, 13403, 9506, 9340, 1733, 14150.14, 17.39, 11.44
10:08:08, 1042.10, 15.31, 4791, 11234, 15088, 21066, 17920, 17715, 22783, 22841, 12798, 2002, 14150.14, 17.39, 11.44
10:08:08, 1034.00, 15.26, 3892, 9732, 12688, 16706, 12390, 12567, 16104, 19076, 10830, 2677, 14195.84, 17.32, 11.44
10:08:09, 1037.90, 15.22, 2167, 3372, 4466, 5058, 6770, 6678, 8486, 9646, 8552, 1744, 14195.84, 17.32, 11.45
10:08:09, 1041.90, 15.19, 2700, 5725, 7595, 9566, 16621, 16335, 20476, 23619, 14675, 2202, 14184.40, 17.34, 11.45
10:08:09, 1039.90, 15.14, 2228, 5848, 6839, 11117, 12764, 10242, 18197, 14015, 10508, 1874, 14195.84, 17.32, 11.45
10:08:10, 1034.40, 15.11, 5446, 13191, 13822, 26568, 13223, 12140, 19947, 10767, 12102, 2759, 14218.75, 17.28, 11.45
10:08:10, 1040.60, 15.08, 5600, 9751, 13429, 15955, 14677, 10303, 19966, 14263, 10520, 2291, 14230.22, 17.27, 11.45
10:08:11, 1041.40, 15.05, 3338, 6192, 7241, 16105, 9461, 7713, 17426, 7469, 12044, 1840, 14218.75, 17.28, 11.47
10:08:11, 1033.00, 15.02, 5769, 10625, 13655, 16521, 13220, 9796, 22480, 11570, 12240, 3104, 14218.75, 17.28, 11.47
10:08:12, 1038.10, 14.98, 3808, 8209, 10552, 14236, 16658, 14255, 22559, 21217, 12601, 2536, 14253.20, 17.23, 11.48
10:08:12, 1039.30, 14.97, 3228, 7847, 8881, 18779, 8268, 8083, 10956, 11072, 9466, 1644, 14241.71, 17.25, 11.48
10:08:12, 1035.30, 14.94, 2001, 4274, 4775, 8926, 15896, 13947, 21800, 17087, 13018, 2791, 14230.22, 17.27, 11.48
10:08:13, 1035.60, 14.93, 6757, 12461, 16487, 18223, 10135, 10561, 13991, 15398, 9744, 2217, 14241.71, 17.25, 11.48
10:08:13, 1038.30, 14.90, 3554, 7743, 9025, 14554, 12145, 10981, 15786, 12704, 11466, 2181, 14241.71, 17.25, 11.48
10:08:14, 1032.20, 14.87, 2950, 7634, 10459, 14584, 12158, 6556, 19058, 8322, 11238, 2967, 14264.71, 17.21, 11.48
10:08:14, 1033.50, 14.86, 5776, 10287, 14104, 16411, 14679, 12182, 18180, 17294, 11829, 3146, 14264.71, 17.21, 11.48
10:08:14, 1034.20, 14.83, 2773, 6208, 6078, 13263, 9807, 9336, 16218, 8767, 12893, 2698, 14287.75, 17.18, 11.48
10:08:15, 1033.40, 14.82, 2945, 5102, 4394, 13887, 13517, 17481, 19596, 15869, 22263, 4581, 14264.71, 17.21, 11.52
10:08:15, 1034.10, 14.81, 5277, 6917, 6939, 15256, 9907, 14813, 17958, 14773, 33041, 4991, 14241.71, 17.25, 11.52
10:08:16, 1039.70, 14.80, 6884, 11686, 12391, 22128, 15668, 16015, 21268, 21133, 17979, 3033, 14276.22, 17.20, 11.52
10:08:16, 1045.80, 14.77, 4705, 8285, 7936, 17980, 21301, 22967, 27177, 28454, 34350, 4021, 14299.29, 17.16, 11.52
10:08:17, 1040.90, 14.76, 5423, 9761, 8970, 19816, 21929, 23576, 28960, 25552, 21960, 3497, 14310.84, 17.15, 11.49
10:08:17, 1041.10, 14.72, 2049, 4405, 5210, 9495, 5715, 5036, 9777, 5458, 8654, 1433, 14310.84, 17.15, 11.49
10:08:17, 1039.80, 14.70, 6245, 10546, 14600, 14944, 11400, 13314, 14862, 20936, 12209, 1985, 14333.97, 17.11, 11.49
10:08:18, 1041.20, 14.68, 2605, 5868, 6367, 10674, 14926, 14732, 21890, 16342, 14052, 2313, 14322.40, 17.13, 11.47
10:08:18, 1041.50, 14.65, 3911, 6451, 6807, 12005, 7354, 9190, 17231, 8401, 15240, 2589, 14333.97, 17.11, 11.47
10:08:19, 1041.00, 14.62, 6568, 13859, 18325, 19678, 23280, 27080, 29197, 31021, 35235, 8114, 14345.55, 17.09, 11.46
10:08:19, 1041.50, 14.62, 6093, 7088, 8271, 12587, 6902, 13575, 13050, 14197, 32720, 8380, 14333.97, 17.11, 11.46
10:08:19, 1042.10, 14.61, 3581, 3058, 4244, 8071, 5138, 11831, 9872, 10575, 30893, 7300, 14357.14, 17.08, 11.46
10:08:20, 1043.40, 14.60, 4712, 4359, 5224, 11756, 4769, 7038, 8522, 6496, 16224, 1978, 14322.40, 17.13, 11.45
10:08:20, 1041.60, 14.59, 4423, 4985, 5745, 12487, 13841, 18914, 20709, 17900, 27075, 4158, 14310.84, 17.15, 11.45
10:08:21, 1038.30, 14.58, 17274, 26200, 26822, 30985, 8754, 8129, 17550, 7777, 11952, 2296, 14357.14, 17.08, 11.46
10:08:21, 1043.40, 14.59, 8294, 16503, 21587, 24019, 18692, 18853, 23991, 27494, 24421, 2641, 14357.14, 17.08, 11.46
10:08:22, 1042.80, 14.58, 3016, 3448, 3844, 9355, 12015, 16251, 18573, 15683, 30310, 4561, 14380.36, 17.04, 11.45
10:08:22, 1042.10, 14.55, 4365, 5214, 5333, 10765, 6034, 9358, 14520, 7469, 13747, 2347, 14380.36, 17.04, 11.45
10:08:22, 1046.80, 14.53, 4718, 8474, 9690, 16757, 12742, 16196, 20751, 16873, 32943, 3290, 14357.14, 17.08, 11.45
10:08:23, 1043.60, 14.50, 5679, 4784, 5636, 14241, 7006, 11426, 13646, 10418, 23893, 2452, 14380.36, 17.04, 11.44
10:08:23, 1042.40, 14.51, 2897, 5647, 6308, 10822, 19482, 17992, 26701, 23132, 18496, 2752, 14380.36, 17.04, 11.44
10:08:24, 1045.90, 14.49, 2063, 4969, 5636, 11803, 14869, 12858, 22031, 11748, 12977, 1705, 14380.36, 17.04, 11.44
10:08:24, 1042.00, 14.48, 3763, 6883, 6519, 16211, 12192, 14273, 21376, 12326, 17675, 2413, 14426.94, 16.97, 11.44
10:08:24, 1041.90, 14.49, 4045, 7503, 7161, 13615, 11246, 10014, 19135, 9309, 13999, 2369, 14391.99, 17.03, 11.44
10:08:25, 1046.10, 14.47, 6014, 10847, 10429, 23239, 20101, 25335, 29165, 26291, 33793, 4501, 14415.27, 16.99, 11.44
10:08:25, 1042.40, 14.47, 3508, 3377, 3951, 8478, 11234, 16577, 18642, 15632, 27835, 3432, 14403.62, 17.01, 11.44
10:08:26, 1044.90, 14.39, 4578, 8069, 7166, 18525, 11015, 10977, 17910, 11154, 13438, 1948, 14415.27, 16.99, 11.45
10:08:26, 1046.80, 14.41, 3350, 5817, 5537, 12283, 28433, 28242, 33355, 32241, 33113, 4038, 14415.27, 16.99, 11.45
10:08:27, 1039.50, 14.40, 4527, 6806, 5682, 15432, 14607, 16298, 20016, 20054, 17811, 2553, 14438.61, 16.96, 11.45
10:08:27, 1043.40, 14.38, 3030, 6551, 8262, 12380, 25793, 20359, 32580, 22249, 15895, 3002, 14450.29, 16.94, 11.45
10:08:27, 1048.30, 14.37, 2468, 5132, 5394, 10596, 11682, 12235, 15008, 18479, 20865, 1793, 14438.61, 16.96, 11.45
10:08:28, 1038.10, 14.35, 2872, 3438, 4116, 7673, 11885, 15175, 19617, 15469, 21103, 3148, 14450.29, 16.94, 11.44
10:08:28, 1043.00, 14.34, 4349, 8736, 10751, 16318, 17329, 13992, 23208, 15524, 12369, 2275, 14426.94, 16.97, 11.44
10:08:29, 1053.20, 14.32, 2061, 3405, 3609, 7299, 13545, 15502, 18809, 18633, 30983, 2717, 14450.29, 16.94, 11.44
10:08:29, 1055.70, 14.29, 3049, 2664, 3598, 7075, 4086, 7044, 6519, 5611, 22794, 1986, 14450.29, 16.94, 11.42
10:08:29, 1060.80, 14.27, 4423, 3933, 5256, 9560, 6107, 12375, 11017, 10530, 34912, 3125, 14485.40, 16.89, 11.42
10:08:30, 1071.80, 14.27, 3900, 3663, 4942, 9291, 3677, 6043, 4855, 5059, 22110, 1547, 14461.98, 16.92, 11.44
10:08:30, 1077.40, 14.25, 6745, 5679, 10940, 15693, 5213, 12008, 6401, 8543, 35423, 3757, 14473.68, 16.90, 11.44
10:08:31, 1079.50, 14.25, 3324, 2885, 3916, 8426, 4922, 8456, 9578, 6051, 16426, 1168, 14473.68, 16.90, 11.44
10:08:31, 1091.90, 14.24, 1668, 2597, 2852, 6408, 6128, 8776, 9947, 7563, 18634, 1027, 14485.40, 16.89, 11.44
10:08:32, 1099.30, 14.21, 2339, 2360, 3358, 6445, 4766, 8117, 7718, 6629, 24455, 1280, 14520.61, 16.84, 11.44
10:08:32, 1105.50, 14.21, 4138, 4674, 6790, 11532, 8079, 19336, 14478, 15520, 36000, 4131, 14497.13, 16.87, 11.42
10:08:32, 1113.10, 14.19, 2494, 2018, 3623, 4811, 3848, 8364, 4260, 5602, 32694, 2238, 14508.86, 16.85, 11.42
10:08:33, 1121.40, 14.19, 3176, 2311, 4513, 6109, 6053, 13020, 8096, 9208, 35354, 2923, 14473.68, 16.90, 11.41
10:08:33, 1129.40, 14.20, 2309, 2671, 3865, 6939, 8096, 11574, 12530, 9759, 27261, 1161, 14485.40, 16.89, 11.41
10:08:34, 1134.80, 14.18, 1854, 2394, 3126, 6580, 6205, 10838, 11038, 7198, 21182, 955, 14532.37, 16.82, 11.41
10:08:34, 1140.40, 14.17, 2441, 2508, 4052, 6761, 6345, 13804, 9108, 9413, 34308, 2506, 14497.13, 16.87, 11.40
10:08:35, 1145.60, 14.16, 4685, 4506, 8576, 11178, 5104, 8682, 5600, 6795, 33114, 2244, 14532.37, 16.82, 11.40
10:08:35, 1154.20, 14.16, 1169, 1467, 2332, 3088, 3043, 4288, 3168, 3071, 15476, 819, 14520.61, 16.84, 11.38
10:08:35, 1164.10, 14.14, 3467, 3564, 5753, 10345, 4510, 7019, 5867, 4882, 21539, 1032, 14532.37, 16.82, 11.38
10:08:36, 1166.50, 14.12, 2821, 2618, 4690, 7167, 4444, 8028, 5009, 4906, 28808, 1421, 14532.37, 16.82, 11.38
10:08:36, 1170.00, 14.11, 2307, 2337, 3969, 6444, 3578, 4788, 3980, 3464, 15060, 768, 14520.61, 16.84, 11.29
10:08:37, 1175.00, 14.10, 1437, 2041, 3037, 4896, 6672, 11031, 9546, 7077, 28239, 1268, 14544.15, 16.80, 11.29
10:08:37, 1184.60, 14.09, 2209, 2220, 3808, 6612, 3470, 5835, 3589, 3524, 20479, 1043, 14567.72, 16.77, 11.23
10:08:37, 1195.20, 14.06, 3021, 2442, 5268, 6829, 5533, 9967, 4821, 6026, 35805, 2707, 14555.93, 16.78, 11.23
10:08:38, 1203.00, 14.04, 2487, 2205, 4821, 5909, 3970, 5811, 3503, 3767, 23424, 1394, 14579.53, 16.75, 11.15
10:08:38, 1207.00, 14.01, 2446, 2210, 4537, 6694, 4556, 7318, 4369, 4268, 27941, 1448, 14567.72, 16.77, 11.15
10:08:39, 1214.80, 14.00, 2399, 2244, 4154, 6410, 3982, 6609, 4068, 3856, 23265, 1201, 14591.34, 16.73, 11.15
10:08:39, 1224.60, 13.98, 2029, 2133, 4103, 6075, 4543, 6596, 4483, 4274, 25386, 1393, 14567.72, 16.77, 11.12
10:08:40, 1232.10, 13.95, 2046, 2106, 4036, 5570, 4262, 6215, 3476, 3586, 24189, 1361, 14591.34, 16.73, 11.12
10:08:40, 1238.30, 13.94, 2137, 1844, 4339, 4947, 3181, 3675, 2215, 2381, 17333, 1214, 14579.53, 16.75, 11.06
10:08:40, 1247.80, 13.93, 1941, 1910, 4254, 4277, 5148, 5150, 3521, 3503, 30051, 2116, 14615.01, 16.70, 11.06
10:08:41, 1256.50, 13.91, 2308, 2112, 4737, 5592, 4011, 6150, 3303, 3524, 24282, 1459, 14615.01, 16.70, 11.06
10:08:41, 1261.70, 13.90, 1094, 1557, 2527, 4319, 3641, 4329, 3835, 2366, 9229, 466, 14615.01, 16.70, 11.01
10:08:42, 1265.10, 13.87, 1250, 2055, 3216, 5932, 10036, 12731, 12395, 7179, 20246, 914, 14626.87, 16.68, 11.01
10:08:42, 1273.10, 13.86, 1360, 2046, 3327, 5782, 3698, 4419, 3443, 2535, 12595, 607, 14626.87, 16.68, 10.95
10:08:42, 1283.60, 13.83, 1913, 1985, 4151, 5586, 7213, 10844, 4520, 5669, 36000, 3343, 14638.73, 16.66, 10.95
10:08:43, 1290.00, 13.82, 1317, 1456, 3296, 3550, 3477, 4067, 2068, 2266, 19691, 1469, 14650.60, 16.65, 10.95
10:08:43, 1293.10, 13.80, 1050, 1357, 2600, 3402, 3617, 4082, 2646, 2204, 15513, 861, 14626.87, 16.68, 10.91
10:08:44, 1298.00, 13.80, 2028, 2604, 4706, 8053, 5948, 8789, 6460, 4557, 22208, 973, 14638.73, 16.66, 10.91
10:08:44, 1308.80, 13.81, 1032, 1438, 2463, 4294, 3801, 5290, 3711, 2545, 14651, 666, 14650.60, 16.65, 10.91
10:08:45, 1317.60, 13.79, 1531, 1748, 3456, 5011, 4702, 5602, 3040, 2850, 22884, 1386, 14650.60, 16.65, 10.91
10:08:45, 1324.10, 13.76, 1614, 1852, 4232, 4666, 4397, 4971, 2335, 2481, 25623, 1998, 14674.39, 16.61, 10.91
10:08:45, 1330.00, 13.74, 1086, 1321, 2861, 3365, 3740, 4729, 2345, 2206, 20733, 1297, 14662.49, 16.63, 10.91
10:08:46, 1337.20, 13.73, 1332, 1662, 3139, 5223, 4627, 6302, 4283, 2822, 16522, 780, 14674.39, 16.61, 10.91
10:08:46, 1344.90, 13.73, 1209, 1741, 3079, 5522, 3775, 4115, 2946, 1958, 10875, 542, 14662.49, 16.63, 10.92
10:08:47, 1351.60, 13.71, 883, 1300, 2402, 3760, 3826, 5429, 2931, 2378, 18360, 954, 14710.14, 16.56, 10.92
10:08:47, 1355.70, 13.69, 1597, 1823, 4105, 5227, 5117, 5880, 2941, 2863, 23489, 1636, 14674.39, 16.61, 10.91
10:08:47, 1362.20, 13.68, 1538, 1613, 3899, 4827, 4648, 7107, 2812, 2924, 28800, 1740, 14674.39, 16.61, 10.91
10:08:48, 1370.60, 13.68, 1110, 1386, 2767, 4161, 3743, 4510, 2562, 1943, 14952, 769, 14698.21, 16.58, 10.91
10:08:48, 1376.20, 13.68, 1526, 1761, 3564, 6200, 3747, 4742, 2797, 2024, 14583, 730, 14722.09, 16.54, 10.89
10:08:49, 1380.30, 13.66, 1109, 1437, 2903, 4564, 3944, 5634, 2911, 2275, 18623, 941, 14710.14, 16.56, 10.89
10:08:49, 1387.10, 13.65, 887, 1235, 2467, 3571, 3206, 3403, 1977, 1474, 11592, 623, 14710.14, 16.56, 10.85
10:08:50, 1396.80, 13.64, 1089, 1404, 2932, 4263, 4586, 6336, 2860, 2520, 23586, 1357, 14710.14, 16.56, 10.85
10:08:50, 1402.90, 13.62, 1092, 1354, 2997, 4198, 3332, 4021, 1895, 1589, 15195, 908, 14734.04, 16.53, 10.85
10:08:50, 1408.50, 13.61, 802, 1123, 2299, 3226, 3545, 4134, 2114, 1633, 15116, 837, 14722.09, 16.54, 10.83
10:08:51, 1418.60, 13.60, 1532, 1744, 3813, 6097, 4632, 6581, 3216, 2484, 21209, 1090, 14722.09, 16.54, 10.83
10:08:51, 1427.50, 13.58, 608, 1003, 1971, 2866, 2930, 2983, 1705, 1195, 9875, 532, 14722.09, 16.54, 10.81
10:08:52, 1433.10, 13.53, 960, 1256, 2640, 4056, 4065, 5719, 2629, 1984, 18682, 941, 14734.04, 16.53, 10.81
10:08:52, 1439.40, 13.52, 773, 1159, 2376, 3545, 3256, 3556, 1870, 1353, 12017, 656, 14722.09, 16.54, 10.78
10:08:52, 1450.60, 13.50, 1175, 1362, 3126, 4672, 4168, 5633, 2339, 1948, 20828, 1165, 14746.01, 16.51, 10.78
10:08:53, 1459.00, 13.48, 880, 1204, 2662, 3723, 3566, 4106, 1878, 1432, 15178, 858, 14757.99, 16.49, 10.78
10:08:53, 1465.40, 13.46, 847, 1157, 2526, 3799, 3743, 4901, 2172, 1651, 16737, 892, 14757.99, 16.49, 10.77
10:08:54, 1469.80, 13.45, 759, 1064, 2245, 3564, 3013, 3137, 1709, 1109, 9617, 494, 14757.99, 16.49, 10.77
10:08:54, 1478.90, 13.45, 695, 1078, 2220, 3505, 3784, 4674, 2316, 1560, 14252, 718, 14781.98, 16.46, 10.76
10:08:55, 1487.10, 13.43, 839, 1174, 2561, 3868, 3281, 3469, 1672, 1200, 12346, 699, 14781.98, 16.46, 10.76
10:08:55, 1494.60, 13.42, 813, 1107, 2655, 3537, 3753, 4057, 1604, 1342, 17027, 1137, 14806.01, 16.42, 10.76
10:08:55, 1503.20, 13.40, 670, 965, 2209, 2942, 3397, 3267, 1505, 1118, 13931, 866, 14806.01, 16.42, 10.76
10:08:56, 1508.70, 13.39, 756, 1061, 2388, 3572, 3221, 3547, 1781, 1143, 10900, 560, 14793.99, 16.44, 10.76
10:08:56, 1513.80, 13.39, 609, 1023, 2061, 3587, 3118, 3031, 1857, 994, 7504, 366, 14793.99, 16.44, 10.77
10:08:57, 1520.20, 13.38, 716, 1210, 2452, 4242, 4604, 4667, 2720, 1583, 11858, 561, 14818.05, 16.40, 10.77
10:08:57, 1530.50, 13.37, 741, 1160, 2504, 4094, 3611, 4057, 1936, 1307, 12902, 696, 14818.05, 16.40, 10.77
10:08:57, 1538.00, 13.36, 540, 879, 1981, 2813, 3220, 3060, 1319, 963, 12339, 786, 14818.05, 16.40, 10.75
10:08:58, 1542.80, 13.35, 780, 1155, 2818, 3709, 3975, 3767, 1549, 1205, 15893, 1067, 14818.05, 16.40, 10.75
10:08:58, 1550.20, 13.35, 655, 893, 2109, 3022, 2847, 3002, 1323, 880, 10494, 567, 14793.99, 16.44, 10.74
10:08:59, 1557.50, 13.35, 602, 938, 2036, 3453, 3358, 3650, 1932, 1043, 9507, 450, 14818.05, 16.40, 10.74
10:08:59, 1562.50, 13.34, 620, 1062, 2225, 3937, 3873, 3793, 2153, 1141, 9368, 444, 14818.05, 16.40, 10.73
10:09:00, 1570.70, 13.33, 626, 1041, 2235, 3820, 3349, 3498, 1727, 1006, 9881, 490, 14854.23, 16.35, 10.73
10:09:00, 1579.50, 13.32, 527, 896, 1998, 3121, 2979, 2683, 1292, 792, 8682, 471, 14854.23, 16.35, 10.73
10:09:00, 1584.60, 13.31, 645, 1001, 2287, 3744, 3739, 3933, 1862, 1125, 11801, 603, 14854.23, 16.35, 10.72
10:09:01, 1587.00, 13.31, 642, 1042, 2303, 3924, 3428, 3439, 1736, 952, 9093, 444, 14854.23, 16.35, 10.72
10:09:01, 1594.60, 13.31, 558, 979, 2081, 3763, 3390, 3053, 1725, 880, 7384, 354, 14854.23, 16.35, 10.73
10:09:02, 1598.80, 13.29, 556, 944, 2082, 3581, 3545, 3754, 1780, 1012, 10551, 518, 14902.63, 16.28, 10.73
10:09:02, 1604.40, 13.28, 547, 924, 2105, 3290, 3431, 3275, 1453, 907, 10554, 578, 14866.31, 16.34, 10.73
10:09:02, 1612.20, 13.27, 559, 874, 2062, 3254, 3021, 2937, 1288, 792, 9553, 517, 14878.40, 16.32, 10.71
10:09:03, 1618.70, 13.27, 499, 831, 1922, 3033, 3098, 3039, 1332, 796, 9471, 497, 14890.51, 16.30, 10.71
10:09:03, 1622.90, 13.26, 511, 830, 1918, 3098, 3343, 3632, 1555, 910, 10700, 534, 14890.51, 16.30, 10.70
10:09:04, 1629.00, 13.26, 524, 873, 1962, 3401, 3128, 2998, 1465, 787, 8210, 405, 14914.76, 16.27, 10.70
10:09:04, 1638.80, 13.25, 459, 829, 1884, 3040, 3019, 2834, 1276, 739, 8685, 453, 14902.63, 16.28, 10.70
10:09:05, 1643.10, 13.23, 538, 832, 2036, 3154, 3265, 3034, 1225, 786, 10422, 603, 14902.63, 16.28, 10.69
10:09:05, 1647.50, 13.22, 458, 781, 1849, 2867, 2792, 2581, 1132, 664, 8202, 442, 14902.63, 16.28, 10.69
10:09:05, 1658.70, 13.22, 446, 739, 1732, 2846, 2851, 2804, 1205, 681, 8351, 424, 14914.76, 16.27, 10.70
10:09:06, 1664.80, 13.20, 396, 709, 1670, 2630, 2839, 2527, 1070, 630, 8295, 458, 14926.90, 16.25, 10.70
10:09:06, 1669.10, 13.19, 519, 799, 1991, 3095, 3168, 3331, 1215, 765, 11156, 603, 14926.90, 16.25, 10.70
10:09:07, 1680.30, 13.19, 459, 741, 1800, 2920, 2926, 2814, 1118, 657, 8826, 468, 14951.22, 16.22, 10.70
10:09:07, 1687.40, 13.17, 394, 689, 1655, 2663, 2922, 2712, 1111, 621, 8170, 424, 14939.05, 16.23, 10.70
10:09:07, 1691.10, 13.16, 458, 796, 1907, 3190, 3004, 2765, 1206, 643, 7780, 393, 14939.05, 16.23, 10.70
10:09:08, 1699.60, 13.16, 357, 646, 1524, 2548, 2804, 2568, 1119, 592, 7323, 374, 14939.05, 16.23, 10.70
10:09:08, 1708.00, 13.15, 413, 719, 1743, 2914, 2902, 2744, 1156, 609, 7746, 379, 14975.59, 16.18, 10.70
10:09:09, 1716.70, 13.13, 356, 680, 1621, 2664, 2819, 2303, 1001, 539, 6936, 370, 14951.22, 16.22, 10.70
10:09:09, 1721.20, 13.12, 429, 702, 1789, 2824, 2998, 2833, 1000, 615, 9710, 546, 14975.59, 16.18, 10.70
10:09:10, 1726.40, 13.12, 364, 625, 1569, 2459, 2435, 1976, 802, 446, 6508, 359, 14951.22, 16.22, 10.70
10:09:10, 1738.30, 13.12, 353, 623, 1528, 2526, 2881, 2591, 1050, 556, 7595, 387, 14975.59, 16.18, 10.70
10:09:10, 1744.10, 13.12, 388, 715, 1753, 3004, 2963, 2539, 1132, 548, 6635, 325, 15000.00, 16.15, 10.71
10:09:11, 1746.60, 13.11, 319, 625, 1504, 2551, 2614, 2029, 928, 456, 5499, 279, 15000.00, 16.15, 10.71
10:09:11, 1757.60, 13.10, 336, 632, 1538, 2667, 2977, 2502, 1077, 538, 6807, 338, 15012.23, 16.13, 10.71
10:09:12, 1761.30, 13.09, 358, 679, 1679, 2859, 2763, 2261, 969, 481, 6242, 312, 15024.46, 16.11, 10.70
10:09:12, 1764.70, 13.08, 331, 612, 1518, 2609, 2807, 2378, 1020, 497, 6368, 315, 15024.46, 16.11, 10.70
10:09:12, 1777.40, 13.07, 341, 648, 1583, 2814, 2907, 2306, 1015, 492, 6142, 302, 15024.46, 16.11, 10.71
10:09:13, 1783.70, 13.06, 318, 601, 1520, 2559, 2528, 2049, 826, 419, 5978, 309, 15012.23, 16.13, 10.71
10:09:13, 1785.00, 13.05, 331, 590, 1532, 2519, 2671, 2132, 815, 441, 6853, 375, 15024.46, 16.11, 10.72
10:09:14, 1793.80, 13.05, 328, 582, 1487, 2509, 2692, 2293, 889, 451, 6616, 338, 15012.23, 16.13, 10.72
10:09:14, 1797.20, 13.05, 309, 589, 1501, 2542, 2527, 2007, 830, 404, 5663, 289, 15024.46, 16.11, 10.72
10:09:15, 1797.10, 13.04, 284, 562, 1409, 2437, 2875, 2320, 1064, 462, 5399, 261, 15048.97, 16.08, 10.72
10:09:15, 1807.20, 13.04, 282, 614, 1487, 2710, 2899, 2049, 1002, 435, 4374, 212, 15048.97, 16.08, 10.72
10:09:15, 1813.50, 13.03, 288, 578, 1469, 2531, 2606, 2024, 817, 397, 5678, 291, 15073.53, 16.04, 10.71
10:09:16, 1816.90, 13.01, 334, 592, 1552, 2655, 2564, 2180, 798, 413, 6594, 344, 15061.24, 16.06, 10.71
10:09:16, 1827.90, 13.01, 269, 510, 1325, 2205, 2312, 1737, 665, 339, 5425, 292, 15073.53, 16.04, 10.71
10:09:17, 1829.20, 13.00, 275, 516, 1353, 2276, 2447, 2017, 763, 376, 5860, 300, 15073.53, 16.04, 10.71
10:09:17, 1832.10, 13.00, 295, 552, 1422, 2547, 2592, 2032, 867, 386, 5038, 247, 15110.45, 15.99, 10.71
10:09:18, 1842.60, 13.00, 245, 513, 1302, 2271, 2542, 1839, 790, 361, 4751, 237, 15122.79, 15.97, 10.71
10:09:18, 1847.40, 12.99, 264, 501, 1316, 2261, 2337, 1854, 688, 342, 5502, 286, 15098.14, 16.01, 10.71
10:09:18, 1855.20, 12.99, 280, 514, 1377, 2310, 2449, 1889, 671, 350, 6052, 328, 15061.24, 16.06, 10.71
10:09:19, 1866.30, 12.98, 264, 484, 1313, 2173, 2366, 1830, 630, 331, 5885, 323, 15110.45, 15.99, 10.70
10:09:19, 1870.70, 12.98, 249, 462, 1248, 2112, 2253, 1796, 644, 318, 5345, 278, 15110.45, 15.99, 10.70
10:09:20, 1879.70, 12.97, 256, 480, 1273, 2292, 2383, 1837, 727, 326, 4813, 237, 15122.79, 15.97, 10.72
10:09:20, 1886.50, 12.97, 229, 466, 1240, 2174, 2350, 1628, 661, 299, 4291, 217, 15122.79, 15.97, 10.72
10:09:20, 1886.80, 12.97, 225, 468, 1238, 2187, 2575, 1852, 779, 336, 4484, 219, 15147.49, 15.94, 10.71
10:09:21, 1894.50, 12.96, 246, 500, 1309, 2447, 2522, 1842, 785, 327, 4284, 207, 15159.86, 15.92, 10.71
10:09:21, 1903.20, 12.95, 220, 450, 1212, 2109, 2296, 1600, 614, 287, 4459, 228, 15147.49, 15.94, 10.71
10:09:22, 1907.70, 12.94, 232, 455, 1236, 2172, 2325, 1787, 664, 304, 4886, 246, 15147.49, 15.94, 10.71
10:09:22, 1919.40, 12.94, 230, 440, 1202, 2145, 2327, 1728, 626, 295, 4923, 252, 15159.86, 15.92, 10.71
10:09:23, 1926.10, 12.93, 205, 417, 1143, 1975, 2196, 1532, 576, 264, 4238, 216, 15172.24, 15.90, 10.70
10:09:23, 1934.10, 12.92, 207, 418, 1137, 2059, 2285, 1612, 635, 274, 4065, 201, 15172.24, 15.90, 10.70
10:09:23, 1938.80, 12.92, 217, 440, 1207, 2189, 2385, 1681, 643, 283, 4393, 218, 15172.24, 15.90, 10.70
10:09:24, 1937.40, 12.92, 219, 436, 1210, 2153, 2282, 1622, 599, 272, 4429, 223, 15184.64, 15.89, 10.69
10:09:24, 1941.60, 12.92, 198, 404, 1116, 1965, 2139, 1495, 567, 251, 3972, 201, 15172.24, 15.90, 10.69
10:09:25, 1950.70, 12.92, 211, 429, 1185, 2132, 2372, 1642, 619, 277, 4370, 217, 15184.64, 15.89, 10.70
10:09:25, 1955.80, 12.91, 194, 392, 1094, 1948, 2092, 1442, 526, 238, 3979, 203, 15184.64, 15.89, 10.70
10:09:25, 1956.60, 12.91, 192, 388, 1087, 1902, 2154, 1487, 540, 249, 4174, 214, 15209.46, 15.85, 10.70
10:09:26, 1965.80, 12.91, 197, 394, 1094, 1997, 2202, 1549, 580, 252, 4040, 202, 15221.89, 15.84, 10.70
10:09:26, 1970.50, 12.90, 197, 399, 1127, 2009, 2175, 1492, 536, 243, 4143, 211, 15197.05, 15.87, 10.70
10:09:27, 1976.50, 12.89, 191, 385, 1087, 1940, 2115, 1458, 527, 236, 3934, 198, 15221.89, 15.84, 10.70
10:09:27, 1986.30, 12.89, 185, 374, 1059, 1919, 2121, 1451, 530, 233, 3836, 192, 15221.89, 15.84, 10.70
10:09:28, 1992.20, 12.88, 188, 389, 1104, 2001, 2194, 1445, 540, 234, 3735, 185, 15209.46, 15.85, 10.60
10:09:28, 1992.80, 12.86, 175, 371, 1050, 1897, 2081, 1337, 510, 218, 3354, 167, 15221.89, 15.84, 10.60
10:09:28, 1998.40, 12.85, 169, 362, 1025, 1868, 2217, 1429, 557, 231, 3389, 167, 15246.79, 15.80, 10.60
10:09:29, 2001.80, 12.83, 177, 385, 1094, 1991, 2244, 1425, 560, 233, 3285, 161, 15271.74, 15.77, 10.52
10:09:29, 2005.90, 12.83, 167, 368, 1048, 1889, 2159, 1354, 527, 221, 3210, 157, 15271.74, 15.77, 10.52
10:09:30, 2015.80, 12.83, 161, 351, 1003, 1810, 2104, 1338, 508, 214, 3254, 160, 15259.26, 15.78, 10.48
10:09:30, 2022.70, 12.81, 175, 374, 1080, 1960, 2176, 1396, 522, 221, 3437, 169, 15259.26, 15.78, 10.48
10:09:30, 2028.80, 12.80, 163, 352, 1012, 1859, 2111, 1338, 518, 211, 3059, 150, 15259.26, 15.78, 10.48
10:09:31, 2034.20, 12.79, 162, 351, 1013, 1888, 2196, 1387, 530, 217, 3196, 156, 15284.23, 15.75, 10.44
10:09:31, 2037.80, 12.74, 169, 358, 1039, 1924, 2124, 1344, 500, 211, 3290, 162, 15284.23, 15.75, 10.44
10:09:32, 2044.10, 12.73, 162, 341, 998, 1818, 2003, 1283, 453, 197, 3351, 167, 15321.78, 15.70, 10.40
10:09:32, 2048.50, 12.73, 165, 334, 989, 1804, 1979, 1296, 441, 196, 3557, 179, 15334.32, 15.68, 10.40
10:09:33, 2054.80, 12.73, 156, 324, 957, 1726, 1943, 1206, 420, 186, 3290, 166, 15296.73, 15.73, 10.40
10:09:33, 2062.10, 12.72, 156, 327, 971, 1760, 1985, 1265, 438, 190, 3314, 165, 15321.78, 15.70, 10.38
10:09:33, 2066.00, 12.71, 154, 318, 942, 1756, 1978, 1247, 450, 187, 3088, 153, 15321.78, 15.70, 10.38
10:09:34, 2072.90, 12.70, 140, 305, 905, 1657, 1907, 1143, 416, 175, 2793, 138, 15321.78, 15.70, 10.36
10:09:34, 2075.60, 12.69, 143, 306, 915, 1661, 1906, 1187, 412, 178, 3111, 155, 15321.78, 15.70, 10.36
10:09:35, 2077.30, 12.68, 152, 311, 933, 1714, 1907, 1230, 408, 181, 3403, 172, 15296.73, 15.73, 10.34
10:09:35, 2085.00, 12.69, 144, 296, 890, 1620, 1777, 1117, 378, 165, 3026, 153, 15334.32, 15.68, 10.34
10:09:35, 2092.60, 12.68, 143, 295, 893, 1615, 1856, 1160, 374, 171, 3357, 172, 15359.44, 15.65, 10.34
10:09:36, 2093.50, 12.66, 138, 282, 854, 1555, 1789, 1116, 371, 163, 3098, 157, 15359.44, 15.65, 10.33
10:09:36, 2092.90, 12.65, 139, 297, 897, 1637, 1854, 1123, 400, 167, 2741, 136, 15334.32, 15.68, 10.33
10:09:37, 2091.90, 12.65, 135, 302, 902, 1673, 1997, 1159, 439, 177, 2542, 125, 15372.02, 15.63, 10.33
10:09:37, 2083.90, 12.65, 139, 324, 972, 1769, 2181, 1218, 467, 192, 2514, 123, 15384.62, 15.61, 10.33
10:09:38, 2073.20, 12.64, 148, 351, 1060, 1904, 2334, 1294, 515, 210, 2349, 115, 15359.44, 15.65, 10.33
10:09:38, 2064.50, 12.63, 152, 367, 1103, 1982, 2452, 1340, 550, 223, 2274, 112, 15409.84, 15.58, 10.32
10:09:38, 2052.70, 12.62, 162, 395, 1194, 2096, 2576, 1402, 565, 239, 2249, 111, 15384.62, 15.61, 10.32
10:09:39, 2041.80, 12.61, 168, 407, 1221, 2129, 2563, 1446, 579, 247, 2439, 120, 15422.46, 15.56, 10.33
10:09:39, 2034.70, 12.60, 163, 377, 1096, 2000, 2334, 1388, 540, 227, 3028, 147, 15409.84, 15.58, 10.33
10:09:40, 2026.00, 12.60, 178, 394, 1149, 2073, 2451, 1490, 577, 242, 3340, 159, 15397.22, 15.59, 10.33
10:09:40, 2017.80, 12.60, 172, 402, 1162, 2102, 2479, 1422, 595, 241, 2577, 127, 15422.46, 15.56, 10.34
10:09:40, 2007.90, 12.59, 161, 384, 1104, 1991, 2407, 1395, 592, 238, 2601, 128, 15409.84, 15.58, 10.34
10:09:41, 1995.30, 12.60, 179, 432, 1234, 2238, 2799, 1595, 716, 282, 2526, 125, 15435.11, 15.54, 10.39
10:09:41, 1986.40, 12.60, 192, 472, 1374, 2373, 2932, 1621, 722, 303, 2267, 114, 15435.11, 15.54, 10.39
10:09:42, 1973.60, 12.59, 190, 460, 1329, 2263, 2768, 1540, 666, 288, 2247, 113, 15422.46, 15.56, 10.45
10:09:42, 1964.60, 12.59, 197, 476, 1368, 2314, 2851, 1606, 707, 304, 2388, 119, 15460.43, 15.51, 10.45
10:09:43, 1957.80, 12.58, 197, 482, 1370, 2372, 2927, 1707, 767, 316, 2704, 134, 15435.11, 15.54, 10.45
10:09:43, 1947.90, 12.58, 193, 452, 1247, 2216, 2515, 1514, 660, 275, 2953, 145, 15460.43, 15.51, 10.52
10:09:43, 1940.70, 12.58, 194, 456, 1252, 2226, 2762, 1686, 753, 307, 3145, 153, 15447.76, 15.52, 10.52
10:09:44, 1926.70, 12.59, 231, 545, 1491, 2650, 3329, 2012, 875, 393, 3625, 173, 15460.43, 15.51, 10.63
10:09:44, 1915.90, 12.60, 226, 541, 1488, 2565, 2757, 1674, 764, 316, 3078, 151, 15485.80, 15.47, 10.63
10:09:45, 1905.70, 12.61, 201, 467, 1230, 2274, 2772, 1787, 856, 330, 3209, 158, 15473.11, 15.49, 10.63
10:09:45, 1896.70, 12.62, 230, 538, 1400, 2610, 3111, 1974, 946, 384, 3352, 164, 15473.11, 15.49, 10.67
10:09:45, 1890.10, 12.62, 258, 616, 1649, 2857, 3296, 2043, 931, 411, 3673, 177, 15498.50, 15.46, 10.67
10:09:46, 1878.60, 12.63, 264, 603, 1602, 2794, 3322, 2217, 998, 434, 4549, 213, 15473.11, 15.49, 10.71
10:09:46, 1872.30, 12.63, 243, 527, 1353, 2526, 2691, 1870, 879, 350, 3707, 181, 15498.50, 15.46, 10.71
10:09:47, 1862.90, 12.63, 236, 523, 1359, 2395, 2845, 1953, 884, 377, 4173, 201, 15498.50, 15.46, 10.71
10:09:47, 1851.00, 12.64, 267, 580, 1476, 2771, 3168, 2214, 1069, 433, 4183, 198, 15511.22, 15.44, 10.71
10:09:48, 1841.50, 12.64, 263, 619, 1598, 2732, 3039, 1938, 913, 412, 3830, 184, 15536.70, 15.40, 10.71
10:09:48, 1829.30, 12.65, 260, 564, 1444, 2515, 2793, 1980, 898, 392, 4568, 223, 15536.70, 15.40, 10.71
10:09:48, 1821.80, 12.64, 284, 571, 1450, 2574, 2820, 2218, 943, 430, 5652, 277, 15511.22, 15.44, 10.71
10:09:49, 1811.90, 12.64, 278, 576, 1456, 2551, 2760, 2022, 933, 408, 4649, 225, 15523.95, 15.42, 10.72
10:09:49, 1803.20, 12.64, 278, 579, 1424, 2608, 2856, 2109, 1016, 434, 4599, 221, 15536.70, 15.40, 10.72
10:09:50, 1796.50, 12.64, 323, 646, 1615, 2834, 3124, 2491, 1022, 509, 6909, 346, 15523.95, 15.42, 10.72
10:09:50, 1785.20, 12.64, 375, 720, 1834, 3163, 3445, 2688, 1222, 566, 6496, 306, 15549.45, 15.39, 10.72
10:09:50, 1776.80, 12.64, 275, 582, 1423, 2480, 2585, 1857, 903, 400, 4267, 212, 15523.95, 15.42, 10.72
10:09:51, 1766.20, 12.63, 291, 609, 1467, 2629, 2994, 2317, 1158, 490, 4901, 235, 15536.70, 15.40, 10.71
10:09:51, 1756.80, 12.64, 348, 703, 1692, 3071, 3437, 2617, 1294, 581, 5846, 276, 15575.00, 15.35, 10.71
10:09:52, 1752.00, 12.64, 335, 694, 1693, 2815, 3152, 2382, 1084, 535, 6386, 323, 15536.70, 15.40, 10.71
10:09:52, 1742.20, 12.64, 381, 723, 1786, 2987, 3476, 2959, 1361, 646, 7429, 352, 15549.45, 15.39, 10.70
10:09:53, 1735.80, 12.65, 366, 748, 1748, 3214, 3092, 2355, 1237, 540, 4887, 235, 15562.22, 15.37, 10.70
10:09:53, 1726.70, 12.65, 338, 673, 1580, 2816, 3010, 2458, 1222, 543, 5618, 273, 15587.80, 15.33, 10.72
10:09:53, 1715.80, 12.65, 415, 834, 1940, 3540, 3758, 2943, 1550, 693, 6091, 285, 15613.42, 15.30, 10.72
10:09:54, 1709.70, 12.65, 413, 821, 1915, 3391, 3039, 2483, 1201, 573, 6183, 300, 15575.00, 15.35, 10.72
10:09:54, 1699.20, 12.66, 344, 669, 1594, 2559, 2943, 2330, 1076, 566, 6687, 348, 15613.42, 15.30, 10.71
10:09:55, 1692.00, 12.65, 420, 770, 1781, 3183, 3309, 2863, 1512, 666, 6185, 298, 15587.80, 15.33, 10.71
10:09:55, 1684.10, 12.64, 366, 797, 1783, 3153, 3259, 2500, 1434, 626, 4840, 233, 15600.60, 15.32, 10.71
10:09:55, 1673.70, 12.64, 363, 804, 1755, 3234, 3940, 2787, 1774, 754, 4276, 212, 15613.42, 15.30, 10.71
10:09:56, 1668.40, 12.65, 438, 1095, 2552, 4185, 5017, 3168, 2214, 996, 3482, 183, 15600.60, 15.32, 10.70
10:09:56, 1660.60, 12.64, 383, 917, 2169, 3439, 4305, 2577, 1948, 801, 3173, 167, 15626.25, 15.28, 10.70
10:09:57, 1653.70, 12.64, 367, 910, 2080, 3391, 5050, 3168, 2366, 1028, 3497, 185, 15613.42, 15.30, 10.70
10:09:57, 1647.90, 12.63, 498, 1277, 2888, 4986, 5139, 3491, 2619, 1052, 4026, 211, 15639.10, 15.26, 10.70
10:09:58, 1635.80, 12.63, 415, 984, 2105, 3784, 4062, 2903, 2075, 814, 4175, 210, 15651.96, 15.25, 10.70
10:09:58, 1628.60, 12.63, 380, 929, 2032, 3494, 4705, 2998, 2237, 982, 3589, 188, 15626.25, 15.28, 10.71
10:09:58, 1620.60, 12.63, 502, 1227, 2824, 4629, 6069, 3606, 3189, 1230, 3708, 203, 15664.83, 15.23, 10.71
10:09:59, 1613.80, 12.64, 473, 1177, 2633, 4307, 4477, 2907, 2133, 951, 3584, 186, 15651.96, 15.25, 10.71
10:09:59, 1610.00, 12.64, 391, 917, 1935, 3296, 3590, 2684, 1896, 778, 4346, 219, 15664.83, 15.23, 10.70
10:10:00, 1602.40, 12.63, 561, 1098, 2271, 4250, 5261, 4804, 2914, 1376, 9047, 402, 15677.71, 15.21, 10.70
10:10:00, 1595.60, 12.63, 561, 1084, 2266, 4241, 3690, 3283, 1988, 923, 6568, 317, 15664.83, 15.23, 10.71
10:10:01, 1588.00, 12.63, 446, 879, 1831, 3263, 3282, 2821, 1790, 800, 5380, 263, 15690.61, 15.20, 10.71
10:10:01, 1580.20, 12.63, 485, 952, 1947, 3659, 4054, 3794, 2454, 1067, 6664, 323, 15677.71, 15.21, 10.71
10:10:01, 1575.20, 12.63, 584, 1052, 2157, 4115, 3659, 3578, 2109, 997, 7619, 361, 15703.52, 15.18, 10.70
10:10:02, 1570.60, 12.64, 441, 846, 1786, 2876, 2952, 2555, 1423, 765, 6685, 334, 15703.52, 15.18, 10.70
10:10:02, 1564.50, 12.65, 510, 972, 2002, 3500, 3843, 3506, 2315, 1037, 6446, 312, 15703.52, 15.18, 10.71
10:10:03, 1557.80, 12.64, 586, 1150, 2221, 4585, 4530, 3979, 2808, 1235, 6414, 310, 15703.52, 15.18, 10.71
10:10:03, 1550.20, 12.64, 477, 1051, 2097, 3726, 4124, 3118, 2480, 1037, 4625, 237, 15729.38, 15.14, 10.72
10:10:03, 1542.70, 12.64, 480, 1160, 2380, 4099, 4609, 3077, 2570, 1147, 3921, 205, 15729.38, 15.14, 10.72
10:10:04, 1537.90, 12.63, 648, 1567, 3361, 5211, 7522, 4891, 4395, 2007, 4448, 244, 15690.61, 15.20, 10.72
10:10:04, 1534.00, 12.63, 515, 1224, 2494, 4198, 4441, 3272, 2544, 1168, 4635, 235, 15729.38, 15.14, 10.72
10:10:05, 1525.70, 12.64, 555, 1213, 2332, 4387, 4955, 4200, 3282, 1412, 6357, 315, 15755.29, 15.11, 10.72
10:10:05, 1520.00, 12.64, 586, 1250, 2372, 4514, 4767, 3912, 3089, 1337, 5643, 282, 15755.29, 15.11, 10.74
10:10:06, 1512.00, 12.63, 600, 1400, 2693, 4822, 5612, 4154, 3590, 1525, 4843, 255, 15742.33, 15.13, 10.74
10:10:06, 1503.90, 12.63, 553, 1337, 2725, 4549, 6352, 4071, 4002, 1754, 4341, 239, 15781.25, 15.07, 10.74
10:10:06, 1501.40, 12.63, 699, 1675, 3423, 5555, 6376, 4423, 4162, 1805, 4712, 253, 15768.26, 15.09, 10.74
10:10:07, 1494.90, 12.63, 521, 1114, 2082, 3878, 3376, 2986, 2185, 1037, 5504, 272, 15781.25, 15.07, 10.74
10:10:07, 1490.90, 12.63, 522, 981, 1921, 3076, 3505, 3264, 2040, 1159, 8105, 400, 15729.38, 15.14, 10.76
10:10:08, 1485.80, 12.63, 940, 1500, 2966, 5527, 5459, 5643, 3807, 1970, 11665, 523, 15781.25, 15.07, 10.76
10:10:08, 1478.50, 12.63, 565, 1089, 2095, 3507, 3322, 2950, 2082, 1068, 6043, 299, 15781.25, 15.07, 10.76
10:10:08, 1472.10, 12.62, 549, 1025, 1906, 3542, 3410, 3515, 2589, 1173, 6380, 324, 15794.25, 15.06, 10.76
10:10:09, 1467.90, 12.62, 722, 1263, 2356, 4402, 4092, 3891, 2685, 1452, 8541, 410, 15794.25, 15.06, 10.76
10:10:09, 1459.10, 12.62, 721, 1238, 2375, 4224, 4472, 4977, 3477, 1704, 9746, 459, 15781.25, 15.07, 10.77
10:10:10, 1451.40, 12.63, 740, 1311, 2361, 4717, 3514, 3146, 2368, 1229, 5966, 296, 15820.29, 15.02, 10.77
10:10:10, 1447.60, 12.64, 619, 1248, 2276, 4189, 4074, 3667, 3113, 1398, 6011, 310, 15820.29, 15.02, 10.77
10:10:11, 1438.90, 12.64, 844, 1799, 3066, 6254, 6655, 5490, 5098, 2435, 6541, 335, 15794.25, 15.06, 10.77
10:10:11, 1435.60, 12.65, 714, 1692, 3261, 5146, 6017, 4325, 4153, 2122, 4708, 253, 15820.29, 15.02, 10.77
10:10:11, 1431.60, 12.65, 580, 1259, 2355, 3776, 5237, 4067, 3743, 1882, 5371, 279, 15833.33, 15.01, 10.75
10:10:12, 1423.00, 12.65, 830, 1603, 2691, 5897, 4223, 4601, 3745, 1665, 7277, 364, 15859.46, 14.97, 10.75
10:10:12, 1416.30, 12.64, 647, 1218, 2266, 3540, 3949, 3638, 2671, 1579, 8342, 410, 15846.39, 14.99, 10.77
10:10:13, 1409.40, 12.64, 851, 1332, 2421, 4457, 3487, 4062, 2726, 1550, 9993, 485, 15846.39, 14.99, 10.77
10:10:13, 1401.10, 12.64, 732, 1203, 2228, 3692, 3274, 3110, 2161, 1356, 7935, 398, 15820.29, 15.02, 10.77
10:10:14, 1398.20, 12.64, 751, 1185, 2181, 3610, 2975, 3073, 2074, 1299, 8331, 416, 15833.33, 15.01, 10.77
10:10:14, 1391.40, 12.64, 709, 1135, 2073, 3434, 4104, 4773, 3478, 1918, 10429, 500, 15859.46, 14.97, 10.77
10:10:14, 1383.50, 12.64, 815, 1515, 2629, 4751, 4496, 4420, 3897, 1913, 7175, 376, 15872.53, 14.95, 10.77
10:10:15, 1379.80, 12.63, 652, 1380, 2374, 4181, 6209, 4874, 5214, 2375, 5298, 288, 15846.39, 14.99, 10.77
10:10:15, 1369.90, 12.63, 709, 1610, 2754, 5195, 6344, 5014, 5755, 2493, 5878, 319, 15859.46, 14.97, 10.77
10:10:16, 1364.50, 12.63, 1142, 2546, 4468, 7809, 9319, 7470, 7937, 3918, 7265, 398, 15859.46, 14.97, 10.77
10:10:16, 1360.40, 12.63, 1018, 2311, 3648, 7568, 5850, 4712, 5500, 2375, 5937, 325, 15859.46, 14.97, 10.77
10:10:16, 1350.40, 12.63, 750, 1578, 2649, 4794, 6237, 5275, 6256, 2544, 6323, 344, 15898.73, 14.92, 10.80
10:10:17, 1345.00, 12.63, 726, 1551, 2640, 4520, 5165, 4223, 4124, 2323, 5876, 306, 15885.63, 14.94, 10.80
10:10:17, 1336.80, 12.64, 1227, 2796, 4743, 8313, 6948, 5843, 6014, 3320, 6974, 362, 15885.63, 14.94, 10.85
10:10:18, 1327.10, 12.64, 712, 1503, 2484, 4336, 6729, 5041, 6652, 2603, 5650, 321, 15898.73, 14.92, 10.85
10:10:18, 1321.80, 12.65, 858, 2015, 3379, 5894, 6619, 5197, 6000, 2896, 5814, 318, 15924.99, 14.88, 10.85
10:10:19, 1315.50, 12.65, 1081, 2440, 3905, 7485, 8874, 7584, 7996, 4559, 6899, 382, 15911.86, 14.90, 10.91
10:10:19, 1308.40, 12.66, 813, 1640, 2622, 4711, 4033, 3394, 3522, 1982, 6144, 318, 15924.99, 14.88, 10.91
10:10:19, 1302.00, 12.66, 1015, 2150, 3543, 5751, 6685, 5687, 5759, 3414, 6464, 340, 15898.73, 14.92, 10.94
10:10:20, 1291.30, 12.66, 834, 1742, 2875, 4642, 11096, 9130, 10911, 6297, 6954, 404, 15924.99, 14.88, 10.94
10:10:20, 1283.90, 12.67, 939, 1960, 3360, 5074, 7735, 5426, 6878, 3763, 5778, 326, 15911.86, 14.90, 10.94
10:10:21, 1277.80, 12.67, 969, 2176, 3487, 6531, 4879, 4090, 4488, 2602, 5103, 275, 15924.99, 14.88, 10.94
10:10:21, 1269.60, 12.67, 1217, 2584, 3594, 8049, 4708, 4321, 4785, 2616, 7088, 379, 15938.13, 14.87, 10.94
10:10:21, 1263.20, 12.68, 1853, 3862, 6022, 10634, 13916, 12404, 14624, 8226, 10590, 587, 15938.13, 14.87, 10.93
10:10:22, 1256.10, 12.68, 1080, 2263, 3257, 6129, 7156, 6000, 7418, 3720, 6592, 366, 15951.29, 14.85, 10.93
10:10:22, 1247.30, 12.67, 1321, 3038, 4852, 7636, 12034, 8234, 13176, 6073, 7380, 450, 15951.29, 14.85, 10.92
10:10:23, 1246.50, 12.68, 1347, 2886, 5071, 6972, 5745, 4644, 5205, 3711, 5574, 302, 15977.66, 14.81, 10.92
10:10:23, 1240.60, 12.68, 1488, 3419, 4727, 10914, 11328, 9491, 15750, 5685, 9206, 572, 15951.29, 14.85, 10.92
10:10:24, 1229.60, 12.68, 1507, 2569, 3549, 8138, 5273, 5677, 5576, 3742, 9516, 474, 15951.29, 14.85, 10.95
10:10:24, 1220.80, 12.68, 1677, 2725, 3942, 8590, 7119, 8537, 9336, 5050, 12212, 627, 15951.29, 14.85, 10.95
10:10:24, 1210.20, 12.68, 1225, 2215, 3063, 6509, 6632, 6357, 7876, 4659, 8898, 477, 15951.29, 14.85, 10.97
10:10:25, 1198.30, 12.69, 1476, 3174, 4627, 8428, 13272, 10522, 15630, 8487, 8525, 525, 15990.86, 14.80, 10.97
10:10:25, 1193.20, 12.70, 1291, 2570, 4325, 5771, 7909, 5817, 8145, 5463, 6562, 375, 15977.66, 14.81, 10.97
10:10:26, 1184.70, 12.70, 1707, 4026, 6100, 10890, 8197, 6764, 9853, 5287, 7217, 425, 15964.47, 14.83, 11.00
10:10:26, 1172.80, 12.71, 2176, 4920, 6182, 13814, 9396, 8504, 11476, 6824, 8996, 514, 15990.86, 14.80, 11.00
10:10:27, 1166.00, 12.71, 1419, 2844, 3744, 6986, 11641, 11348, 14658, 9891, 10903, 625, 16004.07, 14.78, 11.05
10:10:27, 1153.60, 12.71, 1323, 2550, 3521, 6551, 8064, 7312, 11435, 5573, 9330, 550, 15990.86, 14.80, 11.05
10:10:27, 1139.90, 12.71, 1868, 3768, 4584, 9499, 8484, 7521, 10039, 6226, 7560, 452, 16004.07, 14.78, 11.09
10:10:28, 1131.20, 12.72, 1632, 3381, 5275, 6939, 19285, 12619, 22988, 14567, 9741, 690, 16043.79, 14.73, 11.09
10:10:28, 1120.70, 12.73, 2065, 5701, 8211, 13475, 6972, 5724, 8084, 6409, 6717, 414, 16043.79, 14.73, 11.09
10:10:29, 1109.10, 12.74, 2018, 4032, 6135, 7852, 9459, 6877, 10886, 8095, 7081, 469, 16030.53, 14.75, 11.14
10:10:29, 1098.80, 12.73, 2300, 4343, 6927, 8976, 20524, 20483, 23154, 26589, 9698, 771, 16057.06, 14.71, 11.14
10:10:29, 1088.30, 12.76, 1656, 3009, 4574, 5492, 5505, 3979, 5919, 5264, 5986, 423, 16043.79, 14.73, 11.19
10:10:30, 1072.90, 12.76, 2638, 4393, 6223, 7542, 7174, 8785, 7218, 10623, 5363, 443, 15977.66, 14.81, 11.19
10:10:30, 1063.80, 12.81, 1085, 1613, 2272, 2569, 4974, 3837, 6205, 5500, 5180, 448, 16043.79, 14.73, 11.19
10:10:31, 1055.80, 12.82, 12058, 21826, 26909, 34272, 13207, 15109, 15487, 18970, 7951, 849, 16043.79, 14.73, 11.20
10:10:31, 1044.50, 12.83, 7763, 13151, 16309, 17832, 15704, 16444, 17152, 23710, 11488, 1955, 16083.63, 14.68, 11.20
10:10:32, 1033.20, 12.84, 9267, 8875, 15980, 15218, 15299, 15903, 15272, 20647, 13810, 3498, 16057.06, 14.71, 11.27
10:10:32, 1023.40, 12.83, 8978, 10001, 15201, 16224, 16044, 21582, 13030, 25686, 21680, 8882, 16030.53, 14.75, 11.27
10:10:32, 1023.50, 12.84, 9006, 5955, 12568, 10457, 12520, 18812, 9378, 19662, 20277, 10356, 16057.06, 14.71, 11.34
10:10:33, 1023.30, 12.85, 8685, 5943, 14569, 12187, 13531, 19422, 9473, 19885, 19808, 10305, 16057.06, 14.71, 11.34
10:10:33, 1023.60, 12.87, 8737, 8742, 15045, 17346, 17094, 22881, 14434, 28290, 21455, 10302, 16070.33, 14.69, 11.34
10:10:34, 1022.80, 12.89, 8950, 10138, 14865, 16341, 20664, 23130, 21304, 32695, 18855, 8730, 16070.33, 14.69, 11.41
10:10:34, 1022.30, 12.90, 7715, 13546, 14566, 17109, 11489, 11214, 15282, 17342, 9015, 3431, 16043.79, 14.73, 11.41
10:10:34, 1021.50, 12.88, 1190, 1614, 2101, 2215, 11031, 8743, 14323, 14751, 9170, 3637, 16096.94, 14.66, 11.44
10:10:35, 1020.70, 12.89, 2948, 6316, 9155, 13155, 13136, 7524, 25614, 8449, 11593, 4688, 16017.29, 14.76, 11.44
10:10:35, 1020.80, 12.92, 2404, 3619, 3737, 9347, 4549, 5582, 7177, 6058, 17286, 6702, 16070.33, 14.69, 11.44
10:10:36, 1021.70, 12.98, 6821, 4544, 6180, 12793, 6481, 20138, 11053, 16611, 36000, 35559, 16070.33, 14.69, 11.44
10:10:36, 1022.50, 13.06, 5314, 2886, 5202, 4658, 4693, 6578, 4440, 6394, 36000, 36000, 16043.79, 14.73, 11.44
10:10:37, 1022.90, 13.11, 3901, 2604, 6072, 3533, 9953, 4406, 9786, 6583, 36000, 36000, 16057.06, 14.71, 11.44
10:10:37, 1022.50, 13.15, 3471, 4830, 9749, 7312, 16788, 5964, 23687, 9936, 36000, 36000, 16070.33, 14.69, 11.44
10:10:37, 1022.90, 13.19, 1867, 3161, 4230, 6694, 12343, 5675, 21839, 6940, 36000, 36000, 16043.79, 14.73, 11.44
10:10:38, 1022.50, 13.21, 2292, 3984, 6991, 6962, 19410, 13055, 30540, 23979, 36000, 36000, 16057.06, 14.71, 11.44
10:10:38, 1022.20, 13.23, 2419, 2435, 4673, 3436, 6267, 4669, 6147, 6235, 36000, 36000, 16070.33, 14.69, 11.44
10:10:39, 1022.30, 13.27, 3203, 2609, 5256, 3485, 5034, 3740, 5818, 5427, 36000, 36000, 16070.33, 14.69, 11.53
10:10:39, 1022.30, 13.30, 3291, 2994, 5786, 4030, 8017, 5764, 8700, 8662, 36000, 36000, 16043.79, 14.73, 11.53
10:10:40, 1019.00, 13.23, 6259, 4828, 9299, 7311, 3815, 4652, 4056, 4962, 26411, 12364, 16043.79, 14.73, 11.48
10:10:40, 1019.40, 13.26, 939, 1298, 1738, 1896, 1682, 1610, 1916, 1972, 10738, 4954, 16070.33, 14.69, 11.48
10:10:40, 1020.00, 13.31, 620, 895, 1207, 1460, 1523, 1551, 1846, 2017, 12207, 5870, 16043.79, 14.73, 11.48
10:10:41, 1020.70, 13.36, 507, 769, 1032, 1191, 2233, 2793, 3480, 4292, 19559, 9911, 16057.06, 14.71, 11.45
10:10:41, 1022.50, 13.46, 2179, 2128, 3378, 3295, 2394, 2501, 2876, 3050, 12942, 4592, 16057.06, 14.71, 11.45
10:10:42, 1022.60, 13.52, 1116, 1670, 2096, 2270, 2087, 2072, 2419, 2564, 11234, 4346, 16057.06, 14.71, 11.70
10:10:42, 1022.10, 13.51, 1468, 1286, 2245, 1716, 3484, 6496, 3776, 6391, 36000, 21494, 16017.29, 14.76, 11.70
10:10:42, 1022.60, 13.59, 5698, 3283, 5386, 7970, 1733, 3395, 3062, 3297, 14413, 6963, 16043.79, 14.73, 11.70
10:10:43, 1023.30, 13.64, 392, 508, 622, 637, 799, 860, 975, 1143, 5597, 1724, 16070.33, 14.69, 11.64
