Secchi Depth (cm) = 0685
Forel Ule Scale = 11
pH Colour Scale = 99
SmartSecchi S/N = A0000001
Latitude (degs N) = 56.52161
Longitude (degs E) = -5.38821
Date = 2023-05-25
Time (UTC), Pressure (mbar) MS5803, Temp (deg C) MS5803, 415nm, 445nm, 480nm, 515nm, 555nm, 590nm, 630nm, 680nm, Clear, NIR, Resistance 10KTHERM, Temp (deg C) 10KTHERM, Temp (deg C) TMP117
11:32:55, 1020.20, 13.95, 3991, 6132, 11061, 9707, 28031, 24529, 34564, 33014, 15506, 5472, 15562.22, 15.37, 12.35
11:32:56, 1019.90, 13.96, 17069, 23345, 36000, 36000, 36000, 36000, 36000, 36000, 36000, 34899, 15575.00, 15.35, 12.35
11:32:56, 1020.50, 13.97, 11245, 20976, 25212, 26439, 15669, 27174, 18842, 30854, 36000, 36000, 15575.00, 15.35, 12.26
11:32:57, 1021.00, 13.99, 9929, 4624, 13569, 7874, 6603, 8762, 5384, 8662, 36000, 36000, 15562.22, 15.37, 12.26
11:32:57, 1022.10, 14.04, 2688, 2379, 4964, 3397, 8243, 5278, 7833, 6971, 36000, 36000, 15523.95, 15.42, 12.26
11:32:57, 1022.10, 14.05, 5315, 5380, 11018, 7256, 22547, 18211, 28406, 28473, 36000, 36000, 15575.00, 15.35, 12.16
11:32:58, 1022.80, 14.08, 9607, 11502, 18168, 14100, 21162, 13446, 21220, 20918, 36000, 36000, 15575.00, 15.35, 12.16
11:32:58, 1023.00, 14.09, 4429, 3531, 9759, 4785, 5851, 3831, 6795, 5386, 36000, 36000, 15562.22, 15.37, 12.07
11:32:59, 1023.00, 14.09, 1823, 2561, 3952, 3995, 7818, 4084, 14216, 5764, 36000, 36000, 15575.00, 15.35, 12.07
11:32:59, 1023.00, 14.10, 1807, 3299, 4291, 7323, 15443, 7295, 28123, 8118, 36000, 36000, 15600.60, 15.32, 12.07
11:33:00, 1023.20, 14.11, 2361, 4009, 4003, 11815, 14357, 16661, 27980, 12442, 36000, 35968, 15575.00, 15.35, 12.07
11:33:00, 1023.30, 14.12, 8685, 10557, 10094, 20343, 8647, 23594, 22352, 25416, 36000, 14646, 15562.22, 15.37, 12.07
11:33:00, 1023.00, 14.12, 10001, 16191, 18318, 21664, 25737, 25950, 29279, 36000, 16561, 5831, 15600.60, 15.32, 12.16
11:33:01, 1025.50, 14.13, 4898, 9456, 9598, 11193, 2722, 2880, 3207, 3585, 7603, 2153, 15575.00, 15.35, 12.16
11:33:01, 1030.50, 14.08, 7151, 11531, 15208, 18779, 24370, 26898, 27427, 30396, 27848, 9491, 15575.00, 15.35, 12.16
11:33:02, 1029.10, 14.03, 8765, 13801, 17356, 18536, 24873, 30045, 30995, 35988, 16723, 4051, 15587.80, 15.33, 12.16
11:33:02, 1030.50, 13.98, 7894, 10831, 13668, 14683, 22657, 25159, 26440, 32939, 25944, 5030, 15575.00, 15.35, 12.16
11:33:03, 1031.20, 13.92, 11599, 20670, 25327, 23674, 33029, 28423, 31920, 36000, 36000, 31109, 15600.60, 15.32, 12.20
11:33:03, 1031.50, 13.89, 8202, 13974, 16286, 19544, 20528, 22137, 22563, 30086, 36000, 35755, 15613.42, 15.30, 12.20
11:33:03, 1026.90, 13.85, 8428, 14179, 15841, 20904, 19271, 27387, 14192, 31023, 36000, 36000, 15639.10, 15.26, 12.20
11:33:04, 1026.50, 13.83, 8599, 6674, 15568, 8798, 19192, 20163, 17526, 24028, 36000, 36000, 15639.10, 15.26, 12.20
11:33:04, 1025.80, 13.80, 7178, 5984, 12543, 7288, 9696, 6715, 8174, 8499, 35916, 33927, 15626.25, 15.28, 12.20
11:33:05, 1027.40, 13.77, 6765, 7442, 13293, 10890, 17636, 12721, 22027, 20682, 36000, 35887, 15639.10, 15.26, 12.19
11:33:05, 1028.10, 13.74, 5121, 5881, 11425, 8443, 13216, 6432, 15890, 9721, 36000, 35104, 15587.80, 15.33, 12.19
11:33:05, 1032.90, 13.71, 4594, 5758, 9083, 8805, 9965, 5297, 11898, 7849, 34824, 31260, 15639.10, 15.26, 12.20
11:33:06, 1033.30, 13.69, 5131, 7392, 10877, 10792, 16005, 7394, 18668, 13408, 36000, 31475, 15613.42, 15.30, 12.20
11:33:06, 1033.90, 13.67, 2029, 2995, 4492, 4552, 16667, 7461, 22222, 12009, 36000, 30151, 15664.83, 15.23, 12.20
11:33:07, 1034.40, 13.65, 3266, 4898, 8905, 8023, 8184, 4905, 11823, 6865, 36000, 35618, 15575.00, 15.35, 12.21
11:33:07, 1034.80, 13.64, 4536, 9256, 12489, 13958, 13712, 5804, 16489, 9590, 36000, 35846, 15651.96, 15.25, 12.21
11:33:08, 1035.00, 13.63, 2741, 3932, 7468, 5950, 15449, 7124, 19553, 13958, 36000, 35378, 15639.10, 15.26, 12.21
11:33:08, 1035.00, 13.61, 4164, 4663, 9898, 6819, 12702, 6204, 14099, 9918, 36000, 31573, 15664.83, 15.23, 12.21
11:33:08, 1034.00, 13.60, 5663, 6702, 12546, 11156, 17532, 7122, 20640, 12550, 36000, 35980, 15639.10, 15.26, 12.21
11:33:09, 1034.50, 13.60, 7613, 9758, 15553, 13357, 14793, 7953, 18662, 14040, 36000, 31276, 15703.52, 15.18, 12.21
11:33:09, 1034.10, 13.60, 5945, 5761, 12819, 7925, 19010, 9339, 21992, 17060, 36000, 35808, 15677.71, 15.21, 12.21
11:33:10, 1035.80, 13.60, 2920, 3378, 7462, 5044, 13378, 6162, 15354, 10396, 36000, 33165, 15677.71, 15.21, 12.21
11:33:10, 1036.10, 13.60, 3290, 3895, 7473, 5478, 12454, 5767, 14731, 8951, 36000, 36000, 15690.61, 15.20, 12.21
11:33:11, 1037.30, 13.60, 7763, 9761, 16546, 13339, 13445, 7894, 16437, 13434, 36000, 26271, 15664.83, 15.23, 12.23
11:33:11, 1038.10, 13.60, 4817, 4321, 11271, 5676, 16057, 7956, 17908, 13436, 36000, 34616, 15716.44, 15.16, 12.23
11:33:11, 1037.90, 13.60, 4845, 4747, 10016, 6190, 14056, 9988, 16199, 16352, 36000, 27451, 15716.44, 15.16, 12.23
11:33:12, 1039.50, 13.60, 4503, 4085, 10103, 5562, 12498, 7415, 12779, 11076, 36000, 25337, 15716.44, 15.16, 12.25
11:33:12, 1038.10, 13.60, 5752, 5564, 11052, 7236, 19267, 14345, 17940, 20295, 36000, 34303, 15703.52, 15.18, 12.25
11:33:13, 1038.10, 13.60, 7245, 9379, 14392, 13554, 9569, 7624, 8534, 9200, 36000, 27232, 15703.52, 15.18, 12.23
11:33:13, 1037.80, 13.60, 6218, 7219, 11834, 9160, 15958, 13601, 14877, 16977, 36000, 31138, 15716.44, 15.16, 12.23
11:33:13, 1037.60, 13.60, 8461, 5364, 14655, 7166, 20553, 15673, 20049, 18764, 36000, 35881, 15690.61, 15.20, 12.20
11:33:14, 1038.60, 13.60, 5070, 4257, 11014, 5747, 16858, 7187, 18482, 12713, 36000, 31833, 15703.52, 15.18, 12.20
11:33:14, 1038.50, 13.60, 3779, 4430, 9310, 6667, 9863, 4243, 11134, 6691, 36000, 32766, 15729.38, 15.14, 12.20
11:33:15, 1039.00, 13.59, 3826, 4906, 10099, 7598, 13078, 5393, 14728, 9013, 36000, 25556, 15755.29, 15.11, 12.17
11:33:15, 1038.00, 13.58, 2430, 4095, 7599, 6624, 17142, 5974, 19970, 10926, 36000, 35111, 15716.44, 15.16, 12.17
11:33:16, 1040.30, 13.58, 3009, 5642, 9133, 9905, 11915, 5147, 16357, 8147, 36000, 29127, 15716.44, 15.16, 12.19
11:33:16, 1052.30, 13.57, 1939, 3671, 6234, 7270, 10339, 5119, 13696, 7771, 36000, 17567, 15755.29, 15.11, 12.19
11:33:16, 1064.70, 13.52, 2294, 4352, 7458, 8918, 8754, 4524, 13835, 6460, 36000, 14151, 15742.33, 15.13, 12.19
11:33:17, 1076.00, 13.51, 1970, 4244, 7571, 9322, 6411, 3914, 9058, 5166, 35954, 6643, 15742.33, 15.13, 12.21
11:33:17, 1086.30, 13.50, 1722, 3391, 5743, 7026, 11000, 5149, 12842, 7951, 36000, 7978, 15768.26, 15.09, 12.21
11:33:18, 1097.50, 13.49, 1554, 2628, 4889, 4918, 8737, 3754, 10025, 5235, 34997, 6424, 15729.38, 15.14, 12.21
11:33:18, 1110.40, 13.47, 2480, 4960, 9998, 12504, 9853, 4041, 15228, 4875, 35447, 10064, 15755.29, 15.11, 12.21
11:33:19, 1121.70, 13.46, 1075, 2196, 3235, 5252, 5104, 3383, 7366, 3428, 30577, 2774, 15781.25, 15.07, 12.23
11:33:19, 1133.70, 13.46, 806, 1439, 2025, 3374, 4512, 4182, 7390, 3605, 29300, 1565, 15768.26, 15.09, 12.23
11:33:19, 1146.70, 13.45, 1596, 2542, 3212, 8176, 8093, 10290, 15329, 6250, 35617, 1905, 15781.25, 15.07, 12.23
11:33:20, 1159.50, 13.45, 3367, 4482, 5830, 11396, 16687, 19271, 22377, 17612, 35595, 2119, 15768.26, 15.09, 12.22
11:33:20, 1171.60, 13.44, 1529, 2125, 3533, 4955, 5486, 6446, 5838, 5790, 11339, 497, 15794.25, 15.06, 12.22
11:33:21, 1183.90, 13.44, 3215, 5386, 8530, 11372, 10006, 9391, 8822, 9153, 9292, 492, 15755.29, 15.11, 12.27
11:33:21, 1196.60, 13.44, 3947, 7306, 10874, 15212, 8654, 7637, 7360, 7342, 7293, 401, 15768.26, 15.09, 12.27
11:33:22, 1210.70, 13.43, 1884, 3424, 5709, 7754, 18259, 19006, 14961, 15859, 9698, 603, 15755.29, 15.11, 12.27
11:33:22, 1224.70, 13.41, 3731, 6724, 12169, 15624, 19467, 17578, 14966, 13949, 30219, 1546, 15781.25, 15.07, 12.15
11:33:22, 1237.20, 13.38, 3437, 7422, 12935, 15310, 10295, 8830, 7941, 7662, 25994, 1460, 15768.26, 15.09, 12.15
11:33:23, 1252.40, 13.36, 2312, 4480, 7325, 9926, 14540, 12971, 10842, 10548, 36000, 3460, 15742.33, 15.13, 11.98
11:33:23, 1266.50, 13.33, 2643, 4254, 7811, 10372, 8618, 8018, 5801, 5942, 33495, 2520, 15807.26, 15.04, 11.98
11:33:24, 1279.80, 13.30, 2215, 4465, 7150, 10095, 17335, 16001, 11939, 13097, 36000, 5478, 15794.25, 15.06, 11.91
11:33:24, 1296.00, 13.28, 1698, 2767, 5534, 6677, 8559, 7719, 5016, 5268, 34564, 3032, 15781.25, 15.07, 11.91
11:33:24, 1308.60, 13.26, 1914, 2288, 5745, 5229, 10520, 7504, 6574, 5098, 36000, 5315, 15807.26, 15.04, 11.91
11:33:25, 1322.00, 13.23, 1219, 1947, 4357, 4635, 7269, 3942, 5271, 2867, 36000, 3384, 15807.26, 15.04, 11.80
11:33:25, 1334.60, 13.20, 976, 1752, 3830, 4464, 6202, 3737, 4520, 2536, 31174, 2436, 15807.26, 15.04, 11.80
11:33:26, 1346.80, 13.17, 939, 1804, 4166, 4916, 5954, 3349, 4517, 2176, 28258, 2337, 15820.29, 15.02, 11.60
11:33:26, 1360.10, 13.13, 721, 1528, 3183, 4309, 8091, 3863, 6628, 2645, 35752, 3256, 15820.29, 15.02, 11.60
11:33:27, 1373.30, 13.10, 567, 1213, 2419, 3503, 4778, 2790, 3769, 1645, 21511, 1731, 15820.29, 15.02, 11.60
11:33:27, 1386.10, 13.06, 605, 1376, 2840, 4390, 5877, 3129, 4802, 1780, 25805, 2111, 15846.39, 14.99, 11.41
11:33:27, 1400.30, 13.02, 615, 1421, 2811, 4531, 7502, 4009, 6676, 2154, 32368, 2593, 15833.33, 15.01, 11.41
11:33:28, 1413.80, 12.99, 487, 1102, 2119, 3443, 4609, 2942, 3573, 1437, 17585, 1223, 15820.29, 15.02, 11.31
11:33:28, 1427.10, 12.97, 543, 1310, 2484, 4434, 4984, 3429, 3739, 1618, 17970, 1208, 15820.29, 15.02, 11.31
11:33:29, 1439.60, 12.94, 463, 1041, 1995, 3652, 4056, 2890, 3152, 1272, 15068, 924, 15846.39, 14.99, 11.28
11:33:29, 1451.90, 12.92, 555, 1309, 2511, 4723, 4726, 3480, 3319, 1504, 15536, 961, 15820.29, 15.02, 11.28
11:33:30, 1465.00, 12.91, 522, 1162, 2225, 4320, 4297, 3391, 3310, 1309, 14655, 816, 15846.39, 14.99, 11.28
11:33:30, 1475.30, 12.89, 522, 1112, 2196, 3957, 4445, 3645, 3092, 1401, 12954, 700, 15859.46, 14.97, 11.26
11:33:30, 1483.50, 12.88, 612, 1236, 2360, 4826, 4519, 3994, 3201, 1429, 12592, 627, 15859.46, 14.97, 11.26
11:33:31, 1494.40, 12.87, 574, 1111, 2216, 4156, 4574, 4368, 3275, 1502, 11914, 560, 15833.33, 15.01, 11.24
11:33:31, 1504.40, 12.86, 562, 1098, 2223, 3995, 3802, 3144, 2255, 1153, 9125, 475, 15846.39, 14.99, 11.24
11:33:32, 1513.60, 12.86, 494, 1004, 2040, 3837, 4506, 3781, 3051, 1285, 12560, 646, 15846.39, 14.99, 11.24
11:33:32, 1523.40, 12.86, 468, 1039, 2114, 3984, 4134, 3091, 2679, 1075, 12647, 723, 15872.53, 14.95, 11.21
11:33:32, 1533.80, 12.85, 400, 916, 1892, 3468, 3861, 2740, 2479, 967, 12376, 730, 15859.46, 14.97, 11.21
11:33:33, 1542.80, 12.85, 378, 866, 1813, 3293, 3752, 2709, 2321, 932, 11483, 663, 15885.63, 14.94, 11.17
11:33:33, 1554.10, 12.83, 407, 915, 1899, 3701, 3968, 2967, 2482, 960, 11844, 664, 15885.63, 14.94, 11.17
11:33:34, 1566.90, 12.82, 375, 848, 1791, 3335, 3538, 2519, 1998, 835, 10066, 590, 15859.46, 14.97, 11.15
11:33:34, 1577.80, 12.81, 353, 820, 1761, 3250, 3770, 2570, 2236, 822, 11637, 696, 15898.73, 14.92, 11.15
11:33:35, 1590.90, 12.80, 333, 806, 1771, 3179, 3763, 2367, 2134, 786, 11896, 755, 15885.63, 14.94, 11.15
11:33:35, 1602.40, 12.75, 335, 810, 1774, 3334, 4074, 2679, 2355, 827, 12450, 768, 15885.63, 14.94, 11.13
11:33:35, 1612.40, 12.74, 354, 813, 1791, 3351, 3650, 2679, 2025, 784, 9977, 540, 15846.39, 14.99, 11.13
11:33:36, 1625.20, 12.72, 352, 760, 1695, 3138, 3500, 2719, 1896, 753, 8817, 455, 15859.46, 14.97, 11.12
11:33:36, 1636.30, 12.71, 360, 773, 1718, 3361, 3445, 2532, 1675, 712, 8241, 443, 15872.53, 14.95, 11.12
11:33:37, 1647.10, 12.70, 341, 773, 1738, 3368, 3628, 2541, 1832, 691, 9696, 555, 15898.73, 14.92, 11.12
11:33:37, 1658.60, 12.70, 285, 669, 1549, 2781, 3303, 2153, 1700, 604, 9587, 566, 15859.46, 14.97, 11.12
11:33:38, 1669.80, 12.69, 273, 658, 1521, 2842, 3300, 2143, 1576, 584, 9064, 546, 15911.86, 14.90, 11.12
11:33:38, 1679.80, 12.68, 285, 670, 1557, 2996, 3329, 2289, 1635, 591, 8945, 498, 15872.53, 14.95, 11.11
11:33:38, 1690.00, 12.66, 290, 646, 1512, 2867, 3265, 2324, 1481, 591, 7710, 415, 15885.63, 14.94, 11.11
11:33:39, 1702.70, 12.66, 290, 633, 1506, 2859, 3111, 2229, 1446, 544, 7523, 396, 15911.86, 14.90, 11.11
11:33:39, 1713.00, 12.65, 276, 624, 1496, 2795, 3308, 2249, 1438, 553, 8045, 449, 15938.13, 14.87, 11.11
11:33:40, 1722.40, 12.65, 242, 571, 1387, 2562, 3043, 1936, 1339, 477, 8060, 475, 15938.13, 14.87, 11.11
11:33:40, 1735.00, 12.64, 238, 579, 1423, 2628, 3008, 1812, 1296, 453, 8251, 501, 15911.86, 14.90, 11.09
11:33:40, 1745.50, 12.63, 224, 538, 1329, 2476, 2897, 1835, 1198, 436, 7384, 435, 15911.86, 14.90, 11.09
11:33:41, 1755.50, 12.62, 234, 535, 1329, 2515, 2893, 1975, 1214, 444, 6865, 368, 15911.86, 14.90, 11.09
11:33:41, 1766.60, 12.62, 248, 540, 1356, 2564, 2844, 2000, 1096, 446, 5915, 307, 15898.73, 14.92, 11.09
11:33:42, 1776.30, 12.61, 247, 528, 1336, 2520, 2814, 1970, 1073, 430, 5853, 300, 15911.86, 14.90, 11.09
11:33:42, 1787.80, 12.61, 242, 538, 1375, 2567, 3067, 2056, 1160, 444, 6702, 359, 15924.99, 14.88, 11.09
11:33:43, 1801.40, 12.60, 215, 493, 1268, 2382, 2758, 1787, 1041, 380, 6358, 349, 15938.13, 14.87, 11.09
11:33:43, 1814.40, 12.59, 214, 481, 1246, 2391, 2696, 1792, 1002, 368, 5937, 316, 15924.99, 14.88, 11.08
11:33:43, 1822.20, 12.59, 214, 469, 1226, 2353, 2602, 1746, 926, 355, 5415, 283, 15924.99, 14.88, 11.08
11:33:44, 1834.60, 12.58, 213, 467, 1233, 2338, 2722, 1829, 933, 368, 5455, 282, 15911.86, 14.90, 11.08
11:33:44, 1845.70, 12.58, 209, 449, 1195, 2286, 2533, 1708, 859, 334, 5053, 261, 15938.13, 14.87, 11.08
11:33:45, 1852.90, 12.57, 197, 440, 1186, 2207, 2587, 1645, 841, 326, 5322, 286, 15964.47, 14.83, 11.08
11:33:45, 1865.20, 12.58, 188, 434, 1171, 2222, 2602, 1612, 869, 313, 5789, 322, 15938.13, 14.87, 11.06
11:33:46, 1875.00, 12.57, 173, 397, 1083, 2067, 2437, 1523, 795, 291, 5227, 284, 15964.47, 14.83, 11.06
11:33:46, 1885.30, 12.56, 177, 396, 1087, 2064, 2426, 1548, 759, 291, 4844, 256, 15964.47, 14.83, 11.05
11:33:46, 1897.80, 12.55, 188, 403, 1117, 2145, 2367, 1573, 734, 286, 4450, 226, 15990.86, 14.80, 11.05
11:33:47, 1905.40, 12.54, 173, 369, 1033, 1960, 2315, 1508, 692, 274, 4280, 219, 15924.99, 14.88, 11.05
11:33:47, 1915.90, 12.54, 172, 377, 1057, 2034, 2363, 1481, 725, 265, 4802, 254, 15951.29, 14.85, 11.04
11:33:48, 1924.80, 12.54, 156, 356, 1005, 1940, 2238, 1335, 667, 241, 4734, 262, 15977.66, 14.81, 11.04
11:33:48, 1930.40, 12.54, 148, 341, 969, 1850, 2200, 1290, 655, 233, 4798, 269, 15951.29, 14.85, 11.03
11:33:49, 1940.90, 12.54, 144, 339, 967, 1858, 2188, 1256, 640, 226, 4834, 277, 15990.86, 14.80, 11.03
11:33:49, 1949.20, 12.53, 134, 312, 895, 1721, 2044, 1175, 597, 208, 4518, 255, 15977.66, 14.81, 11.02
11:33:49, 1957.80, 12.53, 133, 311, 899, 1729, 2067, 1175, 598, 207, 4600, 263, 15990.86, 14.80, 11.02
11:33:50, 1968.60, 12.53, 132, 306, 890, 1725, 2080, 1204, 588, 206, 4439, 247, 16004.07, 14.78, 11.02
11:33:50, 1978.60, 12.51, 131, 302, 884, 1712, 2045, 1168, 567, 199, 4384, 246, 15964.47, 14.83, 11.02
11:33:51, 1990.50, 12.50, 129, 301, 886, 1721, 2014, 1131, 548, 191, 4344, 247, 16004.07, 14.78, 11.02
11:33:51, 1998.90, 12.49, 124, 288, 856, 1658, 1972, 1102, 522, 185, 4185, 236, 15977.66, 14.81, 11.02
11:33:51, 2011.20, 12.49, 124, 286, 852, 1674, 2007, 1136, 528, 185, 4185, 234, 16004.07, 14.78, 11.02
11:33:52, 2021.00, 12.48, 121, 273, 822, 1605, 1921, 1116, 488, 179, 3710, 199, 15990.86, 14.80, 11.02
11:33:52, 2034.70, 12.47, 128, 279, 846, 1653, 1964, 1163, 481, 183, 3572, 187, 16017.29, 14.76, 11.01
11:33:53, 2047.50, 12.46, 126, 268, 825, 1609, 1909, 1156, 450, 178, 3214, 163, 16004.07, 14.78, 11.01
11:33:53, 2056.60, 12.45, 132, 277, 860, 1668, 1951, 1169, 455, 179, 3328, 170, 16030.53, 14.75, 11.01
11:33:54, 2067.60, 12.46, 124, 268, 836, 1637, 1937, 1123, 446, 171, 3437, 179, 16043.79, 14.73, 11.01
11:33:54, 2075.70, 12.45, 114, 248, 776, 1531, 1775, 1011, 414, 153, 3313, 177, 16030.53, 14.75, 11.02
11:33:54, 2088.00, 12.45, 109, 242, 763, 1502, 1776, 990, 405, 149, 3350, 181, 16030.53, 14.75, 11.02
11:33:55, 2096.80, 12.44, 105, 228, 724, 1429, 1743, 990, 388, 147, 3116, 164, 16030.53, 14.75, 11.02
11:33:55, 2106.40, 12.44, 107, 228, 729, 1434, 1726, 992, 373, 146, 2943, 152, 16017.29, 14.76, 11.01
11:33:56, 2115.30, 12.44, 110, 227, 733, 1441, 1705, 993, 357, 144, 2732, 139, 16057.06, 14.71, 11.01
11:33:56, 2121.10, 12.43, 107, 221, 719, 1409, 1685, 973, 350, 141, 2717, 139, 16030.53, 14.75, 11.01
11:33:57, 2131.10, 12.43, 106, 224, 727, 1440, 1720, 965, 358, 139, 2940, 152, 16043.79, 14.73, 11.01
11:33:57, 2139.00, 12.43, 96, 208, 680, 1348, 1599, 870, 335, 125, 2912, 156, 16030.53, 14.75, 11.01
11:33:57, 2148.90, 12.43, 92, 203, 665, 1325, 1610, 856, 338, 123, 3053, 167, 16030.53, 14.75, 10.99
11:33:58, 2160.50, 12.43, 87, 192, 635, 1263, 1511, 803, 308, 115, 2796, 152, 16057.06, 14.71, 10.99
11:33:58, 2171.00, 12.42, 88, 189, 630, 1258, 1518, 822, 306, 115, 2709, 144, 16083.63, 14.68, 10.99
11:33:59, 2181.00, 12.41, 88, 187, 625, 1250, 1505, 816, 294, 113, 2583, 136, 16043.79, 14.73, 10.99
11:33:59, 2191.10, 12.40, 91, 190, 640, 1276, 1528, 831, 291, 115, 2546, 132, 16057.06, 14.71, 10.99
11:33:59, 2204.80, 12.40, 88, 185, 630, 1259, 1498, 808, 280, 110, 2490, 130, 16070.33, 14.69, 10.99
11:34:00, 2215.40, 12.39, 84, 175, 599, 1202, 1451, 777, 266, 106, 2389, 124, 16043.79, 14.73, 10.99
11:34:00, 2225.20, 12.38, 83, 174, 602, 1204, 1448, 769, 262, 104, 2404, 126, 16057.06, 14.71, 10.98
11:34:01, 2232.00, 12.38, 79, 166, 574, 1154, 1396, 737, 252, 99, 2345, 123, 16083.63, 14.68, 10.98
11:34:01, 2242.20, 12.38, 79, 165, 575, 1154, 1404, 737, 246, 99, 2295, 120, 16083.63, 14.68, 10.98
11:34:02, 2248.80, 12.38, 76, 157, 552, 1107, 1351, 708, 236, 94, 2217, 116, 16057.06, 14.71, 10.98
11:34:02, 2258.70, 12.38, 75, 159, 558, 1127, 1380, 704, 240, 94, 2372, 127, 16083.63, 14.68, 10.98
11:34:02, 2267.00, 12.38, 71, 151, 533, 1079, 1323, 669, 230, 89, 2316, 125, 16083.63, 14.68, 10.98
11:34:03, 2274.00, 12.38, 69, 148, 523, 1066, 1309, 658, 228, 87, 2324, 126, 16083.63, 14.68, 10.98
11:34:03, 2284.50, 12.38, 69, 147, 524, 1067, 1287, 645, 221, 85, 2266, 123, 16083.63, 14.68, 10.98
11:34:04, 2290.20, 12.37, 68, 143, 511, 1047, 1283, 647, 217, 84, 2206, 118, 16110.26, 14.64, 10.98
11:34:04, 2300.40, 12.37, 66, 139, 502, 1027, 1264, 633, 212, 82, 2180, 117, 16096.94, 14.66, 10.98
11:34:05, 2308.90, 12.36, 65, 135, 489, 1004, 1223, 610, 203, 79, 2102, 113, 16110.26, 14.64, 10.98
11:34:05, 2316.90, 12.36, 63, 133, 482, 992, 1226, 598, 203, 78, 2189, 120, 16083.63, 14.68, 10.98
11:34:05, 2326.10, 12.35, 61, 131, 478, 982, 1210, 578, 198, 75, 2226, 124, 16123.60, 14.62, 10.98
11:34:06, 2332.20, 12.35, 59, 127, 466, 959, 1186, 565, 193, 73, 2178, 121, 16123.60, 14.62, 10.98
11:34:06, 2340.90, 12.35, 60, 127, 466, 960, 1185, 572, 189, 73, 2085, 114, 16110.26, 14.64, 10.98
11:34:07, 2347.40, 12.34, 59, 122, 450, 930, 1139, 563, 179, 71, 1901, 101, 16096.94, 14.66, 10.98
11:34:07, 2356.70, 12.34, 61, 124, 461, 952, 1177, 585, 179, 74, 1874, 98, 16110.26, 14.64, 10.98
11:34:08, 2365.40, 12.34, 59, 119, 447, 927, 1129, 556, 172, 70, 1843, 97, 16123.60, 14.62, 10.97
11:34:08, 2373.60, 12.33, 58, 119, 447, 926, 1142, 546, 173, 69, 1949, 105, 16070.33, 14.69, 10.97
11:34:08, 2381.70, 12.33, 54, 113, 428, 890, 1100, 513, 167, 65, 1966, 109, 16150.31, 14.59, 10.95
11:34:09, 2388.50, 12.33, 53, 111, 419, 873, 1091, 506, 165, 64, 1969, 109, 16150.31, 14.59, 10.95
11:34:09, 2398.00, 12.33, 54, 112, 426, 886, 1089, 514, 161, 64, 1855, 100, 16163.68, 14.57, 10.94
11:34:10, 2404.20, 12.32, 53, 106, 403, 845, 1055, 516, 152, 64, 1656, 87, 16150.31, 14.59, 10.94
11:34:10, 2413.60, 12.31, 57, 110, 424, 882, 1073, 531, 150, 65, 1585, 81, 16110.26, 14.64, 10.94
11:34:10, 2419.40, 12.30, 54, 105, 406, 849, 1048, 510, 148, 62, 1626, 85, 16136.94, 14.61, 10.93
11:34:11, 2428.20, 12.30, 52, 104, 404, 848, 1052, 491, 150, 61, 1774, 96, 16163.68, 14.57, 10.93
11:34:11, 2435.80, 12.30, 48, 99, 384, 809, 1001, 457, 144, 57, 1770, 98, 16163.68, 14.57, 10.94
11:34:12, 2442.40, 12.30, 48, 98, 382, 804, 1008, 459, 142, 57, 1761, 97, 16163.68, 14.57, 10.94
11:34:12, 2451.10, 12.30, 48, 96, 379, 798, 977, 449, 136, 55, 1668, 91, 16150.31, 14.59, 10.94
11:34:13, 2456.20, 12.29, 45, 92, 360, 761, 956, 435, 133, 54, 1656, 91, 16150.31, 14.59, 10.93
11:34:13, 2464.50, 12.29, 46, 93, 369, 778, 982, 440, 134, 54, 1712, 95, 16203.89, 14.52, 10.93
11:34:13, 2469.30, 12.28, 44, 90, 356, 753, 936, 420, 129, 52, 1640, 91, 16177.07, 14.55, 10.93
11:34:14, 2474.30, 12.27, 45, 91, 361, 763, 953, 432, 129, 53, 1622, 88, 16177.07, 14.55, 10.93
11:34:14, 2476.00, 12.27, 44, 88, 350, 744, 934, 429, 126, 52, 1544, 83, 16190.48, 14.54, 10.94
11:34:15, 2471.70, 12.28, 44, 87, 347, 738, 909, 423, 123, 51, 1485, 79, 16177.07, 14.55, 10.94
11:34:15, 2462.30, 12.28, 44, 86, 342, 727, 899, 416, 125, 51, 1515, 82, 16150.31, 14.59, 10.94
11:34:16, 2454.40, 12.27, 42, 85, 335, 712, 905, 399, 129, 50, 1687, 96, 16177.07, 14.55, 10.93
11:34:16, 2444.50, 12.27, 42, 88, 346, 726, 935, 399, 134, 51, 1843, 109, 16203.89, 14.52, 10.93
11:34:16, 2436.50, 12.26, 44, 92, 362, 745, 981, 403, 139, 53, 2068, 128, 16203.89, 14.52, 10.94
11:34:17, 2426.40, 12.25, 46, 96, 380, 772, 1027, 421, 144, 56, 2193, 136, 16203.89, 14.52, 10.94
11:34:17, 2418.80, 12.25, 46, 97, 383, 771, 1003, 411, 143, 55, 2178, 137, 16190.48, 14.54, 10.94
11:34:18, 2408.40, 12.24, 46, 96, 376, 764, 1022, 426, 149, 57, 2157, 133, 16244.23, 14.47, 10.93
11:34:18, 2401.10, 12.24, 48, 101, 393, 800, 1042, 438, 154, 58, 2175, 133, 16217.32, 14.50, 10.93
11:34:18, 2392.00, 12.24, 47, 100, 383, 786, 1010, 436, 154, 57, 2052, 122, 16244.23, 14.47, 10.95
11:34:19, 2382.10, 12.24, 47, 99, 376, 781, 986, 440, 154, 57, 1936, 113, 16190.48, 14.54, 10.95
11:34:19, 2373.60, 12.24, 47, 100, 376, 778, 990, 435, 156, 57, 2014, 120, 16230.77, 14.48, 10.95
11:34:20, 2362.20, 12.23, 47, 101, 381, 773, 1012, 427, 159, 58, 2221, 139, 16244.23, 14.47, 10.95
11:34:20, 2353.10, 12.23, 50, 106, 405, 799, 1082, 453, 166, 63, 2447, 156, 16244.23, 14.47, 10.95
11:34:21, 2340.50, 12.23, 52, 112, 425, 840, 1121, 472, 176, 66, 2508, 159, 16244.23, 14.47, 10.95
11:34:21, 2331.10, 12.23, 52, 113, 422, 837, 1085, 462, 175, 64, 2420, 153, 16203.89, 14.52, 10.95
11:34:21, 2318.00, 12.23, 52, 112, 416, 834, 1081, 471, 181, 65, 2341, 144, 16271.19, 14.43, 10.96
11:34:22, 2307.70, 12.22, 53, 117, 430, 855, 1125, 481, 186, 68, 2549, 162, 16230.77, 14.48, 10.96
11:34:22, 2295.40, 12.22, 56, 118, 440, 849, 1139, 485, 184, 70, 2701, 178, 16217.32, 14.50, 10.96
11:34:23, 2286.50, 12.23, 61, 129, 479, 912, 1252, 535, 204, 77, 2943, 191, 16257.70, 14.45, 10.97
11:34:23, 2275.60, 12.23, 60, 132, 480, 940, 1222, 535, 214, 76, 2713, 170, 16271.19, 14.43, 10.97
11:34:24, 2266.90, 12.23, 58, 128, 455, 918, 1158, 536, 211, 74, 2413, 143, 16230.77, 14.48, 10.98
11:34:24, 2256.00, 12.22, 58, 129, 454, 921, 1157, 535, 213, 75, 2441, 146, 16284.69, 14.42, 10.98
11:34:24, 2244.80, 12.22, 60, 132, 472, 920, 1238, 538, 219, 79, 2931, 191, 16271.19, 14.43, 10.99
11:34:25, 2232.90, 12.22, 68, 144, 520, 965, 1323, 584, 220, 87, 3277, 217, 16284.69, 14.42, 10.99
11:34:25, 2222.00, 12.22, 76, 159, 573, 1053, 1419, 630, 238, 95, 3513, 231, 16271.19, 14.43, 10.99
11:34:26, 2211.90, 12.22, 74, 158, 562, 1041, 1402, 619, 243, 94, 3471, 230, 16311.73, 14.38, 10.99
11:34:26, 2200.70, 12.22, 73, 158, 560, 1041, 1392, 615, 253, 94, 3404, 226, 16257.70, 14.45, 10.99
11:34:27, 2190.60, 12.22, 72, 159, 555, 1048, 1378, 616, 265, 94, 3269, 211, 16298.20, 14.40, 10.98
11:34:27, 2178.60, 12.22, 71, 162, 552, 1065, 1410, 639, 280, 97, 3292, 210, 16311.73, 14.38, 10.98
11:34:27, 2169.10, 12.22, 74, 167, 571, 1086, 1413, 637, 282, 98, 3378, 219, 16298.20, 14.40, 10.98
11:34:28, 2156.60, 12.22, 71, 160, 542, 1027, 1288, 584, 263, 91, 3126, 203, 16311.73, 14.38, 10.98
11:34:28, 2146.80, 12.22, 71, 160, 539, 1020, 1371, 627, 284, 98, 3305, 214, 16311.73, 14.38, 10.98
11:34:29, 2134.90, 12.22, 76, 172, 577, 1085, 1429, 649, 296, 104, 3537, 234, 16298.20, 14.40, 10.99
11:34:29, 2125.60, 12.21, 84, 187, 631, 1149, 1560, 707, 314, 115, 3977, 267, 16271.19, 14.43, 10.99
11:34:29, 2114.40, 12.22, 87, 194, 650, 1182, 1573, 716, 325, 117, 3992, 268, 16338.83, 14.35, 10.99
11:34:30, 2103.10, 12.21, 82, 187, 617, 1149, 1506, 697, 335, 114, 3706, 242, 16352.39, 14.33, 10.99
11:34:30, 2093.20, 12.22, 85, 198, 637, 1220, 1562, 755, 358, 121, 3639, 226, 16311.73, 14.38, 10.99
11:34:31, 2078.80, 12.22, 85, 197, 635, 1194, 1578, 733, 357, 123, 3992, 265, 16284.69, 14.42, 10.99
11:34:31, 2068.70, 12.21, 97, 211, 695, 1220, 1658, 779, 345, 133, 4506, 312, 16352.39, 14.33, 10.99
11:34:32, 2057.30, 12.21, 104, 218, 718, 1239, 1714, 816, 356, 141, 4697, 324, 16338.83, 14.35, 11.01
11:34:32, 2048.10, 12.21, 108, 232, 758, 1312, 1769, 832, 384, 146, 4801, 330, 16325.27, 14.36, 11.01
11:34:32, 2034.80, 12.22, 103, 231, 742, 1308, 1755, 822, 404, 146, 4663, 318, 16338.83, 14.35, 11.01
11:34:33, 2023.70, 12.22, 101, 231, 730, 1303, 1720, 812, 417, 145, 4521, 305, 16379.58, 14.29, 11.01
11:34:33, 2009.00, 12.22, 98, 229, 707, 1295, 1657, 807, 429, 143, 4199, 271, 16338.83, 14.35, 11.01
11:34:34, 1998.50, 12.22, 99, 232, 711, 1297, 1708, 820, 435, 150, 4506, 301, 16365.98, 14.31, 11.02
11:34:34, 1985.10, 12.22, 108, 239, 745, 1285, 1776, 856, 427, 161, 4995, 352, 16338.83, 14.35, 11.02
11:34:35, 1976.50, 12.22, 126, 275, 861, 1455, 1997, 957, 492, 182, 5629, 395, 16325.27, 14.36, 11.02
11:34:35, 1962.80, 12.22, 114, 264, 801, 1413, 1779, 866, 480, 165, 4801, 323, 16365.98, 14.31, 11.02
11:34:35, 1953.10, 12.22, 108, 254, 749, 1367, 1815, 907, 524, 172, 4808, 311, 16352.39, 14.33, 11.02
11:34:36, 1939.90, 12.22, 114, 271, 792, 1452, 1850, 917, 528, 177, 4952, 328, 16406.81, 14.26, 11.02
11:34:36, 1928.30, 12.22, 131, 289, 875, 1462, 2120, 1058, 533, 214, 6357, 454, 16393.19, 14.28, 11.02
11:34:37, 1916.70, 12.22, 174, 345, 1070, 1701, 2350, 1246, 568, 250, 7014, 483, 16393.19, 14.28, 11.02
11:34:37, 1905.10, 12.22, 176, 370, 1117, 1809, 2510, 1269, 662, 266, 7397, 506, 16434.11, 14.22, 11.02
11:34:37, 1894.30, 12.22, 156, 357, 1055, 1772, 2291, 1127, 665, 238, 6558, 457, 16393.19, 14.28, 11.02
11:34:38, 1882.20, 12.22, 142, 330, 950, 1631, 2142, 1067, 649, 227, 6123, 421, 16365.98, 14.31, 11.04
11:34:38, 1872.80, 12.22, 146, 337, 966, 1641, 2247, 1115, 678, 243, 6621, 470, 16393.19, 14.28, 11.04
11:34:39, 1859.50, 12.23, 154, 345, 994, 1638, 2307, 1163, 671, 259, 7020, 506, 16393.19, 14.28, 11.05
11:34:39, 1848.10, 12.23, 176, 367, 1071, 1686, 2257, 1201, 619, 268, 7161, 523, 16406.81, 14.26, 11.05
11:34:40, 1832.90, 12.23, 189, 370, 1086, 1671, 2224, 1240, 596, 276, 7195, 523, 16379.58, 14.29, 11.05
11:34:40, 1822.10, 12.23, 190, 363, 1064, 1611, 2284, 1260, 634, 289, 7516, 553, 16461.46, 14.19, 11.09
11:34:40, 1810.20, 12.23, 192, 414, 1180, 1855, 2530, 1280, 846, 307, 7820, 570, 16434.11, 14.22, 11.09
11:34:41, 1797.00, 12.24, 175, 416, 1122, 1918, 2455, 1263, 887, 304, 7356, 516, 16420.45, 14.24, 11.09
11:34:41, 1788.10, 12.24, 180, 416, 1131, 1869, 2451, 1258, 857, 311, 7518, 538, 16434.11, 14.22, 11.09
11:34:42, 1774.90, 12.24, 176, 402, 1086, 1770, 2395, 1235, 829, 313, 7702, 570, 16434.11, 14.22, 11.10
11:34:42, 1764.80, 12.24, 207, 420, 1175, 1762, 2523, 1386, 790, 353, 8528, 634, 16406.81, 14.26, 11.10
11:34:43, 1751.50, 12.24, 235, 467, 1307, 1930, 2632, 1453, 846, 378, 9028, 684, 16420.45, 14.24, 11.10
11:34:43, 1740.60, 12.25, 235, 488, 1335, 2006, 2697, 1424, 932, 384, 9217, 694, 16434.11, 14.22, 11.10
11:34:43, 1726.60, 12.25, 216, 463, 1249, 1903, 2608, 1364, 965, 377, 8760, 665, 16434.11, 14.22, 11.10
11:34:44, 1716.50, 12.25, 204, 474, 1210, 2001, 2760, 1477, 1166, 403, 8779, 610, 16379.58, 14.29, 11.11
11:34:44, 1705.30, 12.25, 209, 490, 1239, 2065, 2644, 1402, 1074, 395, 8563, 620, 16406.81, 14.26, 11.11
11:34:45, 1692.40, 12.25, 236, 491, 1289, 1917, 2740, 1559, 968, 450, 9827, 753, 16447.78, 14.21, 11.11
11:34:45, 1682.20, 12.25, 332, 588, 1631, 2232, 3289, 1947, 1126, 567, 12542, 964, 16447.78, 14.21, 11.11
11:34:46, 1668.30, 12.26, 294, 583, 1523, 2199, 2961, 1701, 1093, 514, 10615, 791, 16447.78, 14.21, 11.11
11:34:46, 1658.00, 12.26, 287, 562, 1478, 2097, 2976, 1677, 1137, 521, 11061, 861, 16461.46, 14.19, 11.13
11:34:46, 1644.60, 12.26, 288, 596, 1543, 2232, 3136, 1690, 1301, 545, 11489, 899, 16461.46, 14.19, 11.13
11:34:47, 1633.80, 12.26, 274, 566, 1426, 2070, 2924, 1640, 1187, 537, 11042, 884, 16502.59, 14.14, 11.15
11:34:47, 1624.60, 12.26, 299, 628, 1580, 2294, 3226, 1764, 1435, 585, 11350, 858, 16434.11, 14.22, 11.15
11:34:48, 1612.00, 12.27, 299, 690, 1650, 2619, 3362, 1847, 1654, 626, 12018, 888, 16475.15, 14.17, 11.15
11:34:48, 1601.50, 12.27, 276, 627, 1476, 2323, 2984, 1661, 1497, 568, 10612, 784, 16475.15, 14.17, 11.16
11:34:48, 1588.90, 12.28, 265, 597, 1384, 2207, 2750, 1559, 1389, 541, 9816, 708, 16475.15, 14.17, 11.16
11:34:49, 1577.50, 12.28, 280, 593, 1406, 2055, 2823, 1629, 1267, 589, 10620, 816, 16488.87, 14.15, 11.19
11:34:49, 1568.60, 12.29, 381, 739, 1851, 2492, 3847, 2115, 1796, 807, 15869, 1291, 16461.46, 14.19, 11.19
11:34:50, 1558.10, 12.29, 374, 802, 1909, 2752, 3476, 1986, 1757, 751, 12558, 923, 16502.59, 14.14, 11.19
11:34:50, 1547.20, 12.30, 310, 706, 1549, 2526, 3157, 1902, 1914, 702, 11634, 769, 16502.59, 14.14, 11.23
11:34:51, 1534.20, 12.30, 288, 646, 1391, 2305, 2849, 1670, 1627, 636, 10372, 732, 16475.15, 14.17, 11.23
11:34:51, 1521.50, 12.31, 325, 673, 1542, 2172, 2912, 1744, 1432, 707, 11418, 896, 16488.87, 14.15, 11.26
11:34:51, 1511.00, 12.32, 425, 810, 1946, 2543, 4232, 2306, 2185, 1001, 19084, 1630, 16516.33, 14.12, 11.26
11:34:52, 1497.70, 12.32, 388, 812, 1836, 2576, 3181, 1864, 1763, 795, 12344, 926, 16502.59, 14.14, 11.30
11:34:52, 1483.30, 12.33, 325, 692, 1478, 2200, 2701, 1668, 1607, 710, 10421, 736, 16502.59, 14.14, 11.30
11:34:53, 1469.10, 12.34, 328, 700, 1479, 2215, 2969, 1746, 1782, 795, 12112, 937, 16543.85, 14.09, 11.30
11:34:53, 1457.70, 12.35, 402, 794, 1752, 2346, 3662, 2134, 2109, 1015, 16392, 1421, 16488.87, 14.15, 11.33
11:34:54, 1445.10, 12.35, 463, 960, 2115, 2909, 3422, 2005, 2198, 951, 14314, 1129, 16516.33, 14.12, 11.33
11:34:54, 1432.40, 12.36, 356, 762, 1523, 2318, 3342, 2087, 2398, 1015, 14319, 987, 16502.59, 14.14, 11.36
11:34:54, 1419.10, 12.36, 361, 766, 1505, 2324, 2695, 1737, 1822, 835, 10676, 733, 16516.33, 14.12, 11.36
11:34:55, 1405.80, 12.37, 399, 774, 1617, 2139, 3283, 2040, 1966, 1081, 14981, 1322, 16530.08, 14.10, 11.36
11:34:55, 1394.50, 12.38, 592, 1110, 2466, 3053, 5362, 2732, 3869, 1551, 25870, 2360, 16543.85, 14.09, 11.37
11:34:56, 1381.30, 12.38, 460, 978, 1901, 2836, 3307, 2188, 2434, 1154, 13540, 926, 16543.85, 14.09, 11.37
11:34:56, 1368.60, 12.39, 418, 855, 1604, 2451, 2811, 1914, 2205, 1045, 12238, 804, 16530.08, 14.10, 11.40
11:34:56, 1353.60, 12.40, 465, 934, 1822, 2541, 3668, 2239, 2570, 1357, 17415, 1510, 16557.63, 14.07, 11.40
11:34:57, 1342.80, 12.40, 633, 1028, 2195, 2531, 3662, 2488, 2265, 1482, 19184, 1710, 16488.87, 14.15, 11.41
11:34:57, 1328.50, 12.41, 756, 1376, 2982, 3523, 6418, 3253, 4880, 2227, 31348, 2966, 16571.43, 14.05, 11.41
11:34:58, 1314.20, 12.42, 529, 1027, 1944, 2611, 3447, 2261, 2793, 1486, 16902, 1307, 16557.63, 14.07, 11.41
11:34:58, 1299.70, 12.44, 563, 1091, 2002, 2858, 3945, 2495, 3520, 1724, 22082, 1689, 16543.85, 14.09, 11.55
11:34:59, 1286.60, 12.46, 603, 1041, 2022, 2394, 3923, 2786, 2703, 1955, 22458, 2092, 16571.43, 14.05, 11.55
11:34:59, 1273.00, 12.48, 1222, 1429, 3432, 3144, 5009, 3698, 3148, 2553, 29951, 2715, 16543.85, 14.09, 11.63
11:34:59, 1259.20, 12.49, 1414, 1881, 4003, 4141, 5457, 4690, 3474, 3195, 32310, 2800, 16557.63, 14.07, 11.63
11:35:00, 1243.40, 12.51, 1400, 1778, 3709, 4122, 5781, 6831, 3670, 4579, 30923, 2394, 16543.85, 14.09, 11.63
11:35:00, 1228.50, 12.53, 3472, 3367, 7390, 9129, 6659, 10493, 5090, 6043, 32772, 2937, 16516.33, 14.12, 11.75
11:35:01, 1214.90, 12.55, 1445, 2059, 3732, 4902, 6891, 8806, 5617, 6509, 30499, 2274, 16585.24, 14.03, 11.75
11:35:01, 1201.50, 12.57, 1873, 2248, 4584, 5195, 6814, 8095, 4747, 5920, 35737, 2931, 16599.06, 14.02, 11.84
11:35:02, 1186.80, 12.59, 2923, 2885, 7001, 6889, 5984, 7060, 4039, 5183, 29544, 2896, 16585.24, 14.03, 11.84
11:35:02, 1171.50, 12.60, 1915, 1883, 4073, 3978, 7007, 10091, 4637, 6631, 36000, 6137, 16585.24, 14.03, 11.90
11:35:02, 1157.60, 12.62, 1749, 1811, 3728, 3481, 4503, 4284, 3241, 3609, 32191, 3217, 16557.63, 14.07, 11.90
11:35:03, 1144.20, 12.64, 2822, 2547, 6436, 4443, 8469, 5850, 6532, 5628, 36000, 7887, 16599.06, 14.02, 11.90
11:35:03, 1131.40, 12.66, 1513, 1720, 3785, 3034, 4760, 3435, 4084, 3440, 35170, 4264, 16571.43, 14.05, 11.93
11:35:04, 1116.90, 12.68, 3167, 2581, 6618, 4346, 5764, 4579, 4433, 4588, 36000, 5752, 16612.90, 14.00, 11.93
11:35:04, 1098.50, 12.69, 3361, 2427, 6027, 4359, 10617, 12307, 6915, 11350, 36000, 8444, 16571.43, 14.05, 11.96
11:35:04, 1082.90, 12.72, 5157, 5549, 10998, 12880, 10334, 12947, 9028, 14680, 34594, 5896, 16626.76, 13.98, 11.96
11:35:05, 1063.90, 12.73, 8932, 15200, 18280, 20045, 19456, 15813, 17856, 21619, 35492, 5940, 16612.90, 14.00, 11.96
11:35:05, 1048.70, 12.75, 7360, 12640, 15777, 16395, 18150, 16119, 16620, 23745, 35447, 5076, 16585.24, 14.03, 12.07
11:35:06, 1032.50, 12.75, 10816, 14576, 19670, 18558, 22588, 26403, 25951, 31121, 25151, 4370, 16599.06, 14.02, 12.07
11:35:06, 1022.30, 12.80, 5403, 8214, 10885, 13673, 3731, 3936, 4446, 5179, 16981, 6027, 16626.76, 13.98, 12.12
11:35:07, 1022.90, 12.81, 9494, 12834, 16585, 19944, 11383, 24228, 23752, 27244, 36000, 12916, 16612.90, 14.00, 12.12
11:35:07, 1022.50, 12.82, 2531, 5080, 4731, 15097, 15416, 6855, 25672, 7794, 36000, 36000, 16640.63, 13.96, 12.17
11:35:07, 1021.30, 12.76, 7738, 5656, 13709, 6587, 20198, 22126, 17305, 31068, 36000, 36000, 16599.06, 14.02, 12.17
11:35:08, 1020.70, 12.74, 10197, 18422, 26247, 23256, 26357, 36000, 32727, 36000, 21296, 6825, 16599.06, 14.02, 12.17
11:35:08, 1023.20, 12.87, 9099, 14854, 15805, 20923, 8659, 20560, 15443, 22033, 21456, 5849, 16612.90, 14.00, 12.13
11:35:09, 1022.70, 12.87, 2444, 4653, 4536, 13949, 14664, 5967, 24265, 7571, 36000, 36000, 16585.24, 14.03, 12.13
11:35:09, 1021.20, 12.85, 8305, 10155, 15469, 12777, 23265, 23790, 26433, 34506, 36000, 36000, 16585.24, 14.03, 12.13
11:35:10, 1020.70, 12.83, 9288, 18817, 23237, 22922, 35446, 32899, 34447, 36000, 36000, 35086, 16626.76, 13.98, 12.13
11:35:10, 1020.70, 12.85, 12257, 19620, 29641, 24937, 36000, 34549, 36000, 36000, 36000, 33104, 16599.06, 14.02, 12.13
11:35:10, 1021.20, 12.89, 9157, 17653, 20080, 21693, 20368, 25483, 18719, 32452, 36000, 36000, 16612.90, 14.00, 12.05
11:35:11, 1021.90, 12.94, 3306, 5867, 5595, 15354, 13937, 24630, 27051, 29813, 36000, 14303, 16585.24, 14.03, 12.05
11:35:11, 1021.40, 12.93, 5785, 5295, 5655, 15325, 7911, 8024, 20068, 7543, 36000, 30005, 16612.90, 14.00, 12.00
11:35:12, 1020.50, 12.90, 4306, 8063, 10717, 13330, 35838, 36000, 36000, 36000, 36000, 36000, 16571.43, 14.05, 12.00
11:35:12, 1016.80, 12.73, 2175, 3208, 4193, 4792, 7945, 5926, 13773, 7564, 16985, 6408, 16585.24, 14.03, 11.98
11:35:13, 1018.50, 12.84, 1324, 1935, 2499, 3192, 2291, 2327, 3007, 3181, 8413, 3161, 16599.06, 14.02, 11.98
11:35:13, 1018.70, 12.74, 579, 843, 1073, 1344, 1661, 1637, 2090, 2446, 4241, 1402, 16599.06, 14.02, 11.98
11:35:13, 1012.00, 12.52, 627, 810, 1027, 1366, 1037, 1338, 1670, 1903, 4570, 2276, 16585.24, 14.03, 11.94
11:35:14, 1015.50, 12.80, 513, 536, 739, 911, 833, 1069, 1318, 1621, 4271, 2457, 16530.08, 14.10, 11.94
11:35:14, 1015.10, 12.80, 514, 600, 786, 1054, 1092, 1389, 1643, 2005, 5741, 3027, 16543.85, 14.09, 11.95
11:35:15, 1015.30, 12.82, 430, 481, 672, 830, 667, 808, 1029, 1181, 3582, 2277, 16530.08, 14.10, 11.95
11:35:15, 1012.80, 12.82, 412, 482, 651, 831, 763, 923, 1158, 1350, 4531, 2784, 16530.08, 14.10, 11.95
11:35:15, 1008.50, 12.82, 471, 532, 726, 926, 748, 846, 1045, 1164, 4538, 2950, 16543.85, 14.09, 12.01
11:35:16, 997.80, 12.75, 345, 436, 612, 760, 931, 997, 1290, 1326, 6256, 3843, 16571.43, 14.05, 12.01
11:35:16, 988.80, 12.72, 373, 447, 614, 801, 803, 908, 1100, 1163, 5149, 3182, 16585.24, 14.03, 12.07
11:35:17, 984.60, 12.73, 429, 566, 764, 1004, 1114, 1240, 1561, 1621, 7594, 4333, 16543.85, 14.09, 12.07
11:35:17, 982.40, 12.74, 376, 463, 652, 809, 915, 1142, 1305, 1411, 5949, 3560, 16571.43, 14.05, 12.10
11:35:18, 982.40, 12.79, 483, 659, 889, 1115, 1377, 1532, 1862, 2035, 9066, 5164, 16571.43, 14.05, 12.10
11:35:18, 978.80, 12.80, 395, 476, 668, 861, 727, 897, 1051, 1103, 5054, 3292, 16557.63, 14.07, 12.10
11:35:18, 1015.30, 13.02, 428, 566, 733, 1015, 948, 1088, 1465, 1662, 5896, 3463, 16488.87, 14.15, 12.14
11:35:19, 1022.00, 13.01, 512, 594, 796, 948, 1114, 1376, 1819, 2124, 7174, 4426, 16585.24, 14.03, 12.14
11:35:19, 1019.90, 13.13, 627, 795, 1077, 1378, 1775, 2474, 3654, 4385, 12728, 6052, 16571.43, 14.05, 12.30
11:35:20, 1020.00, 13.16, 903, 1181, 1581, 1906, 1827, 2845, 4603, 5661, 15400, 7162, 16571.43, 14.05, 12.30
11:35:20, 1020.70, 13.13, 743, 922, 1195, 1436, 1194, 1692, 2681, 3320, 10342, 5500, 16530.08, 14.10, 12.30
11:35:21, 1018.90, 13.25, 1085, 1340, 1799, 2305, 2578, 3372, 4758, 5717, 15835, 8585, 16530.08, 14.10, 12.75
11:35:21, 1023.60, 13.13, 637, 774, 1056, 1190, 1111, 1598, 2590, 3198, 10239, 5329, 16599.06, 14.02, 12.75
11:35:21, 1018.30, 13.25, 707, 1002, 1319, 1642, 1204, 1508, 1927, 2336, 6392, 3737, 16571.43, 14.05, 12.90
11:35:22, 1021.60, 13.42, 671, 875, 1093, 1204, 1140, 1331, 2000, 2782, 12292, 7409, 16571.43, 14.05, 12.90
11:35:22, 1021.70, 13.44, 2830, 2562, 4120, 3992, 10675, 18555, 8400, 20958, 36000, 36000, 16543.85, 14.09, 12.90
11:35:23, 1023.00, 13.50, 1390, 1934, 2508, 2680, 2020, 2175, 2609, 3009, 12569, 5697, 16585.24, 14.03, 12.90
11:35:23, 1021.60, 13.47, 1399, 3046, 3693, 7868, 4619, 2990, 9253, 4120, 36000, 32998, 16599.06, 14.02, 12.90
11:35:23, 1020.60, 13.45, 7251, 4116, 11812, 5086, 17113, 19258, 10844, 27286, 36000, 36000, 16585.24, 14.03, 12.89
11:35:24, 1021.70, 13.48, 8496, 9297, 14107, 16953, 12310, 19841, 7848, 21649, 36000, 36000, 16571.43, 14.05, 12.89
11:35:24, 1021.80, 13.50, 6705, 2621, 8435, 3860, 12413, 6253, 13264, 9325, 36000, 36000, 16571.43, 14.05, 12.83
11:35:25, 1021.40, 13.50, 3531, 10329, 11637, 18908, 18897, 8350, 24440, 16296, 36000, 36000, 16557.63, 14.07, 12.83
11:35:25, 1020.90, 13.47, 3488, 2409, 6258, 3409, 7404, 3961, 8596, 5898, 36000, 36000, 16571.43, 14.05, 12.83
11:35:26, 1022.20, 13.53, 6732, 8267, 13932, 9588, 19813, 16222, 24879, 24623, 36000, 36000, 16557.63, 14.07, 12.81
11:35:26, 1021.80, 13.52, 6315, 10893, 14451, 18733, 22300, 18998, 30020, 26822, 36000, 36000, 16530.08, 14.10, 12.81
11:35:26, 1021.90, 13.53, 7304, 9304, 8211, 19364, 17048, 20610, 29517, 24454, 36000, 24486, 16571.43, 14.05, 12.77
