Secchi Depth (cm) = 0685
Forel Ule Scale = 11
pH Colour Scale = 99
SmartSecchi S/N = A004
Latitude (degs N) = 56.52180
Longitude (degs E) = -5.38850
Date = 2023-05-25
Time (UTC), Pressure (mbar) MS5803, Temp (deg C) MS5803, 415nm, 445nm, 480nm, 515nm, 555nm, 590nm, 630nm, 680nm, Clear, NIR, Resistance 10KTHERM, Temp (deg C) 10KTHERM, Temp (deg C) TMP117
11:28:41, 1021.50, 17.33, 5439, 4884, 6576, 9073, 7176, 11772, 10614, 11948, 17633, 6429, 14497.13, 16.87, 13.87
11:28:41, 1021.50, 17.35, 4161, 3961, 5294, 6978, 4655, 6578, 6230, 7217, 13131, 4750, 14485.40, 16.89, 13.87
11:28:41, 1021.50, 17.34, 5307, 4879, 6438, 8814, 7101, 11855, 10307, 12240, 17137, 6348, 14485.40, 16.89, 13.88
11:28:42, 1021.70, 17.35, 5317, 4883, 6435, 8844, 7058, 11938, 10185, 12475, 17141, 6361, 14473.68, 16.90, 13.88
11:28:42, 1021.10, 17.35, 5360, 4905, 6451, 8976, 7087, 11991, 10211, 12615, 17253, 6376, 14508.86, 16.85, 13.88
11:28:43, 1021.40, 17.35, 5395, 4926, 6459, 9096, 7111, 11977, 10257, 12659, 17259, 6383, 14485.40, 16.89, 13.88
11:28:43, 1021.60, 17.35, 5404, 4932, 6456, 9134, 7136, 11988, 10239, 12709, 17255, 6377, 14508.86, 16.85, 13.88
11:28:43, 1021.40, 17.35, 5400, 4929, 6445, 9168, 7146, 11964, 10311, 12747, 17178, 6365, 14497.13, 16.87, 13.88
11:28:44, 1021.20, 17.35, 5369, 4921, 6426, 9177, 7098, 11942, 10378, 12864, 17022, 6337, 14508.86, 16.85, 13.88
11:28:44, 1021.50, 17.35, 5309, 4898, 6368, 9147, 7047, 11954, 10328, 12958, 16800, 6287, 14485.40, 16.89, 13.88
11:28:45, 1021.30, 17.36, 5257, 4872, 6333, 9126, 7043, 11984, 10194, 12937, 16647, 6252, 14508.86, 16.85, 13.86
11:28:45, 1021.60, 17.36, 5236, 4856, 6307, 9168, 7051, 11978, 10132, 12927, 16555, 6241, 14508.86, 16.85, 13.86
11:28:46, 1021.30, 17.36, 5233, 4853, 6291, 9223, 7062, 11983, 10119, 12924, 16504, 6238, 14473.68, 16.90, 13.87
11:28:46, 1021.30, 17.36, 5247, 4863, 6294, 9237, 7073, 11985, 10129, 12927, 16477, 6236, 14485.40, 16.89, 13.87
11:28:46, 1021.20, 17.37, 5277, 4883, 6302, 9261, 7107, 11957, 10114, 12883, 16448, 6237, 14508.86, 16.85, 13.88
11:28:47, 1021.30, 17.37, 5292, 4896, 6299, 9287, 7109, 11961, 10022, 12888, 16383, 6228, 14485.40, 16.89, 13.88
11:28:47, 1021.40, 17.37, 5293, 4900, 6279, 9298, 7103, 11955, 9906, 12960, 16297, 6213, 14497.13, 16.87, 13.88
11:28:48, 1021.40, 17.38, 5288, 4901, 6260, 9301, 7088, 11951, 9819, 13021, 16212, 6190, 14520.61, 16.84, 13.90
11:28:48, 1021.40, 17.37, 5287, 4902, 6248, 9314, 7082, 11993, 9762, 13098, 16142, 6173, 14497.13, 16.87, 13.90
11:28:48, 1021.30, 17.37, 5278, 4899, 6246, 9323, 7071, 12070, 9739, 13136, 16071, 6155, 14497.13, 16.87, 13.91
11:28:49, 1021.40, 17.38, 5317, 4923, 6267, 9384, 7082, 12148, 9852, 13021, 16100, 6170, 14485.40, 16.89, 13.91
11:28:49, 1021.40, 17.38, 5365, 4954, 6298, 9492, 7074, 12245, 9995, 12891, 16145, 6186, 14485.40, 16.89, 13.91
11:28:50, 1021.40, 17.39, 5392, 4971, 6319, 9556, 7067, 12307, 10020, 12915, 16122, 6187, 14485.40, 16.89, 13.93
11:28:50, 1021.30, 17.38, 5362, 4956, 6301, 9528, 7047, 12359, 9902, 13063, 16011, 6163, 14497.13, 16.87, 13.93
11:28:51, 1021.10, 17.38, 5301, 4920, 6294, 9489, 6998, 12471, 9833, 13192, 15875, 6120, 14497.13, 16.87, 13.96
11:28:51, 1021.20, 17.39, 5246, 4892, 6307, 9498, 6951, 12605, 9836, 13250, 15765, 6093, 14461.98, 16.92, 13.96
11:28:51, 1021.30, 17.39, 5217, 4879, 6318, 9504, 6915, 12682, 9854, 13270, 15700, 6085, 14485.40, 16.89, 13.96
11:28:52, 1021.00, 17.39, 5212, 4879, 6326, 9518, 6906, 12736, 9900, 13292, 15688, 6082, 14497.13, 16.87, 13.98
11:28:52, 1021.20, 17.39, 5249, 4891, 6325, 9560, 6907, 12755, 10038, 13263, 15711, 6082, 14497.13, 16.87, 13.98
11:28:53, 1021.20, 17.39, 5297, 4905, 6320, 9628, 6892, 12814, 10114, 13191, 15701, 6073, 14473.68, 16.90, 14.00
11:28:53, 1021.10, 17.39, 5308, 4899, 6327, 9705, 6871, 12987, 10141, 13183, 15661, 6063, 14485.40, 16.89, 14.00
11:28:53, 1021.20, 17.39, 5352, 4903, 6340, 9921, 6862, 13186, 10143, 13228, 15614, 6060, 14497.13, 16.87, 14.00
11:28:54, 1021.30, 17.40, 5287, 4876, 6327, 9860, 6820, 13258, 10081, 13308, 15535, 6041, 14485.40, 16.89, 14.02
11:28:54, 1021.30, 17.40, 5261, 4863, 6320, 9856, 6805, 13340, 10043, 13372, 15471, 6028, 14473.68, 16.90, 14.02
11:28:55, 1021.50, 17.41, 5249, 4855, 6314, 9874, 6797, 13397, 10012, 13408, 15435, 6016, 14485.40, 16.89, 14.04
11:28:55, 1021.30, 17.41, 5270, 4861, 6323, 9939, 6810, 13463, 10018, 13434, 15431, 6020, 14497.13, 16.87, 14.04
11:28:55, 1021.10, 17.40, 5305, 4867, 6335, 10021, 6822, 13511, 10024, 13445, 15423, 6022, 14473.68, 16.90, 14.04
11:28:56, 1021.20, 17.42, 5300, 4861, 6334, 10033, 6833, 13598, 10048, 13520, 15397, 6019, 14485.40, 16.89, 14.07
11:28:56, 1021.40, 17.41, 6279, 5270, 7201, 12015, 7906, 17893, 12655, 14995, 16181, 6383, 14485.40, 16.89, 14.07
11:28:57, 1021.20, 17.43, 5476, 4926, 6533, 9405, 7256, 11372, 10054, 11753, 18014, 6463, 14485.40, 16.89, 14.10
11:28:57, 1021.10, 17.42, 6783, 5055, 7498, 10109, 8510, 13936, 12139, 13678, 21621, 7249, 14485.40, 16.89, 14.10
11:28:58, 1021.00, 17.43, 5310, 4784, 6500, 8756, 6693, 11572, 9330, 12653, 15916, 6021, 14497.13, 16.87, 14.10
11:28:58, 1021.20, 17.43, 6508, 4815, 7041, 10766, 7842, 15335, 9438, 12600, 14058, 5814, 14497.13, 16.87, 14.13
11:28:58, 1021.20, 17.42, 6177, 4884, 7318, 9427, 8015, 12541, 8378, 12680, 12876, 5396, 14497.13, 16.87, 14.13
11:28:59, 1021.20, 17.43, 5059, 6233, 10879, 7338, 9665, 9985, 9378, 18639, 13066, 5530, 14497.13, 16.87, 14.16
11:28:59, 1021.10, 17.42, 4859, 5936, 10609, 7020, 8867, 9408, 8879, 17857, 12891, 5409, 14497.13, 16.87, 14.16
11:29:00, 1021.00, 17.41, 4684, 5851, 10338, 7109, 9711, 9024, 8893, 16149, 12702, 5403, 14497.13, 16.87, 14.16
11:29:00, 1021.10, 17.41, 4523, 5472, 9837, 6511, 9557, 8796, 8652, 15618, 12494, 5299, 14473.68, 16.90, 14.16
11:29:01, 1021.40, 17.42, 4539, 5622, 9796, 6731, 8569, 8660, 8312, 15412, 12460, 5266, 14497.13, 16.87, 14.16
11:29:01, 1021.00, 17.43, 4735, 5424, 10105, 6684, 8495, 9531, 8583, 17151, 12719, 5352, 14508.86, 16.85, 14.17
11:29:01, 1021.20, 17.43, 5483, 5588, 9685, 7569, 8728, 11330, 8665, 16932, 13023, 5496, 14508.86, 16.85, 14.17
11:29:02, 1021.20, 17.44, 6296, 5558, 8334, 9358, 8235, 14509, 9290, 13215, 13414, 5624, 14497.13, 16.87, 14.18
11:29:02, 1021.20, 17.44, 6920, 5390, 8167, 12436, 8219, 17819, 11054, 14897, 14751, 6061, 14485.40, 16.89, 14.18
11:29:03, 1020.80, 17.44, 6331, 5267, 7112, 10803, 8204, 13383, 12495, 13301, 19689, 6910, 14473.68, 16.90, 14.18
11:29:03, 1020.90, 17.44, 7696, 5442, 8184, 11379, 9085, 17154, 13331, 14193, 31864, 8737, 14497.13, 16.87, 14.19
11:29:03, 1020.90, 17.44, 5857, 4954, 7114, 10105, 8736, 13497, 12958, 12052, 36000, 10128, 14473.68, 16.90, 14.19
11:29:04, 1021.10, 17.45, 6738, 5135, 7548, 10991, 8578, 15150, 13849, 13009, 36000, 13480, 14473.68, 16.90, 14.19
11:29:04, 1021.10, 17.45, 5818, 4818, 6952, 9836, 8855, 14753, 13210, 12508, 36000, 11655, 14473.68, 16.90, 14.19
11:29:05, 1020.90, 17.45, 6949, 5128, 7554, 10914, 8917, 14491, 12896, 12718, 36000, 10877, 14485.40, 16.89, 14.19
11:29:05, 1020.80, 17.45, 6420, 5158, 7792, 11282, 9157, 15664, 13957, 13475, 36000, 10038, 14497.13, 16.87, 14.20
11:29:05, 1020.90, 17.45, 6757, 5144, 7532, 10970, 8918, 14404, 12838, 12796, 36000, 10676, 14461.98, 16.92, 14.20
11:29:06, 1020.90, 17.46, 6703, 5080, 7366, 10664, 8963, 14855, 13007, 13059, 36000, 11196, 14461.98, 16.92, 14.22
11:29:06, 1021.00, 17.46, 5947, 4880, 7084, 10184, 8581, 13619, 12559, 12205, 36000, 11090, 14461.98, 16.92, 14.22
11:29:07, 1021.00, 17.46, 5237, 4596, 6553, 9501, 8376, 12946, 12497, 12116, 36000, 11933, 14485.40, 16.89, 14.22
11:29:07, 1021.00, 17.45, 5893, 4863, 7047, 10105, 8754, 13853, 12680, 11969, 36000, 10265, 14461.98, 16.92, 14.23
11:29:08, 1021.00, 17.45, 6071, 5060, 7314, 10094, 8383, 15708, 11981, 13143, 27500, 7943, 14450.29, 16.94, 14.23
11:29:08, 1021.10, 17.45, 7187, 5487, 8079, 13021, 9134, 16583, 13666, 13763, 33004, 8916, 14438.61, 16.96, 14.22
11:29:08, 1020.90, 17.45, 7057, 5288, 8127, 12613, 9066, 15180, 13560, 13152, 36000, 10916, 14450.29, 16.94, 14.22
11:29:09, 1021.10, 17.45, 6776, 5458, 7612, 12970, 8977, 18718, 16059, 14492, 36000, 18662, 14450.29, 16.94, 14.22
11:29:09, 1021.10, 17.45, 5768, 5287, 6665, 12428, 8372, 15990, 14248, 12642, 36000, 18527, 14450.29, 16.94, 14.22
11:29:10, 1020.90, 17.44, 5352, 5057, 6450, 12131, 8583, 16151, 14598, 12865, 36000, 18756, 14415.27, 16.99, 14.22
11:29:10, 1021.30, 17.45, 6672, 6177, 7822, 17790, 10402, 20323, 21375, 15010, 36000, 21424, 14426.94, 16.97, 14.20
11:29:10, 1021.20, 17.44, 6722, 6016, 7811, 17291, 11136, 23881, 25827, 16738, 36000, 22225, 14426.94, 16.97, 14.20
11:29:11, 1021.10, 17.45, 8298, 7043, 8750, 20394, 10418, 22072, 21609, 16247, 36000, 22376, 14391.99, 17.03, 14.20
11:29:11, 1021.10, 17.44, 6832, 5940, 7769, 16481, 9998, 21511, 20776, 15845, 36000, 22155, 14403.62, 17.01, 14.20
11:29:12, 1021.00, 17.45, 6869, 5791, 7511, 14993, 8740, 18715, 15838, 13569, 36000, 19242, 14415.27, 16.99, 14.20
11:29:12, 1020.90, 17.45, 6462, 5625, 7412, 14617, 9091, 19969, 17294, 14683, 36000, 19316, 14403.62, 17.01, 14.17
11:29:12, 1021.00, 17.45, 6323, 5680, 7272, 14347, 8901, 18905, 16534, 13773, 36000, 20141, 14415.27, 16.99, 14.17
11:29:13, 1021.00, 17.45, 7213, 6009, 7851, 15857, 9734, 20412, 17623, 16104, 36000, 20819, 14368.75, 17.06, 14.17
11:29:13, 1020.90, 17.44, 6926, 6164, 8386, 14918, 9811, 20466, 16908, 16873, 36000, 22909, 14368.75, 17.06, 14.07
11:29:14, 1021.30, 17.46, 7998, 6693, 9381, 14558, 10663, 21458, 15692, 16925, 36000, 21633, 14391.99, 17.03, 14.07
11:29:14, 1020.80, 17.45, 7494, 6185, 8799, 12827, 10604, 17933, 15388, 16199, 36000, 15092, 14391.99, 17.03, 14.07
11:29:15, 1020.80, 17.45, 7657, 5779, 8494, 12174, 9752, 16459, 14251, 13919, 36000, 12460, 14368.75, 17.06, 14.07
11:29:15, 1021.00, 17.45, 7005, 5429, 8083, 12568, 9314, 16440, 14635, 14148, 36000, 10445, 14380.36, 17.04, 14.07
11:29:15, 1020.90, 17.45, 7195, 5324, 8042, 12140, 9201, 15620, 14004, 13761, 36000, 10108, 14368.75, 17.06, 14.07
11:29:16, 1021.10, 17.46, 6572, 5305, 7877, 11067, 9040, 14780, 12718, 13414, 33062, 8873, 14345.55, 17.09, 14.07
11:29:16, 1021.20, 17.46, 6207, 5128, 7560, 10197, 8276, 14875, 11475, 12969, 25702, 7530, 14380.36, 17.04, 14.09
11:29:17, 1021.40, 17.46, 6795, 5179, 7709, 10032, 7961, 13555, 11184, 12416, 20932, 6913, 14380.36, 17.04, 14.09
11:29:17, 1021.30, 17.45, 5761, 5016, 6716, 9711, 7196, 12359, 10182, 13102, 16638, 6268, 14357.14, 17.08, 14.09
11:29:17, 1021.10, 17.45, 5438, 4929, 6479, 10153, 7154, 14178, 9715, 13130, 15062, 6022, 14345.55, 17.09, 14.11
11:29:18, 1021.00, 17.46, 6259, 4866, 6933, 10526, 8067, 15223, 9245, 12272, 14589, 6085, 14357.14, 17.08, 14.11
11:29:18, 1021.20, 17.45, 6903, 5863, 8442, 11439, 9472, 15559, 9459, 15852, 14269, 6139, 14380.36, 17.04, 14.12
11:29:19, 1021.40, 17.45, 6162, 7853, 11266, 9417, 11528, 12291, 10325, 24825, 14070, 6138, 14368.75, 17.06, 14.12
11:29:19, 1021.40, 17.44, 4347, 6043, 9507, 7009, 4431, 4007, 4228, 5826, 8268, 2779, 14380.36, 17.04, 14.10
11:29:20, 1021.30, 17.43, 5161, 5812, 8790, 8050, 11150, 10727, 11093, 13681, 12449, 5267, 14368.75, 17.06, 14.10
11:29:20, 1021.20, 17.42, 6752, 4712, 9024, 7178, 9441, 10189, 14159, 13377, 11677, 4928, 14391.99, 17.03, 14.10
11:29:20, 1021.40, 17.41, 5642, 5084, 11396, 7873, 13254, 8068, 13587, 11720, 11481, 4858, 14368.75, 17.06, 14.09
11:29:21, 1021.90, 17.41, 4420, 5646, 10865, 7402, 17090, 7999, 18019, 14285, 11957, 4964, 14391.99, 17.03, 14.09
11:29:21, 1021.60, 17.39, 4548, 7566, 11499, 11903, 17298, 9855, 23467, 16828, 12816, 5165, 14380.36, 17.04, 14.05
11:29:22, 1021.60, 17.37, 4638, 9864, 11964, 15405, 17653, 16394, 23833, 25753, 14358, 5705, 14380.36, 17.04, 14.05
11:29:22, 1022.10, 17.35, 5511, 10197, 13741, 15659, 18319, 18505, 26477, 30692, 16117, 6254, 14380.36, 17.04, 14.05
11:29:22, 1021.80, 17.34, 6746, 11823, 14871, 17100, 17635, 21651, 24718, 36000, 22171, 7630, 14403.62, 17.01, 14.01
11:29:23, 1022.50, 17.33, 7495, 12677, 15719, 15462, 20407, 19229, 24194, 36000, 35373, 9279, 14403.62, 17.01, 14.01
11:29:23, 1021.60, 17.31, 6839, 13733, 18113, 17877, 20985, 20693, 22828, 36000, 36000, 16031, 14391.99, 17.03, 13.98
11:29:24, 1021.80, 17.30, 8057, 13928, 19261, 17884, 20673, 23601, 19889, 36000, 36000, 25762, 14403.62, 17.01, 13.98
11:29:24, 1021.70, 17.31, 8208, 12789, 21037, 16399, 23004, 26000, 18352, 36000, 36000, 35985, 14403.62, 17.01, 13.98
11:29:25, 1029.60, 17.31, 7714, 14093, 17431, 19980, 16857, 17802, 15754, 23874, 23219, 14354, 14415.27, 16.99, 13.95
11:29:25, 1041.30, 17.17, 6545, 10679, 13337, 13649, 19867, 19619, 23674, 25610, 36000, 15911, 14403.62, 17.01, 13.95
11:29:25, 1053.20, 16.99, 6180, 9854, 14350, 16101, 22144, 20717, 23126, 24569, 35406, 14287, 14403.62, 17.01, 13.16
11:29:26, 1065.00, 16.79, 7694, 13677, 18248, 21603, 26925, 24379, 28081, 29523, 36000, 16000, 14391.99, 17.03, 13.16
11:29:26, 1067.60, 16.61, 6649, 12012, 15962, 21620, 27614, 23017, 29483, 28374, 36000, 12909, 14403.62, 17.01, 13.16
11:29:27, 1067.60, 16.48, 8908, 16919, 22902, 29867, 22638, 16273, 24325, 24016, 36000, 8913, 14415.27, 16.99, 12.69
11:29:27, 1066.90, 16.36, 8022, 16340, 26541, 33493, 32193, 28651, 34231, 33697, 36000, 18638, 14426.94, 16.97, 12.69
11:29:27, 1067.20, 16.24, 8183, 15972, 22281, 28742, 20225, 16320, 25920, 22942, 36000, 6338, 14426.94, 16.97, 12.49
11:29:28, 1067.40, 16.14, 8186, 16662, 20468, 27525, 12774, 10243, 17233, 14937, 35191, 4219, 14403.62, 17.01, 12.49
11:29:28, 1067.60, 16.05, 6246, 13205, 16337, 21196, 14259, 11656, 18028, 16262, 36000, 5108, 14403.62, 17.01, 12.49
11:29:29, 1068.50, 15.97, 6343, 13133, 18832, 29194, 24755, 18116, 29134, 26217, 36000, 9581, 14415.27, 16.99, 12.43
11:29:29, 1068.40, 15.89, 3933, 7807, 10667, 15741, 17473, 13728, 22216, 19371, 36000, 4873, 14403.62, 17.01, 12.43
11:29:30, 1068.40, 15.82, 9369, 19088, 22672, 28017, 17458, 12789, 21419, 19278, 36000, 5619, 14426.94, 16.97, 12.41
11:29:30, 1068.10, 15.76, 6917, 14191, 17364, 21667, 16372, 11684, 19358, 18342, 36000, 5988, 14438.61, 16.96, 12.41
11:29:30, 1068.80, 15.70, 7674, 15564, 19861, 26963, 17329, 13253, 20092, 18322, 36000, 6209, 14415.27, 16.99, 12.41
11:29:31, 1068.80, 15.65, 5818, 10841, 14596, 19635, 15774, 12628, 18403, 17696, 35847, 4564, 14426.94, 16.97, 12.37
11:29:31, 1068.50, 15.60, 6092, 10587, 14346, 18522, 18337, 14981, 20411, 20064, 36000, 5252, 14415.27, 16.99, 12.37
11:29:32, 1067.60, 15.56, 4483, 7982, 10610, 12748, 25360, 21991, 27856, 28685, 36000, 8890, 14426.94, 16.97, 12.34
11:29:32, 1067.90, 15.49, 8366, 13901, 18130, 19096, 14346, 14164, 15819, 16293, 28604, 7729, 14450.29, 16.94, 12.34
11:29:32, 1067.80, 15.46, 5274, 8079, 11954, 13042, 18066, 16939, 17568, 20990, 35731, 7772, 14426.94, 16.97, 12.34
11:29:33, 1068.00, 15.44, 6099, 12366, 14049, 16406, 28890, 28382, 28690, 31404, 36000, 8872, 14438.61, 16.96, 12.31
11:29:33, 1067.90, 15.42, 3653, 6309, 8344, 9040, 11569, 11357, 14332, 15795, 29890, 3832, 14426.94, 16.97, 12.31
11:29:34, 1067.80, 15.41, 6012, 11801, 14479, 16876, 21151, 20792, 20677, 26180, 35973, 7069, 14450.29, 16.94, 12.32
11:29:34, 1068.10, 15.40, 2556, 4527, 5710, 6600, 25382, 25041, 25475, 29123, 36000, 9414, 14450.29, 16.94, 12.32
11:29:34, 1068.40, 15.40, 7473, 14924, 18732, 22277, 19460, 19129, 20146, 28402, 36000, 7036, 14438.61, 16.96, 12.32
11:29:35, 1068.20, 15.39, 6331, 12715, 15837, 18426, 17352, 17695, 16832, 26478, 36000, 5183, 14450.29, 16.94, 12.33
11:29:35, 1067.70, 15.37, 4301, 7992, 9810, 11162, 18627, 18906, 17478, 26477, 36000, 6391, 14461.98, 16.92, 12.33
11:29:36, 1068.10, 15.37, 8662, 16872, 19562, 22273, 12523, 12869, 11679, 20077, 35926, 3383, 14473.68, 16.90, 12.31
11:29:36, 1068.40, 15.35, 6358, 11861, 15809, 16520, 23452, 24603, 21046, 35203, 36000, 6361, 14450.29, 16.94, 12.31
11:29:37, 1068.40, 15.35, 4782, 9670, 10444, 13147, 14664, 14314, 14034, 22485, 36000, 4196, 14461.98, 16.92, 12.29
11:29:37, 1068.50, 15.34, 7302, 12508, 16825, 17143, 18629, 19002, 17974, 26300, 36000, 5663, 14450.29, 16.94, 12.29
11:29:37, 1068.40, 15.32, 4947, 8950, 12801, 14075, 12482, 12948, 12033, 20056, 33873, 3056, 14473.68, 16.90, 12.29
11:29:38, 1068.50, 15.32, 4011, 7972, 9124, 11183, 24071, 23529, 22964, 30536, 36000, 8551, 14461.98, 16.92, 12.27
11:29:38, 1068.70, 15.30, 4649, 9818, 12056, 16258, 13943, 13734, 13128, 18211, 33995, 3823, 14473.68, 16.90, 12.27
11:29:39, 1068.70, 15.30, 4978, 10143, 11269, 14400, 28981, 28559, 29041, 31863, 36000, 12187, 14473.68, 16.90, 12.27
11:29:39, 1068.80, 15.28, 4271, 8772, 10113, 12534, 14873, 14514, 15064, 23140, 36000, 4319, 14497.13, 16.87, 12.27
11:29:39, 1068.80, 15.27, 4068, 8343, 9733, 12282, 22307, 21645, 22754, 28220, 36000, 7187, 14473.68, 16.90, 12.27
11:29:40, 1068.90, 15.26, 7139, 16761, 17772, 24371, 22709, 23349, 25787, 30116, 36000, 7295, 14508.86, 16.85, 12.27
11:29:40, 1068.80, 15.24, 4984, 11061, 12307, 16656, 24343, 23176, 24163, 34296, 36000, 7477, 14485.40, 16.89, 12.27
11:29:41, 1068.70, 15.24, 5266, 10232, 11661, 13081, 23929, 23223, 28303, 31681, 36000, 9843, 14497.13, 16.87, 12.26
11:29:41, 1068.70, 15.21, 8554, 18152, 19804, 23142, 23605, 23347, 24414, 30110, 36000, 7857, 14485.40, 16.89, 12.26
11:29:42, 1068.70, 15.19, 8996, 19899, 20505, 25181, 25215, 24613, 28880, 30581, 36000, 9045, 14520.61, 16.84, 12.26
11:29:42, 1068.60, 15.17, 4018, 7861, 9239, 11088, 10484, 10026, 12076, 13563, 34270, 3246, 14532.37, 16.82, 12.24
11:29:42, 1068.70, 15.15, 5996, 11974, 14237, 16754, 20838, 20195, 20103, 22987, 36000, 6739, 14532.37, 16.82, 12.24
11:29:43, 1068.50, 15.14, 6131, 12418, 14251, 17377, 24933, 24623, 29807, 30586, 36000, 8664, 14520.61, 16.84, 12.25
11:29:43, 1068.20, 15.12, 4601, 8794, 10594, 12080, 24119, 22882, 25737, 29045, 36000, 9335, 14520.61, 16.84, 12.25
11:29:44, 1068.10, 15.11, 5663, 10790, 12588, 14052, 19664, 18132, 24655, 26556, 36000, 6417, 14520.61, 16.84, 12.25
11:29:44, 1068.50, 15.09, 3914, 6476, 8948, 9609, 12355, 11754, 13481, 15832, 31890, 4006, 14520.61, 16.84, 12.25
11:29:44, 1068.50, 15.08, 7661, 12686, 17742, 18782, 31449, 29184, 31908, 35304, 36000, 13412, 14544.15, 16.80, 12.25
11:29:45, 1068.90, 15.08, 4525, 8570, 10002, 11822, 22653, 21796, 24558, 26975, 36000, 9020, 14544.15, 16.80, 12.25
11:29:45, 1068.60, 15.07, 3821, 5742, 8088, 8558, 20707, 19392, 22834, 26502, 35675, 8583, 14555.93, 16.78, 12.25
11:29:46, 1068.60, 15.06, 8627, 16128, 23044, 25355, 20488, 19243, 19005, 24725, 36000, 7869, 14567.72, 16.77, 12.25
11:29:46, 1068.70, 15.04, 3345, 5905, 7192, 8014, 15560, 14523, 20881, 22277, 35027, 5447, 14567.72, 16.77, 12.23
11:29:47, 1068.70, 15.04, 6903, 10697, 15755, 17079, 12013, 11014, 11216, 14248, 35942, 4683, 14579.53, 16.75, 12.23
11:29:47, 1068.60, 15.02, 6830, 12710, 15352, 18174, 27636, 24902, 29384, 31073, 36000, 10287, 14579.53, 16.75, 12.24
11:29:47, 1069.10, 15.02, 6756, 11295, 16132, 17475, 17736, 16638, 22928, 23379, 36000, 5898, 14555.93, 16.78, 12.24
11:29:48, 1069.20, 15.02, 5896, 9047, 13751, 14960, 22227, 20525, 21719, 25539, 36000, 9880, 14579.53, 16.75, 12.24
11:29:48, 1068.90, 15.00, 9334, 18134, 21325, 24510, 17345, 15974, 20659, 21341, 36000, 5410, 14591.34, 16.73, 12.25
11:29:49, 1069.00, 14.99, 5760, 9359, 14219, 15912, 19170, 17606, 21773, 24311, 36000, 7904, 14591.34, 16.73, 12.25
11:29:49, 1069.00, 14.97, 6992, 13279, 15237, 17328, 28923, 27739, 30904, 30943, 35998, 13033, 14603.17, 16.72, 12.25
11:29:49, 1069.20, 14.96, 4024, 6346, 9178, 9600, 14294, 13161, 15564, 18457, 36000, 5072, 14579.53, 16.75, 12.25
11:29:50, 1069.00, 14.95, 4527, 8139, 10552, 13964, 25003, 22640, 26993, 28877, 36000, 9262, 14591.34, 16.73, 12.25
11:29:50, 1068.80, 14.94, 3548, 5682, 7909, 8838, 17783, 16176, 22296, 23758, 36000, 5809, 14615.01, 16.70, 12.24
11:29:51, 1069.20, 14.94, 8707, 14617, 20670, 22696, 20336, 17842, 18364, 23661, 36000, 8705, 14603.17, 16.72, 12.24
11:29:51, 1069.10, 14.93, 5175, 8858, 12339, 13277, 12571, 11962, 16766, 17716, 35999, 4094, 14615.01, 16.70, 12.24
11:29:51, 1069.10, 14.92, 7426, 12208, 17067, 17005, 12477, 11451, 12760, 14740, 35582, 4387, 14650.60, 16.65, 12.24
11:29:52, 1068.80, 14.91, 3811, 6539, 8478, 9592, 27356, 26857, 31098, 31907, 35880, 10086, 14662.49, 16.63, 12.23
11:29:52, 1069.10, 14.90, 7338, 11131, 16066, 15988, 21253, 19205, 20398, 25418, 36000, 8359, 14615.01, 16.70, 12.23
11:29:53, 1068.90, 14.90, 6425, 13707, 14873, 18268, 25216, 25213, 26804, 29284, 36000, 9418, 14638.73, 16.66, 12.23
11:29:53, 1068.50, 14.90, 7471, 14413, 17427, 19192, 34420, 33518, 32106, 34025, 36000, 14482, 14650.60, 16.65, 12.21
11:29:54, 1068.70, 14.88, 5110, 10300, 11251, 13808, 25030, 25074, 25111, 28044, 36000, 10959, 14638.73, 16.66, 12.21
11:29:54, 1068.60, 14.88, 4161, 8060, 9557, 10991, 13978, 13609, 14310, 17977, 34335, 5362, 14650.60, 16.65, 12.20
11:29:54, 1068.90, 14.88, 10059, 20571, 22782, 25196, 16645, 16652, 16088, 22083, 35308, 6276, 14662.49, 16.63, 12.20
11:29:55, 1068.80, 14.89, 9855, 16770, 22091, 22629, 16440, 15967, 16621, 24947, 36000, 5568, 14674.39, 16.61, 12.20
11:29:55, 1068.80, 14.88, 5835, 12091, 13698, 16916, 33265, 33531, 33259, 35832, 36000, 15149, 14686.29, 16.59, 12.23
11:29:56, 1068.80, 14.88, 3293, 6104, 7243, 8660, 16596, 17063, 17044, 23859, 35948, 6357, 14686.29, 16.59, 12.23
11:29:56, 1068.70, 14.88, 5005, 9839, 11963, 12777, 25061, 24223, 23450, 30964, 36000, 8632, 14698.21, 16.58, 12.23
11:29:56, 1069.00, 14.88, 7378, 12098, 17073, 17711, 11697, 12256, 11886, 17218, 36000, 4257, 14686.29, 16.59, 12.23
11:29:57, 1068.70, 14.86, 3816, 7950, 9500, 11946, 23094, 23812, 22365, 30440, 36000, 8169, 14710.14, 16.56, 12.23
11:29:57, 1069.10, 14.86, 3051, 5576, 6889, 8352, 10349, 10262, 10424, 17585, 32417, 3316, 14722.09, 16.54, 12.23
11:29:58, 1069.00, 14.86, 7339, 15302, 17864, 22318, 20937, 21136, 19519, 30495, 36000, 6695, 14722.09, 16.54, 12.23
11:29:58, 1069.00, 14.86, 5927, 13043, 14988, 18453, 18115, 17253, 16106, 27616, 36000, 5063, 14710.14, 16.56, 12.23
11:29:59, 1068.60, 14.85, 6360, 13548, 14975, 19784, 23614, 24141, 22378, 33528, 36000, 9483, 14710.14, 16.56, 12.23
11:29:59, 1068.40, 14.83, 4680, 9289, 10554, 12640, 19496, 19825, 16198, 25817, 36000, 4437, 14710.14, 16.56, 12.23
11:29:59, 1068.50, 14.82, 5681, 12098, 13809, 18434, 30191, 29859, 29919, 35640, 36000, 12647, 14722.09, 16.54, 12.22
11:30:00, 1068.30, 14.82, 6662, 12526, 14541, 16609, 20768, 19825, 19171, 29600, 36000, 6048, 14746.01, 16.51, 12.22
11:30:00, 1068.50, 14.81, 5647, 9913, 13745, 13615, 15281, 15193, 14107, 26268, 36000, 4774, 14757.99, 16.49, 12.23
11:30:01, 1068.20, 14.81, 6885, 13624, 16038, 19269, 16630, 17288, 16435, 27464, 36000, 6034, 14734.04, 16.53, 12.23
11:30:01, 1068.20, 14.81, 5302, 10790, 13036, 15389, 23561, 24715, 22055, 35125, 36000, 7762, 14757.99, 16.49, 12.23
11:30:01, 1068.00, 14.81, 3279, 5756, 7555, 8217, 13145, 12792, 13074, 18580, 31576, 4301, 14757.99, 16.49, 12.23
11:30:02, 1067.40, 14.81, 4843, 9143, 11613, 12854, 10618, 10600, 10730, 16309, 33997, 3592, 14781.98, 16.46, 12.23
11:30:02, 1067.60, 14.81, 4337, 8246, 9965, 11624, 18453, 18354, 18230, 27407, 36000, 6442, 14781.98, 16.46, 12.23
11:30:03, 1067.10, 14.81, 16153, 28062, 30229, 33203, 18824, 21502, 21700, 27031, 36000, 7316, 14769.98, 16.47, 12.23
11:30:03, 1067.50, 14.81, 6426, 14179, 14419, 17362, 16523, 17060, 19657, 22626, 36000, 5580, 14757.99, 16.49, 12.23
11:30:04, 1067.60, 14.80, 6271, 11169, 15007, 15421, 17351, 18076, 17360, 24873, 35861, 6384, 14769.98, 16.47, 12.23
11:30:04, 1067.10, 14.80, 5099, 10757, 11302, 14029, 25603, 24880, 26301, 31102, 36000, 9989, 14793.99, 16.44, 12.23
11:30:04, 1067.60, 14.80, 7652, 15945, 18363, 21466, 21777, 21856, 21037, 26987, 36000, 7783, 14818.05, 16.40, 12.23
11:30:05, 1067.30, 14.79, 4145, 8539, 9580, 11533, 17855, 18292, 20870, 23885, 36000, 5888, 14806.01, 16.42, 12.23
11:30:05, 1067.50, 14.78, 3839, 6510, 8400, 8859, 16223, 15357, 18133, 20877, 36000, 5591, 14806.01, 16.42, 12.23
11:30:06, 1067.00, 14.78, 7367, 13765, 17196, 17432, 17487, 16486, 18931, 23124, 36000, 5719, 14781.98, 16.46, 12.22
11:30:06, 1067.00, 14.76, 6705, 12294, 15167, 16794, 18720, 17228, 20601, 24163, 36000, 7108, 14818.05, 16.40, 12.22
11:30:06, 1067.30, 14.75, 5836, 10112, 12772, 13152, 14961, 14425, 16980, 19537, 35999, 5222, 14793.99, 16.44, 12.23
11:30:07, 1067.60, 14.74, 10443, 17574, 25686, 26547, 21184, 19148, 24448, 27919, 36000, 7285, 14830.10, 16.39, 12.23
11:30:07, 1067.30, 14.73, 7777, 12868, 17494, 17762, 21843, 19866, 20388, 25702, 36000, 9624, 14830.10, 16.39, 12.24
11:30:08, 1067.50, 14.72, 5075, 9497, 10460, 12109, 30018, 28973, 32853, 34737, 36000, 14390, 14830.10, 16.39, 12.24
11:30:08, 1067.70, 14.72, 5049, 8055, 11272, 11013, 15638, 14544, 18981, 21966, 36000, 5474, 14842.16, 16.37, 12.24
11:30:09, 1067.80, 14.71, 8501, 15847, 19662, 22187, 20713, 19134, 20402, 23710, 36000, 8778, 14842.16, 16.37, 12.25
11:30:09, 1067.40, 14.70, 7211, 12044, 18124, 20684, 34478, 34181, 34430, 34945, 36000, 24001, 14878.40, 16.32, 12.25
11:30:09, 1067.90, 14.70, 4347, 7627, 9951, 11328, 23925, 21830, 27376, 29788, 36000, 9080, 14854.23, 16.35, 12.25
11:30:10, 1067.70, 14.69, 4800, 7515, 10953, 11848, 28691, 26334, 28161, 28484, 36000, 9420, 14854.23, 16.35, 12.25
11:30:10, 1067.50, 14.68, 6349, 10601, 15483, 15918, 21729, 20202, 29147, 30407, 36000, 7119, 14866.31, 16.34, 12.25
11:30:11, 1067.30, 14.68, 6260, 9286, 13585, 14801, 16976, 15315, 18060, 21279, 36000, 6998, 14890.51, 16.30, 12.24
11:30:11, 1067.10, 14.66, 4713, 8999, 10692, 12776, 24954, 22994, 23895, 29356, 36000, 12604, 14878.40, 16.32, 12.24
11:30:11, 1067.80, 14.66, 4295, 7525, 10238, 11644, 15785, 14954, 20273, 21218, 36000, 5454, 14878.40, 16.32, 12.23
11:30:12, 1067.50, 14.66, 6571, 10679, 15233, 14293, 21823, 20820, 22656, 25138, 35785, 12193, 14878.40, 16.32, 12.23
11:30:12, 1067.60, 14.65, 5324, 8904, 12364, 12366, 19586, 18430, 23684, 26130, 36000, 6615, 14890.51, 16.30, 12.23
11:30:13, 1067.00, 14.65, 4798, 8022, 11090, 11402, 17090, 15498, 16342, 20254, 36000, 6505, 14902.63, 16.28, 12.23
11:30:13, 1066.60, 14.66, 5381, 9976, 12499, 14067, 16650, 15205, 21162, 23710, 36000, 5451, 14914.76, 16.27, 12.23
11:30:13, 1066.70, 14.66, 6980, 11516, 16318, 15836, 18657, 17701, 18845, 22981, 36000, 6478, 14902.63, 16.28, 12.25
11:30:14, 1066.90, 14.66, 5763, 12098, 13480, 15900, 24991, 23986, 25422, 28241, 36000, 9654, 14926.90, 16.25, 12.25
11:30:14, 1067.00, 14.66, 5981, 12862, 14047, 17622, 24804, 23842, 26420, 29727, 36000, 8444, 14902.63, 16.28, 12.25
11:30:15, 1066.70, 14.66, 5014, 9947, 11630, 12715, 20491, 19460, 21366, 25232, 36000, 6556, 14902.63, 16.28, 12.28
11:30:15, 1066.60, 14.67, 4784, 9801, 11162, 12698, 20418, 19520, 21097, 27761, 36000, 6903, 14926.90, 16.25, 12.28
11:30:16, 1066.20, 14.67, 4304, 8394, 9777, 11762, 19190, 19244, 18996, 24163, 36000, 7816, 14939.05, 16.23, 12.30
11:30:16, 1066.10, 14.67, 4488, 9487, 10505, 13644, 12393, 11914, 11968, 18959, 35933, 3829, 14914.76, 16.27, 12.30
11:30:16, 1065.80, 14.68, 4268, 7442, 10409, 10392, 12100, 11998, 11363, 20190, 36000, 3834, 14951.22, 16.22, 12.30
11:30:17, 1066.10, 14.67, 7724, 15864, 17943, 20939, 18267, 17392, 16486, 25669, 36000, 5784, 14951.22, 16.22, 12.29
11:30:17, 1066.20, 14.67, 7591, 14488, 18062, 19970, 30450, 30357, 28907, 35887, 36000, 11643, 14975.59, 16.18, 12.29
11:30:18, 1065.80, 14.66, 8881, 16406, 21325, 21694, 7097, 7101, 7124, 10595, 26583, 2130, 14939.05, 16.23, 12.29
11:30:18, 1065.50, 14.66, 7053, 13623, 16781, 18142, 17169, 17364, 15690, 29466, 36000, 5054, 14963.40, 16.20, 12.29
11:30:18, 1065.10, 14.66, 8367, 15149, 19308, 20015, 17499, 17306, 16375, 21563, 34745, 6370, 14951.22, 16.22, 12.29
11:30:19, 1065.30, 14.66, 5726, 10289, 14656, 13903, 20147, 21778, 18533, 29098, 36000, 5418, 15000.00, 16.15, 12.29
11:30:19, 1065.40, 14.67, 3630, 6558, 8476, 8977, 14355, 14967, 11995, 23081, 36000, 3382, 14963.40, 16.20, 12.29
11:30:20, 1065.40, 14.67, 4888, 9483, 10816, 12922, 27688, 28013, 27558, 34432, 36000, 7971, 14975.59, 16.18, 12.33
11:30:20, 1065.40, 14.68, 8743, 16646, 19037, 19917, 13306, 13909, 12302, 23960, 36000, 3401, 14963.40, 16.20, 12.33
11:30:21, 1065.50, 14.67, 7406, 13831, 20039, 19311, 19283, 19852, 17695, 28501, 36000, 4935, 15024.46, 16.11, 12.33
11:30:21, 1065.80, 14.67, 8604, 16205, 17861, 19775, 20353, 21311, 18088, 32616, 36000, 5770, 14963.40, 16.20, 12.34
11:30:21, 1066.10, 14.68, 6937, 12311, 16012, 16139, 18724, 19202, 17360, 25323, 36000, 4097, 15012.23, 16.13, 12.34
11:30:22, 1065.70, 14.68, 8199, 14530, 17738, 21295, 12838, 13320, 11625, 22167, 33199, 3149, 15000.00, 16.15, 12.34
11:30:22, 1065.70, 14.68, 6039, 10006, 13549, 16053, 15869, 20686, 16649, 26418, 36000, 3667, 15024.46, 16.11, 12.34
11:30:23, 1065.60, 14.68, 7794, 14385, 20256, 18900, 22947, 24021, 19089, 33558, 36000, 4329, 15000.00, 16.15, 12.34
11:30:23, 1069.00, 14.68, 6045, 10916, 13541, 16318, 25317, 25759, 23845, 34422, 36000, 4844, 15024.46, 16.11, 12.34
11:30:23, 1075.50, 14.66, 5829, 10426, 14430, 14338, 17849, 17766, 15259, 25827, 36000, 2778, 15036.71, 16.09, 12.34
11:30:24, 1083.20, 14.64, 5618, 10152, 13782, 14020, 14817, 14836, 13562, 20454, 34679, 2169, 15048.97, 16.08, 12.30
11:30:24, 1090.00, 14.62, 4058, 7307, 10536, 10473, 17356, 18237, 14129, 25924, 36000, 2356, 15024.46, 16.11, 12.30
11:30:25, 1097.00, 14.60, 4437, 7816, 10737, 12155, 9747, 9962, 8894, 13540, 27771, 1394, 15012.23, 16.13, 12.24
11:30:25, 1104.10, 14.59, 4627, 8328, 12549, 12693, 22085, 22107, 18812, 28148, 36000, 2356, 15048.97, 16.08, 12.24
11:30:26, 1111.00, 14.57, 3579, 6257, 9730, 10397, 10408, 10496, 9445, 13276, 24698, 1158, 15036.71, 16.09, 12.24
11:30:26, 1117.80, 14.56, 3298, 5770, 8838, 9311, 14895, 15562, 13903, 21700, 28685, 1535, 15036.71, 16.09, 12.20
11:30:26, 1124.40, 14.55, 3096, 5375, 8146, 9501, 9145, 9068, 8006, 11382, 21041, 967, 15048.97, 16.08, 12.20
11:30:27, 1131.60, 14.53, 4026, 7412, 11803, 12834, 15771, 15917, 14296, 19692, 30523, 1287, 15061.24, 16.06, 12.16
11:30:27, 1138.30, 14.52, 2374, 4194, 6732, 7668, 22597, 21561, 20304, 23804, 33019, 1694, 15073.53, 16.04, 12.16
11:30:28, 1145.50, 14.48, 2054, 3701, 5694, 6186, 18030, 16188, 15106, 19716, 30100, 1277, 15061.24, 16.06, 12.16
11:30:28, 1151.90, 14.47, 2560, 4849, 8156, 8771, 11731, 10787, 10636, 13376, 21266, 925, 15073.53, 16.04, 12.13
11:30:28, 1158.30, 14.47, 1477, 2500, 3959, 4453, 4531, 4288, 3871, 4150, 10559, 538, 15098.14, 16.01, 12.13
11:30:29, 1165.30, 14.46, 1335, 2324, 3656, 4106, 7559, 6828, 6519, 7705, 14564, 648, 15085.83, 16.03, 12.09
11:30:29, 1172.30, 14.45, 1091, 1874, 2932, 3404, 4112, 3816, 3410, 3541, 9482, 478, 15073.53, 16.04, 12.09
11:30:30, 1180.10, 14.44, 1062, 1845, 2900, 3359, 3419, 3154, 2804, 2742, 8128, 421, 15110.45, 15.99, 12.09
11:30:30, 1188.70, 14.42, 913, 1586, 2480, 2921, 3128, 2877, 2531, 2401, 7548, 390, 15110.45, 15.99, 12.04
11:30:31, 1196.90, 14.41, 815, 1411, 2204, 2641, 2738, 2494, 2197, 2005, 6600, 340, 15110.45, 15.99, 12.04
11:30:31, 1205.00, 14.40, 735, 1262, 1972, 2363, 2596, 2360, 2054, 1857, 6331, 330, 15122.79, 15.97, 12.02
11:30:31, 1213.10, 14.38, 691, 1199, 1877, 2279, 2318, 2082, 1814, 1570, 5662, 291, 15147.49, 15.94, 12.02
11:30:32, 1220.80, 14.37, 664, 1162, 1834, 2219, 2464, 2202, 1887, 1644, 5771, 298, 15122.79, 15.97, 12.02
11:30:32, 1228.40, 14.36, 611, 1066, 1683, 2064, 2175, 1936, 1650, 1395, 5180, 264, 15098.14, 16.01, 11.97
11:30:33, 1235.90, 14.36, 596, 1052, 1673, 2049, 2193, 1938, 1644, 1374, 5066, 259, 15122.79, 15.97, 11.97
11:30:33, 1243.70, 14.36, 567, 1002, 1601, 1975, 2079, 1837, 1537, 1266, 4774, 242, 15147.49, 15.94, 11.92
11:30:33, 1251.70, 14.36, 545, 974, 1564, 1933, 2074, 1818, 1511, 1234, 4643, 235, 15147.49, 15.94, 11.92
11:30:34, 1259.10, 14.36, 524, 938, 1514, 1885, 1960, 1712, 1410, 1127, 4375, 221, 15135.14, 15.96, 11.92
11:30:34, 1266.70, 14.36, 506, 915, 1485, 1855, 1958, 1704, 1389, 1101, 4263, 214, 15147.49, 15.94, 11.89
11:30:35, 1274.00, 14.34, 484, 878, 1431, 1796, 1901, 1646, 1332, 1044, 4081, 206, 15159.86, 15.92, 11.89
11:30:35, 1281.40, 14.32, 474, 868, 1422, 1800, 1890, 1630, 1310, 1009, 3987, 199, 15172.24, 15.90, 11.86
11:30:35, 1288.10, 14.31, 452, 832, 1368, 1739, 1819, 1561, 1248, 950, 3805, 191, 15147.49, 15.94, 11.86
11:30:36, 1295.40, 14.29, 446, 828, 1371, 1752, 1839, 1568, 1245, 933, 3751, 187, 15172.24, 15.90, 11.86
11:30:36, 1303.50, 14.28, 421, 785, 1304, 1678, 1763, 1495, 1179, 873, 3593, 179, 15172.24, 15.90, 11.84
11:30:37, 1311.30, 14.27, 415, 780, 1307, 1684, 1750, 1473, 1153, 840, 3488, 174, 15159.86, 15.92, 11.84
11:30:37, 1319.10, 14.25, 387, 730, 1225, 1588, 1673, 1401, 1086, 783, 3340, 166, 15197.05, 15.87, 11.84
11:30:38, 1327.20, 14.24, 378, 720, 1216, 1583, 1619, 1348, 1040, 732, 3196, 159, 15197.05, 15.87, 11.84
11:30:38, 1335.00, 14.23, 354, 677, 1149, 1497, 1571, 1294, 989, 690, 3068, 152, 15184.64, 15.89, 11.81
11:30:38, 1343.10, 14.22, 343, 659, 1125, 1478, 1535, 1260, 954, 658, 2972, 147, 15197.05, 15.87, 11.81
11:30:39, 1350.70, 14.20, 326, 632, 1085, 1425, 1492, 1213, 916, 620, 2872, 142, 15197.05, 15.87, 11.81
11:30:39, 1358.50, 14.18, 318, 619, 1069, 1417, 1461, 1182, 885, 589, 2797, 138, 15197.05, 15.87, 11.77
11:30:40, 1366.60, 14.16, 303, 595, 1033, 1367, 1430, 1145, 854, 561, 2720, 134, 15197.05, 15.87, 11.77
11:30:40, 1374.20, 14.14, 293, 578, 1008, 1349, 1391, 1106, 819, 528, 2651, 130, 15246.79, 15.80, 11.73
11:30:40, 1381.70, 14.13, 279, 555, 975, 1297, 1363, 1078, 789, 508, 2564, 126, 15209.46, 15.85, 11.73
11:30:41, 1389.50, 14.11, 270, 539, 951, 1282, 1324, 1036, 759, 475, 2497, 122, 15234.33, 15.82, 11.73
11:30:41, 1397.00, 14.10, 259, 521, 924, 1241, 1297, 1010, 730, 458, 2425, 119, 15234.33, 15.82, 11.70
11:30:42, 1404.00, 14.08, 250, 505, 900, 1217, 1268, 980, 709, 434, 2369, 116, 15209.46, 15.85, 11.70
11:30:42, 1411.00, 14.05, 242, 492, 882, 1194, 1244, 956, 682, 418, 2309, 113, 15234.33, 15.82, 11.64
11:30:43, 1418.20, 14.03, 234, 478, 861, 1171, 1222, 931, 663, 398, 2272, 111, 15234.33, 15.82, 11.64
11:30:43, 1425.90, 14.00, 229, 468, 850, 1156, 1206, 913, 643, 385, 2226, 109, 15246.79, 15.80, 11.64
11:30:43, 1433.30, 13.97, 221, 454, 829, 1134, 1190, 895, 628, 369, 2188, 107, 15246.79, 15.80, 11.49
11:30:44, 1440.70, 13.93, 216, 446, 820, 1124, 1177, 880, 610, 357, 2151, 106, 15246.79, 15.80, 11.49
11:30:44, 1448.20, 13.90, 208, 432, 798, 1097, 1148, 852, 588, 339, 2096, 103, 15259.26, 15.78, 11.36
11:30:45, 1456.20, 13.88, 202, 420, 780, 1075, 1130, 834, 570, 327, 2050, 101, 15271.74, 15.77, 11.36
11:30:45, 1463.90, 13.86, 195, 408, 763, 1056, 1106, 811, 552, 311, 2001, 98, 15271.74, 15.77, 11.36
11:30:45, 1471.70, 13.84, 189, 398, 747, 1036, 1089, 794, 534, 300, 1961, 96, 15296.73, 15.73, 11.29
11:30:46, 1479.30, 13.82, 182, 385, 729, 1014, 1067, 773, 518, 287, 1911, 94, 15259.26, 15.78, 11.29
11:30:46, 1487.10, 13.81, 177, 376, 715, 1000, 1055, 760, 504, 277, 1882, 93, 15309.25, 15.71, 11.26
11:30:47, 1495.30, 13.79, 173, 368, 706, 989, 1044, 748, 492, 268, 1853, 91, 15271.74, 15.77, 11.26
11:30:47, 1502.90, 13.78, 167, 358, 689, 969, 1027, 731, 477, 257, 1816, 90, 15284.23, 15.75, 11.26
11:30:48, 1510.40, 13.77, 163, 350, 680, 959, 1019, 721, 468, 250, 1790, 88, 15284.23, 15.75, 11.22
11:30:48, 1517.70, 13.75, 159, 342, 669, 948, 1006, 708, 456, 241, 1762, 87, 15309.25, 15.71, 11.22
11:30:48, 1524.60, 13.74, 154, 334, 657, 932, 989, 693, 442, 233, 1730, 86, 15309.25, 15.71, 11.20
11:30:49, 1532.00, 13.73, 150, 325, 642, 916, 975, 679, 432, 224, 1697, 84, 15309.25, 15.71, 11.20
11:30:49, 1539.70, 13.72, 146, 318, 632, 903, 962, 667, 419, 217, 1666, 83, 15334.32, 15.68, 11.20
11:30:50, 1547.40, 13.71, 141, 309, 618, 886, 944, 650, 407, 208, 1635, 81, 15334.32, 15.68, 11.17
11:30:50, 1554.80, 13.69, 137, 301, 605, 870, 929, 637, 395, 201, 1598, 79, 15321.78, 15.70, 11.17
11:30:50, 1562.30, 13.68, 133, 292, 593, 855, 916, 624, 385, 194, 1568, 78, 15321.78, 15.70, 11.16
11:30:51, 1569.70, 13.66, 129, 286, 583, 844, 903, 613, 374, 187, 1547, 77, 15346.88, 15.66, 11.16
11:30:51, 1578.00, 13.65, 126, 279, 572, 829, 892, 601, 365, 181, 1522, 76, 15334.32, 15.68, 11.16
11:30:52, 1586.30, 13.61, 123, 272, 563, 820, 884, 593, 356, 176, 1496, 75, 15346.88, 15.66, 11.14
11:30:52, 1594.40, 13.60, 119, 266, 555, 810, 873, 582, 347, 169, 1475, 74, 15321.78, 15.70, 11.14
11:30:52, 1602.20, 13.59, 116, 260, 545, 798, 860, 571, 338, 164, 1446, 73, 15334.32, 15.68, 11.13
11:30:53, 1609.80, 13.58, 113, 254, 535, 787, 854, 564, 331, 159, 1427, 72, 15346.88, 15.66, 11.13
11:30:53, 1617.40, 13.57, 111, 248, 528, 779, 846, 555, 324, 155, 1407, 71, 15359.44, 15.65, 11.13
11:30:54, 1625.10, 13.56, 108, 243, 519, 768, 836, 546, 316, 150, 1389, 70, 15346.88, 15.66, 11.12
11:30:54, 1632.20, 13.55, 105, 238, 512, 758, 826, 537, 309, 146, 1366, 69, 15346.88, 15.66, 11.12
11:30:55, 1639.40, 13.54, 103, 233, 506, 751, 822, 532, 304, 142, 1351, 69, 15384.62, 15.61, 11.11
11:30:55, 1646.70, 13.53, 101, 229, 498, 743, 811, 523, 296, 138, 1331, 67, 15359.44, 15.65, 11.11
11:30:55, 1654.10, 13.52, 99, 224, 491, 733, 803, 515, 290, 134, 1311, 67, 15397.22, 15.59, 11.09
11:30:56, 1661.40, 13.51, 96, 219, 484, 725, 796, 509, 284, 131, 1294, 66, 15384.62, 15.61, 11.09
11:30:56, 1668.40, 13.51, 95, 216, 479, 719, 790, 502, 279, 127, 1279, 65, 15409.84, 15.58, 11.09
11:30:57, 1675.70, 13.51, 93, 211, 471, 709, 784, 496, 273, 125, 1264, 65, 15397.22, 15.59, 11.08
11:30:57, 1682.90, 13.49, 91, 207, 466, 704, 777, 490, 268, 121, 1247, 64, 15397.22, 15.59, 11.08
11:30:57, 1690.80, 13.49, 89, 203, 460, 696, 771, 484, 263, 118, 1232, 63, 15409.84, 15.58, 11.06
11:30:58, 1698.60, 13.48, 87, 199, 454, 688, 765, 478, 258, 115, 1215, 63, 15435.11, 15.54, 11.06
11:30:58, 1706.60, 13.47, 85, 195, 449, 682, 759, 472, 252, 113, 1201, 62, 15422.46, 15.56, 11.06
11:30:59, 1714.50, 13.46, 84, 192, 444, 676, 755, 467, 248, 110, 1185, 61, 15447.76, 15.52, 11.05
11:30:59, 1722.20, 13.46, 82, 188, 437, 669, 748, 461, 242, 107, 1170, 61, 15447.76, 15.52, 11.05
11:31:00, 1729.80, 13.45, 81, 184, 432, 662, 743, 456, 238, 105, 1156, 60, 15447.76, 15.52, 11.05
11:31:00, 1737.40, 13.44, 80, 182, 430, 660, 742, 454, 235, 103, 1145, 60, 15422.46, 15.56, 11.05
11:31:00, 1745.10, 13.44, 78, 178, 422, 651, 732, 446, 229, 100, 1129, 59, 15447.76, 15.52, 11.05
11:31:01, 1752.40, 13.44, 77, 175, 419, 646, 732, 443, 226, 98, 1118, 59, 15460.43, 15.51, 11.05
11:31:01, 1760.00, 13.44, 75, 172, 414, 641, 728, 441, 222, 97, 1105, 58, 15485.80, 15.47, 11.05
11:31:02, 1767.40, 13.43, 74, 169, 410, 635, 720, 434, 217, 94, 1089, 57, 15447.76, 15.52, 11.05
11:31:02, 1775.10, 13.43, 73, 165, 404, 628, 715, 429, 213, 92, 1073, 57, 15447.76, 15.52, 11.05
11:31:02, 1782.50, 13.43, 71, 162, 399, 621, 710, 425, 209, 90, 1059, 56, 15460.43, 15.51, 11.05
11:31:03, 1789.80, 13.42, 70, 159, 394, 615, 703, 421, 204, 88, 1045, 56, 15473.11, 15.49, 11.05
11:31:03, 1797.10, 13.42, 69, 156, 390, 608, 697, 415, 200, 86, 1031, 55, 15473.11, 15.49, 11.05
11:31:04, 1804.70, 13.41, 68, 153, 383, 600, 689, 410, 196, 84, 1016, 54, 15460.43, 15.51, 11.04
11:31:04, 1812.40, 13.41, 67, 151, 381, 597, 685, 407, 192, 83, 1003, 54, 15511.22, 15.44, 11.04
11:31:05, 1820.50, 13.41, 65, 147, 373, 587, 677, 401, 187, 80, 988, 53, 15498.50, 15.46, 11.04
11:31:05, 1828.50, 13.40, 64, 144, 369, 582, 671, 397, 182, 79, 974, 52, 15498.50, 15.46, 11.05
11:31:05, 1836.30, 13.40, 64, 142, 366, 578, 668, 396, 180, 78, 961, 52, 15460.43, 15.51, 11.05
11:31:06, 1843.90, 13.39, 63, 139, 361, 572, 661, 391, 175, 76, 949, 51, 15536.70, 15.40, 11.05
11:31:06, 1851.70, 13.39, 62, 137, 358, 570, 663, 394, 174, 75, 943, 51, 15511.22, 15.44, 11.05
11:31:07, 1859.30, 13.39, 62, 136, 359, 571, 665, 394, 172, 75, 937, 51, 15511.22, 15.44, 11.05
11:31:07, 1866.80, 13.38, 61, 134, 355, 570, 664, 396, 170, 74, 932, 51, 15536.70, 15.40, 11.04
11:31:07, 1874.50, 13.39, 61, 133, 356, 572, 667, 397, 168, 74, 927, 51, 15511.22, 15.44, 11.04
11:31:08, 1882.10, 13.38, 61, 132, 354, 573, 670, 403, 167, 73, 924, 51, 15536.70, 15.40, 11.03
11:31:08, 1889.30, 13.38, 61, 131, 354, 574, 667, 401, 164, 73, 918, 50, 15549.45, 15.39, 11.03
11:31:09, 1896.40, 13.38, 60, 129, 351, 572, 667, 404, 162, 72, 912, 50, 15523.95, 15.42, 11.03
11:31:09, 1903.60, 13.37, 60, 127, 349, 571, 666, 405, 160, 72, 907, 50, 15536.70, 15.40, 11.03
11:31:01, 1910.70, 13.37, 60, 127, 348, 574, 666, 407, 158, 71, 902, 50, 15562.22, 15.37, 11.03
11:31:10, 1918.30, 13.37, 59, 125, 344, 570, 664, 410, 156, 70, 896, 50, 15575.00, 15.35, 11.02
11:31:10, 1926.20, 13.36, 58, 123, 342, 570, 660, 408, 153, 69, 887, 49, 15562.22, 15.37, 11.02
11:31:11, 1934.00, 13.36, 58, 122, 340, 570, 658, 412, 151, 69, 876, 49, 15562.22, 15.37, 11.02
11:31:11, 1942.30, 13.35, 57, 119, 334, 562, 647, 404, 146, 67, 860, 48, 15575.00, 15.35, 11.02
11:31:12, 1950.70, 13.35, 56, 117, 329, 558, 641, 402, 143, 66, 847, 47, 15587.80, 15.33, 11.02
11:31:12, 1958.80, 13.34, 55, 114, 324, 552, 633, 399, 139, 65, 835, 47, 15587.80, 15.33, 11.02
11:31:12, 1966.80, 13.34, 54, 112, 320, 548, 626, 395, 136, 63, 826, 46, 15587.80, 15.33, 11.02
11:31:13, 1975.00, 13.33, 53, 110, 314, 542, 619, 392, 132, 62, 816, 46, 15613.42, 15.30, 11.00
11:31:13, 1983.40, 13.33, 52, 108, 312, 539, 616, 388, 130, 61, 811, 46, 15613.42, 15.30, 11.00
11:31:14, 1990.70, 13.32, 52, 107, 310, 541, 616, 389, 129, 60, 807, 45, 15613.42, 15.30, 11.00
11:31:14, 1998.30, 13.32, 51, 106, 308, 538, 617, 390, 128, 60, 807, 45, 15613.42, 15.30, 10.99
11:31:14, 2005.80, 13.31, 51, 105, 308, 542, 620, 392, 127, 60, 806, 46, 15613.42, 15.30, 10.99
11:31:15, 2012.90, 13.31, 51, 104, 308, 544, 623, 395, 126, 60, 808, 46, 15626.25, 15.28, 10.99
11:31:15, 2020.80, 13.30, 50, 103, 305, 541, 617, 389, 124, 58, 803, 46, 15651.96, 15.25, 10.99
11:31:16, 2028.10, 13.29, 50, 102, 306, 545, 622, 394, 124, 58, 806, 46, 15651.96, 15.25, 10.99
11:31:16, 2036.00, 13.29, 49, 100, 302, 541, 614, 387, 121, 57, 798, 45, 15626.25, 15.28, 10.98
11:31:17, 2043.70, 13.28, 49, 99, 299, 536, 612, 385, 119, 56, 795, 45, 15651.96, 15.25, 10.98
11:31:17, 2051.70, 13.27, 48, 97, 294, 532, 604, 379, 117, 54, 787, 45, 15639.10, 15.26, 10.98
11:31:17, 2059.80, 13.27, 47, 95, 291, 527, 601, 376, 115, 53, 784, 45, 15651.96, 15.25, 10.98
11:31:18, 2067.80, 13.26, 46, 93, 288, 523, 593, 371, 112, 52, 779, 44, 15639.10, 15.26, 10.98
11:31:18, 2075.90, 13.25, 45, 92, 284, 517, 590, 367, 111, 51, 777, 44, 15664.83, 15.23, 10.98
11:31:19, 2084.30, 13.24, 45, 90, 281, 515, 585, 363, 109, 50, 771, 44, 15690.61, 15.20, 10.98
11:31:19, 2092.20, 13.23, 44, 88, 277, 509, 581, 360, 107, 49, 773, 44, 15690.61, 15.20, 10.98
11:31:19, 2099.90, 13.21, 43, 87, 274, 504, 573, 353, 104, 48, 764, 43, 15690.61, 15.20, 10.98
11:31:20, 2107.70, 13.20, 43, 85, 272, 502, 573, 353, 104, 47, 770, 44, 15703.52, 15.18, 10.98
11:31:20, 2115.30, 13.20, 42, 84, 268, 498, 569, 349, 102, 46, 767, 43, 15703.52, 15.18, 10.97
11:31:21, 2122.50, 13.19, 42, 83, 267, 497, 567, 347, 101, 46, 773, 44, 15690.61, 15.20, 10.97
11:31:21, 2129.80, 13.18, 41, 82, 264, 493, 565, 345, 100, 45, 775, 44, 15690.61, 15.20, 10.96
11:31:22, 2137.10, 13.17, 41, 81, 263, 493, 562, 342, 98, 44, 778, 44, 15729.38, 15.14, 10.96
11:31:22, 2144.50, 13.16, 40, 80, 260, 490, 562, 342, 97, 44, 784, 44, 15703.52, 15.18, 10.96
11:31:22, 2152.00, 13.16, 40, 79, 258, 488, 559, 339, 96, 43, 786, 44, 15703.52, 15.18, 10.95
11:31:23, 2159.10, 13.15, 39, 78, 257, 487, 555, 337, 95, 43, 786, 44, 15703.52, 15.18, 10.95
11:31:23, 2166.60, 13.14, 39, 77, 255, 487, 557, 338, 95, 42, 796, 44, 15716.44, 15.16, 10.95
11:31:24, 2174.30, 13.13, 39, 76, 253, 484, 552, 334, 93, 42, 793, 44, 15755.29, 15.11, 10.95
11:31:24, 2181.90, 13.12, 39, 75, 252, 486, 556, 337, 93, 41, 806, 44, 15768.26, 15.09, 10.95
11:31:24, 2190.30, 13.12, 38, 74, 251, 487, 556, 337, 93, 41, 813, 45, 15729.38, 15.14, 10.95
11:31:25, 2197.80, 13.11, 38, 74, 253, 493, 562, 341, 93, 41, 829, 45, 15768.26, 15.09, 10.95
11:31:25, 2205.50, 13.11, 38, 74, 252, 494, 564, 341, 93, 41, 839, 46, 15781.25, 15.07, 10.95
11:31:26, 2213.30, 13.10, 38, 74, 254, 503, 572, 347, 94, 41, 862, 46, 15768.26, 15.09, 10.95
11:31:26, 2221.70, 13.09, 38, 73, 254, 506, 575, 349, 94, 41, 879, 47, 15768.26, 15.09, 10.95
11:31:27, 2229.00, 13.09, 38, 73, 253, 508, 575, 348, 94, 40, 886, 47, 15768.26, 15.09, 10.95
11:31:27, 2236.70, 13.08, 38, 72, 253, 512, 580, 351, 94, 40, 906, 48, 15768.26, 15.09, 10.95
11:31:27, 2244.10, 13.08, 38, 72, 252, 514, 580, 351, 94, 40, 915, 48, 15794.25, 15.06, 10.95
11:31:28, 2251.30, 13.07, 38, 71, 251, 516, 581, 351, 94, 40, 928, 48, 15794.25, 15.06, 10.95
11:31:28, 2258.30, 13.07, 38, 71, 252, 521, 587, 355, 95, 40, 949, 49, 15781.25, 15.07, 10.95
11:31:29, 2265.80, 13.07, 37, 71, 252, 526, 589, 356, 96, 40, 964, 49, 15794.25, 15.06, 10.95
11:31:29, 2272.90, 13.07, 37, 71, 252, 530, 595, 359, 97, 39, 987, 50, 15768.26, 15.09, 10.95
11:31:29, 2280.20, 13.07, 37, 71, 252, 534, 599, 360, 98, 39, 1005, 50, 15807.26, 15.04, 10.95
11:31:30, 2287.10, 13.07, 37, 70, 252, 541, 603, 362, 98, 39, 1026, 51, 15807.26, 15.04, 10.95
11:31:30, 2294.70, 13.07, 37, 70, 252, 544, 610, 364, 100, 39, 1054, 52, 15833.33, 15.01, 10.95
11:31:31, 2302.40, 13.07, 36, 70, 251, 546, 610, 362, 99, 39, 1059, 52, 15807.26, 15.04, 10.95
11:31:31, 2310.60, 13.06, 36, 70, 251, 552, 620, 366, 102, 39, 1095, 53, 15820.29, 15.02, 10.95
11:31:31, 2318.70, 13.06, 36, 69, 250, 555, 619, 363, 100, 38, 1096, 53, 15846.39, 14.99, 10.95
11:31:32, 2326.60, 13.07, 35, 69, 248, 552, 623, 361, 101, 38, 1112, 54, 15833.33, 15.01, 10.95
11:31:32, 2334.50, 13.07, 35, 69, 249, 560, 631, 364, 102, 38, 1138, 55, 15846.39, 14.99, 10.95
11:31:33, 2341.70, 13.06, 35, 68, 248, 559, 635, 361, 102, 38, 1149, 56, 15833.33, 15.01, 10.95
11:31:33, 2349.40, 13.05, 35, 68, 247, 562, 639, 360, 102, 38, 1155, 57, 15859.46, 14.97, 10.95
11:31:34, 2356.80, 13.04, 34, 68, 247, 563, 643, 358, 102, 37, 1170, 57, 15846.39, 14.99, 10.94
11:31:34, 2364.20, 13.03, 34, 68, 248, 569, 653, 358, 103, 37, 1184, 59, 15872.53, 14.95, 10.94
11:31:34, 2371.10, 13.03, 34, 67, 246, 567, 653, 355, 102, 37, 1188, 59, 15846.39, 14.99, 10.94
11:31:35, 2378.20, 13.03, 33, 67, 247, 566, 664, 355, 103, 37, 1203, 61, 15833.33, 15.01, 10.94
11:31:35, 2385.30, 13.03, 33, 67, 247, 573, 669, 354, 103, 37, 1210, 61, 15885.63, 14.94, 10.94
11:31:36, 2392.50, 13.03, 33, 67, 246, 570, 669, 349, 101, 36, 1207, 62, 15885.63, 14.94, 10.93
11:31:36, 2399.90, 13.03, 32, 66, 246, 567, 676, 348, 101, 36, 1211, 63, 15885.63, 14.94, 10.93
11:31:36, 2406.70, 13.04, 32, 66, 247, 570, 682, 346, 101, 36, 1218, 64, 15872.53, 14.95, 10.95
11:31:37, 2414.50, 13.03, 32, 66, 245, 566, 676, 339, 98, 36, 1198, 64, 15911.86, 14.90, 10.95
11:31:37, 2422.00, 13.03, 32, 66, 246, 565, 686, 339, 99, 36, 1213, 66, 15898.73, 14.92, 10.95
11:31:38, 2429.60, 13.02, 31, 66, 248, 568, 690, 336, 98, 36, 1215, 67, 15898.73, 14.92, 10.94
11:31:38, 2437.30, 13.02, 31, 65, 247, 564, 695, 333, 98, 35, 1217, 68, 15885.63, 14.94, 10.94
11:31:39, 2444.90, 13.02, 31, 65, 247, 561, 693, 329, 96, 35, 1205, 68, 15924.99, 14.88, 10.95
11:31:39, 2452.70, 13.01, 31, 65, 248, 561, 704, 329, 96, 35, 1210, 69, 15938.13, 14.87, 10.95
11:31:39, 2459.70, 13.00, 30, 65, 249, 561, 706, 326, 94, 35, 1210, 70, 15911.86, 14.90, 10.95
11:31:40, 2467.60, 12.99, 30, 64, 249, 558, 712, 324, 94, 35, 1212, 71, 15924.99, 14.88, 10.93
11:31:40, 2474.60, 12.99, 30, 64, 251, 558, 716, 322, 93, 35, 1213, 72, 15951.29, 14.85, 10.93
11:31:41, 2482.10, 12.98, 30, 64, 251, 555, 715, 319, 91, 35, 1205, 73, 15911.86, 14.90, 10.94
11:31:41, 2489.00, 12.97, 30, 63, 251, 551, 712, 314, 89, 35, 1190, 72, 15898.73, 14.92, 10.94
11:31:41, 2496.00, 12.98, 29, 63, 251, 547, 711, 311, 87, 35, 1187, 73, 15938.13, 14.87, 10.94
11:31:42, 2503.10, 12.98, 29, 63, 252, 545, 717, 310, 87, 35, 1194, 74, 15938.13, 14.87, 10.94
11:31:42, 2510.10, 12.98, 29, 63, 254, 545, 717, 308, 85, 34, 1196, 74, 15951.29, 14.85, 10.94
11:31:43, 2517.00, 12.98, 29, 62, 253, 539, 715, 304, 83, 34, 1191, 75, 15938.13, 14.87, 10.94
11:31:43, 2524.30, 12.98, 29, 62, 254, 536, 715, 302, 82, 34, 1195, 75, 15977.66, 14.81, 10.94
11:31:44, 2531.80, 12.99, 29, 62, 255, 535, 720, 301, 81, 34, 1206, 77, 15977.66, 14.81, 10.94
11:31:44, 2539.10, 12.98, 29, 62, 257, 535, 719, 299, 80, 34, 1205, 77, 15951.29, 14.85, 10.93
11:31:44, 2546.50, 12.98, 29, 61, 255, 527, 715, 297, 78, 34, 1204, 76, 15964.47, 14.83, 10.93
11:31:45, 2553.90, 12.97, 29, 61, 257, 527, 716, 296, 77, 34, 1211, 77, 15964.47, 14.83, 10.93
11:31:45, 2561.00, 12.96, 29, 60, 256, 522, 712, 294, 75, 33, 1212, 77, 15964.47, 14.83, 10.93
11:31:46, 2568.60, 12.95, 29, 60, 256, 519, 710, 292, 73, 33, 1216, 77, 15977.66, 14.81, 10.92
11:31:46, 2576.00, 12.94, 29, 59, 253, 510, 699, 288, 71, 33, 1205, 76, 16004.07, 14.78, 10.92
11:31:46, 2583.60, 12.95, 29, 59, 254, 509, 698, 288, 70, 33, 1214, 76, 16017.29, 14.76, 10.92
11:31:47, 2590.50, 12.94, 29, 58, 252, 504, 690, 286, 68, 33, 1204, 75, 16004.07, 14.78, 10.92
11:31:47, 2597.20, 12.94, 29, 58, 252, 501, 686, 285, 67, 32, 1210, 75, 15990.86, 14.80, 10.92
11:31:48, 2604.30, 12.94, 29, 57, 251, 498, 680, 284, 65, 32, 1209, 74, 16030.53, 14.75, 10.93
11:31:48, 2611.10, 12.93, 29, 57, 250, 495, 676, 284, 64, 32, 1213, 73, 16004.07, 14.78, 10.93
11:31:49, 2617.60, 12.93, 29, 57, 251, 495, 674, 286, 63, 32, 1222, 73, 16030.53, 14.75, 10.93
11:31:49, 2624.20, 12.91, 29, 56, 250, 493, 669, 286, 62, 32, 1227, 73, 16043.79, 14.73, 10.91
11:31:49, 2630.70, 12.91, 29, 56, 249, 490, 660, 284, 61, 32, 1219, 72, 16030.53, 14.75, 10.91
11:31:50, 2637.10, 12.91, 29, 55, 247, 486, 653, 283, 59, 31, 1213, 71, 16030.53, 14.75, 10.91
11:31:50, 2643.60, 12.91, 29, 55, 245, 482, 645, 282, 58, 31, 1205, 70, 16030.53, 14.75, 10.91
11:31:51, 2650.10, 12.90, 29, 54, 243, 480, 639, 282, 57, 31, 1200, 69, 16030.53, 14.75, 10.91
11:31:51, 2656.70, 12.89, 29, 53, 240, 476, 632, 280, 56, 31, 1191, 68, 16057.06, 14.71, 10.91
11:31:51, 2663.50, 12.89, 29, 53, 239, 475, 626, 280, 55, 30, 1182, 67, 16043.79, 14.73, 10.91
11:31:52, 2670.50, 12.89, 29, 52, 236, 471, 620, 278, 54, 30, 1172, 66, 16030.53, 14.75, 10.90
11:31:52, 2677.30, 12.88, 29, 51, 233, 469, 613, 276, 53, 30, 1157, 65, 16017.29, 14.76, 10.90
11:31:53, 2684.20, 12.87, 29, 51, 230, 466, 607, 276, 52, 29, 1145, 64, 16057.06, 14.71, 10.90
11:31:53, 2691.00, 12.84, 28, 50, 228, 463, 602, 274, 51, 29, 1132, 64, 16070.33, 14.69, 10.89
11:31:53, 2697.20, 12.82, 28, 50, 225, 460, 596, 272, 51, 29, 1114, 62, 16070.33, 14.69, 10.89
11:31:54, 2703.40, 12.81, 28, 49, 223, 459, 592, 271, 50, 29, 1102, 62, 16057.06, 14.71, 10.89
11:31:54, 2709.70, 12.81, 28, 48, 220, 455, 584, 268, 49, 28, 1079, 60, 16070.33, 14.69, 10.89
11:31:55, 2716.40, 12.80, 27, 48, 217, 454, 582, 267, 49, 28, 1068, 60, 16096.94, 14.66, 10.89
11:31:55, 2723.60, 12.80, 27, 47, 214, 450, 576, 264, 48, 28, 1046, 59, 16096.94, 14.66, 10.88
11:31:56, 2730.00, 12.79, 27, 47, 213, 449, 574, 263, 47, 27, 1036, 58, 16083.63, 14.68, 10.88
11:31:56, 2736.50, 12.78, 27, 46, 210, 446, 569, 260, 47, 27, 1018, 57, 16110.26, 14.64, 10.88
11:31:56, 2742.30, 12.77, 26, 45, 208, 444, 564, 258, 46, 27, 1002, 56, 16110.26, 14.64, 10.88
11:31:57, 2749.20, 12.77, 26, 44, 204, 437, 555, 253, 45, 26, 979, 55, 16110.26, 14.64, 10.88
11:31:57, 2756.40, 12.76, 26, 44, 202, 433, 551, 250, 45, 26, 965, 54, 16096.94, 14.66, 10.88
11:31:58, 2763.40, 12.76, 25, 43, 200, 430, 546, 248, 44, 26, 951, 54, 16123.60, 14.62, 10.88
11:31:58, 2770.80, 12.75, 25, 42, 197, 425, 540, 244, 43, 25, 935, 53, 16123.60, 14.62, 10.88
11:31:58, 2778.20, 12.75, 25, 42, 194, 421, 535, 241, 43, 25, 921, 52, 16136.94, 14.61, 10.88
11:31:59, 2785.00, 12.74, 24, 41, 193, 418, 530, 238, 42, 25, 907, 51, 16123.60, 14.62, 10.88
11:31:59, 2791.80, 12.74, 24, 41, 190, 412, 525, 236, 41, 24, 895, 50, 16110.26, 14.64, 10.88
11:32:00, 2798.70, 12.73, 24, 40, 188, 409, 519, 232, 41, 24, 881, 50, 16123.60, 14.62, 10.88
11:32:00, 2804.20, 12.72, 24, 39, 185, 405, 516, 230, 40, 24, 873, 49, 16136.94, 14.61, 10.88
11:32:01, 2809.50, 12.72, 23, 39, 185, 404, 516, 230, 40, 24, 870, 49, 16136.94, 14.61, 10.88
11:32:01, 2814.10, 12.72, 23, 39, 183, 402, 511, 227, 40, 24, 860, 48, 16163.68, 14.57, 10.88
11:32:01, 2819.00, 12.72, 23, 38, 182, 400, 509, 226, 39, 23, 857, 48, 16150.31, 14.59, 10.88
11:32:02, 2823.10, 12.73, 23, 38, 180, 396, 504, 224, 39, 23, 847, 48, 16150.31, 14.59, 10.88
11:32:02, 2827.60, 12.74, 23, 38, 179, 393, 500, 221, 38, 23, 839, 47, 16136.94, 14.61, 10.86
11:32:03, 2832.60, 12.75, 22, 37, 177, 389, 495, 219, 38, 23, 830, 47, 16136.94, 14.61, 10.86
11:32:03, 2837.30, 12.76, 22, 37, 176, 387, 493, 218, 38, 23, 827, 46, 16150.31, 14.59, 10.87
11:32:03, 2842.00, 12.78, 22, 37, 175, 385, 491, 216, 37, 22, 823, 46, 16163.68, 14.57, 10.87
11:32:04, 2846.80, 12.78, 22, 36, 172, 380, 485, 213, 37, 22, 815, 46, 16163.68, 14.57, 10.87
11:32:04, 2851.20, 12.78, 22, 36, 172, 379, 484, 213, 37, 22, 815, 46, 16177.07, 14.55, 10.87
11:32:05, 2855.80, 12.78, 22, 35, 170, 375, 480, 211, 36, 22, 809, 45, 16163.68, 14.57, 10.87
11:32:05, 2860.20, 12.78, 21, 35, 170, 374, 478, 209, 36, 22, 807, 45, 16163.68, 14.57, 10.87
11:32:06, 2864.70, 12.78, 21, 35, 168, 371, 475, 208, 35, 22, 802, 45, 16190.48, 14.54, 10.87
11:32:06, 2869.50, 12.78, 21, 35, 167, 368, 471, 206, 35, 21, 799, 45, 16203.89, 14.52, 10.87
11:32:06, 2874.80, 12.79, 21, 34, 166, 366, 469, 204, 35, 21, 796, 44, 16203.89, 14.52, 10.87
11:32:07, 2880.10, 12.80, 21, 34, 165, 364, 466, 203, 34, 21, 793, 44, 16203.89, 14.52, 10.87
11:32:07, 2885.40, 12.80, 21, 34, 163, 360, 461, 200, 34, 21, 786, 44, 16203.89, 14.52, 10.88
11:32:08, 2890.10, 12.80, 20, 33, 162, 357, 458, 199, 34, 21, 784, 44, 16203.89, 14.52, 10.88
11:32:08, 2890.70, 12.79, 20, 33, 162, 356, 460, 199, 34, 21, 788, 44, 16203.89, 14.52, 10.88
11:32:08, 2890.40, 12.79, 20, 33, 163, 359, 462, 199, 34, 21, 793, 44, 16190.48, 14.54, 10.86
11:32:09, 2890.40, 12.78, 20, 33, 163, 357, 461, 199, 34, 21, 794, 44, 16203.89, 14.52, 10.86
11:32:09, 2890.90, 12.76, 20, 33, 163, 357, 459, 198, 34, 21, 791, 44, 16244.23, 14.47, 10.87
11:32:10, 2891.20, 12.76, 20, 33, 163, 356, 462, 199, 34, 21, 798, 44, 16244.23, 14.47, 10.87
11:32:10, 2888.80, 12.75, 20, 33, 164, 358, 464, 200, 34, 21, 805, 45, 16203.89, 14.52, 10.87
11:32:10, 2883.60, 12.76, 21, 34, 166, 363, 472, 203, 34, 21, 818, 45, 16244.23, 14.47, 10.86
11:32:11, 2877.80, 12.75, 21, 35, 169, 368, 477, 205, 35, 22, 830, 46, 16271.19, 14.43, 10.86
11:32:11, 2872.00, 12.75, 21, 35, 171, 370, 479, 206, 35, 22, 836, 46, 16244.23, 14.47, 10.86
11:32:12, 2867.20, 12.75, 21, 35, 171, 370, 480, 207, 36, 22, 841, 47, 16257.70, 14.45, 10.86
11:32:12, 2861.80, 12.75, 21, 36, 172, 372, 483, 209, 36, 22, 845, 47, 16257.70, 14.45, 10.86
11:32:13, 2856.40, 12.75, 22, 36, 174, 375, 487, 211, 36, 22, 854, 47, 16244.23, 14.47, 10.86
11:32:13, 2851.10, 12.74, 22, 36, 176, 379, 492, 214, 37, 22, 866, 48, 16257.70, 14.45, 10.86
11:32:13, 2846.00, 12.75, 22, 37, 178, 382, 495, 216, 37, 23, 872, 48, 16271.19, 14.43, 10.87
11:32:14, 2840.70, 12.74, 22, 37, 179, 385, 497, 218, 38, 23, 876, 49, 16257.70, 14.45, 10.87
11:32:14, 2835.00, 12.74, 23, 38, 180, 389, 499, 219, 38, 23, 877, 49, 16271.19, 14.43, 10.87
11:32:15, 2829.90, 12.75, 23, 38, 181, 392, 505, 223, 38, 23, 887, 49, 16257.70, 14.45, 10.85
11:32:15, 2824.20, 12.75, 23, 38, 183, 396, 506, 224, 39, 23, 888, 49, 16271.19, 14.43, 10.85
11:32:15, 2819.00, 12.75, 23, 39, 183, 396, 509, 226, 39, 24, 891, 50, 16298.20, 14.40, 10.85
11:32:16, 2813.40, 12.75, 23, 39, 185, 401, 513, 229, 40, 24, 896, 50, 16284.69, 14.42, 10.85
11:32:16, 2807.40, 12.75, 24, 39, 186, 404, 518, 231, 40, 24, 902, 50, 16284.69, 14.42, 10.85
11:32:17, 2801.30, 12.75, 24, 40, 188, 408, 522, 234, 41, 24, 905, 51, 16284.69, 14.42, 10.85
11:32:17, 2795.60, 12.75, 24, 40, 189, 412, 526, 236, 41, 24, 909, 51, 16284.69, 14.42, 10.85
11:32:18, 2789.40, 12.75, 24, 41, 191, 415, 530, 238, 42, 25, 912, 51, 16298.20, 14.40, 10.85
11:32:18, 2783.70, 12.74, 24, 41, 192, 418, 532, 240, 42, 25, 912, 51, 16298.20, 14.40, 10.85
11:32:18, 2777.80, 12.74, 25, 42, 194, 421, 535, 242, 43, 25, 914, 51, 16311.73, 14.38, 10.85
11:32:19, 2772.00, 12.74, 25, 42, 195, 423, 537, 243, 43, 25, 913, 51, 16325.27, 14.36, 10.85
11:32:19, 2766.40, 12.75, 25, 42, 196, 427, 544, 246, 44, 26, 921, 52, 16298.20, 14.40, 10.85
11:32:20, 2760.30, 12.75, 25, 43, 199, 432, 549, 249, 45, 26, 923, 52, 16325.27, 14.36, 10.85
11:32:20, 2754.30, 12.74, 26, 43, 200, 434, 553, 251, 45, 26, 928, 52, 16325.27, 14.36, 10.85
11:32:20, 2748.80, 12.74, 26, 44, 202, 439, 557, 253, 46, 26, 929, 53, 16352.39, 14.33, 10.85
11:32:21, 2743.30, 12.74, 26, 44, 203, 441, 561, 255, 46, 27, 931, 53, 16338.83, 14.35, 10.85
11:32:21, 2737.80, 12.74, 26, 45, 205, 445, 564, 257, 47, 27, 933, 53, 16325.27, 14.36, 10.85
11:32:22, 2732.40, 12.74, 26, 45, 207, 449, 569, 260, 48, 27, 939, 53, 16325.27, 14.36, 10.85
11:32:22, 2727.00, 12.74, 27, 46, 208, 451, 572, 262, 48, 27, 943, 53, 16352.39, 14.33, 10.85
11:32:23, 2721.20, 12.75, 27, 46, 210, 456, 579, 265, 49, 28, 950, 54, 16352.39, 14.33, 10.86
11:32:23, 2715.80, 12.75, 27, 47, 213, 461, 585, 269, 50, 28, 961, 54, 16352.39, 14.33, 10.86
11:32:23, 2710.20, 12.76, 28, 48, 215, 464, 589, 271, 51, 28, 966, 55, 16365.98, 14.31, 10.86
11:32:24, 2704.80, 12.77, 28, 48, 217, 469, 592, 273, 51, 29, 971, 55, 16352.39, 14.33, 10.86
11:32:24, 2699.30, 12.77, 28, 49, 218, 470, 596, 275, 52, 29, 977, 55, 16352.39, 14.33, 10.86
11:32:25, 2693.10, 12.78, 28, 49, 221, 476, 605, 280, 53, 29, 990, 56, 16379.58, 14.29, 10.87
11:32:25, 2687.20, 12.78, 29, 50, 224, 481, 611, 283, 53, 30, 1000, 57, 16365.98, 14.31, 10.87
11:32:25, 2681.60, 12.78, 29, 51, 226, 486, 619, 287, 54, 30, 1015, 58, 16365.98, 14.31, 10.87
11:32:26, 2676.60, 12.78, 29, 51, 228, 490, 617, 287, 55, 30, 1018, 58, 16379.58, 14.29, 10.87
11:32:26, 2671.50, 12.78, 29, 52, 228, 488, 618, 288, 55, 30, 1021, 58, 16365.98, 14.31, 10.87
11:32:27, 2666.00, 12.77, 30, 52, 232, 496, 629, 293, 56, 31, 1040, 59, 16379.58, 14.29, 10.87
11:32:27, 2660.10, 12.75, 30, 53, 235, 501, 633, 296, 57, 31, 1051, 60, 16393.19, 14.28, 10.87
11:32:27, 2654.20, 12.74, 31, 54, 237, 504, 636, 298, 57, 31, 1060, 60, 16406.81, 14.26, 10.87
11:32:28, 2648.40, 12.73, 31, 55, 240, 510, 646, 303, 58, 32, 1081, 61, 16420.45, 14.24, 10.87
11:32:28, 2643.70, 12.73, 31, 56, 244, 518, 655, 308, 59, 32, 1099, 63, 16393.19, 14.28, 10.87
11:32:29, 2638.80, 12.73, 32, 56, 245, 519, 657, 309, 60, 33, 1108, 63, 16406.81, 14.26, 10.88
11:32:29, 2633.80, 12.73, 32, 57, 250, 528, 670, 315, 61, 33, 1131, 65, 16420.45, 14.24, 10.88
11:32:30, 2628.20, 12.73, 32, 58, 252, 532, 672, 316, 61, 33, 1141, 65, 16434.11, 14.22, 10.88
11:32:30, 2622.70, 12.73, 33, 59, 255, 538, 681, 321, 62, 34, 1159, 66, 16406.81, 14.26, 10.88
11:32:30, 2617.10, 12.73, 33, 60, 259, 544, 688, 325, 63, 34, 1174, 67, 16420.45, 14.24, 10.88
11:32:31, 2611.80, 12.73, 34, 60, 261, 547, 695, 329, 64, 35, 1189, 68, 16420.45, 14.24, 10.88
11:32:31, 2606.60, 12.74, 34, 62, 265, 556, 702, 332, 65, 35, 1201, 69, 16434.11, 14.22, 10.88
11:32:32, 2601.50, 12.74, 34, 62, 266, 557, 708, 336, 66, 36, 1212, 69, 16420.45, 14.24, 10.88
11:32:32, 2595.90, 12.75, 35, 63, 270, 564, 714, 340, 67, 36, 1222, 70, 16420.45, 14.24, 10.88
11:32:32, 2590.30, 12.75, 35, 64, 273, 571, 722, 344, 68, 37, 1233, 71, 16406.81, 14.26, 10.88
11:32:33, 2584.20, 12.76, 36, 65, 276, 576, 729, 349, 69, 37, 1244, 71, 16420.45, 14.24, 10.88
11:32:33, 2578.80, 12.76, 36, 65, 277, 577, 734, 351, 70, 38, 1248, 71, 16434.11, 14.22, 10.88
11:32:34, 2572.70, 12.77, 36, 67, 282, 586, 741, 355, 71, 38, 1254, 72, 16434.11, 14.22, 10.89
11:32:34, 2567.20, 12.78, 37, 67, 284, 590, 744, 359, 72, 38, 1256, 72, 16434.11, 14.22, 10.89
11:32:35, 2561.60, 12.78, 37, 68, 287, 594, 753, 364, 74, 39, 1265, 72, 16475.15, 14.17, 10.89
11:32:35, 2555.80, 12.78, 37, 69, 289, 598, 756, 365, 75, 39, 1263, 72, 16461.46, 14.19, 10.89
11:32:35, 2550.20, 12.79, 38, 70, 291, 601, 762, 370, 76, 40, 1268, 72, 16461.46, 14.19, 10.89
11:32:36, 2544.20, 12.79, 38, 71, 294, 607, 769, 376, 77, 41, 1276, 73, 16461.46, 14.19, 10.89
11:32:36, 2538.40, 12.79, 39, 71, 296, 610, 775, 381, 79, 41, 1280, 73, 16488.87, 14.15, 10.89
11:32:37, 2532.90, 12.79, 39, 73, 300, 617, 782, 384, 80, 42, 1285, 73, 16461.46, 14.19, 10.89
11:32:37, 2527.20, 12.80, 40, 73, 302, 621, 785, 388, 81, 42, 1289, 73, 16461.46, 14.19, 10.89
11:32:37, 2522.20, 12.80, 40, 74, 304, 624, 793, 394, 82, 43, 1298, 73, 16488.87, 14.15, 10.89
11:32:38, 2516.40, 12.80, 40, 75, 306, 629, 794, 396, 83, 43, 1294, 73, 16502.59, 14.14, 10.90
11:32:38, 2510.90, 12.80, 41, 76, 311, 636, 805, 403, 85, 44, 1314, 74, 16475.15, 14.17, 10.90
11:32:39, 2505.80, 12.79, 41, 77, 312, 639, 808, 406, 86, 45, 1319, 74, 16488.87, 14.15, 10.90
11:32:39, 2500.40, 12.79, 42, 78, 317, 648, 819, 412, 87, 45, 1333, 75, 16488.87, 14.15, 10.89
11:32:40, 2494.10, 12.79, 42, 79, 319, 652, 825, 416, 89, 46, 1346, 76, 16475.15, 14.17, 10.89
11:32:40, 2488.70, 12.78, 42, 79, 319, 650, 832, 420, 90, 47, 1357, 76, 16516.33, 14.12, 10.90
11:32:40, 2483.20, 12.78, 43, 82, 329, 669, 844, 427, 92, 48, 1377, 77, 16516.33, 14.12, 10.90
11:32:41, 2477.60, 12.77, 44, 83, 331, 673, 848, 431, 93, 48, 1390, 78, 16502.59, 14.14, 10.90
11:32:41, 2472.00, 12.77, 44, 84, 336, 681, 860, 436, 95, 49, 1411, 80, 16530.08, 14.10, 10.90
11:32:42, 2466.00, 12.77, 45, 86, 341, 690, 873, 444, 96, 50, 1438, 81, 16502.59, 14.14, 10.90
11:32:42, 2460.20, 12.76, 46, 87, 345, 697, 882, 448, 98, 50, 1458, 82, 16488.87, 14.15, 10.91
11:32:42, 2454.00, 12.77, 46, 88, 349, 704, 891, 454, 99, 51, 1483, 84, 16557.63, 14.07, 10.91
11:32:43, 2448.40, 12.77, 47, 90, 355, 714, 901, 459, 101, 52, 1509, 85, 16516.33, 14.12, 10.91
11:32:43, 2442.90, 12.77, 48, 91, 360, 722, 913, 465, 102, 52, 1536, 87, 16516.33, 14.12, 10.91
11:32:44, 2436.70, 12.77, 49, 93, 366, 733, 923, 471, 104, 53, 1563, 89, 16530.08, 14.10, 10.91
11:32:44, 2430.60, 12.78, 49, 95, 370, 741, 934, 477, 105, 54, 1593, 91, 16543.85, 14.09, 10.91
11:32:45, 2424.60, 12.78, 50, 96, 377, 752, 953, 486, 108, 55, 1632, 93, 16543.85, 14.09, 10.91
11:32:45, 2418.60, 12.78, 51, 98, 382, 762, 962, 492, 110, 56, 1659, 95, 16543.85, 14.09, 10.91
11:32:45, 2413.10, 12.78, 52, 100, 390, 776, 978, 499, 112, 57, 1693, 97, 16530.08, 14.10, 10.91
11:32:46, 2407.60, 12.78, 52, 101, 394, 783, 986, 503, 113, 57, 1717, 99, 16543.85, 14.09, 10.91
11:32:46, 2402.40, 12.77, 53, 103, 399, 793, 1000, 510, 115, 58, 1749, 101, 16543.85, 14.09, 10.91
11:32:47, 2396.50, 12.78, 54, 105, 405, 802, 1010, 514, 117, 59, 1774, 102, 16543.85, 14.09, 10.91
11:32:47, 2390.80, 12.77, 55, 107, 412, 815, 1025, 524, 119, 60, 1813, 104, 16543.85, 14.09, 10.91
11:32:47, 2384.90, 12.77, 55, 108, 415, 820, 1036, 531, 121, 61, 1841, 106, 16571.43, 14.05, 10.93
11:32:48, 2379.60, 12.78, 56, 110, 421, 831, 1043, 535, 122, 61, 1867, 108, 16557.63, 14.07, 10.93
11:32:48, 2374.10, 12.78, 57, 112, 428, 841, 1058, 544, 125, 63, 1900, 110, 16599.06, 14.02, 10.93
11:32:49, 2368.40, 12.79, 58, 114, 434, 852, 1071, 550, 127, 63, 1931, 112, 16571.43, 14.05, 10.93
11:32:49, 2362.40, 12.78, 59, 116, 440, 864, 1085, 559, 129, 65, 1966, 114, 16571.43, 14.05, 10.93
11:32:49, 2356.70, 12.78, 60, 118, 446, 872, 1101, 568, 132, 66, 1999, 116, 16571.43, 14.05, 10.93
11:32:50, 2350.50, 12.78, 61, 119, 452, 883, 1108, 572, 133, 66, 2023, 117, 16557.63, 14.07, 10.93
11:32:50, 2345.20, 12.79, 61, 121, 458, 894, 1123, 582, 136, 68, 2058, 119, 16585.24, 14.03, 10.92
11:32:51, 2339.50, 12.79, 62, 123, 464, 904, 1131, 587, 138, 68, 2083, 121, 16599.06, 14.02, 10.92
11:32:51, 2333.60, 12.79, 63, 125, 470, 913, 1137, 591, 139, 69, 2101, 122, 16585.24, 14.03, 10.93
11:32:52, 2327.50, 12.79, 64, 127, 474, 919, 1157, 602, 143, 71, 2142, 125, 16599.06, 14.02, 10.93
11:32:52, 2321.10, 12.78, 65, 129, 482, 934, 1163, 607, 144, 71, 2167, 126, 16599.06, 14.02, 10.93
11:32:52, 2314.90, 12.78, 66, 131, 487, 942, 1179, 616, 147, 73, 2203, 128, 16585.24, 14.03, 10.93
11:32:53, 2308.60, 12.77, 67, 133, 494, 953, 1195, 625, 151, 74, 2244, 131, 16571.43, 14.05, 10.93
11:32:53, 2302.50, 12.76, 68, 136, 502, 967, 1206, 633, 153, 75, 2278, 133, 16585.24, 14.03, 10.94
11:32:54, 2296.60, 12.75, 68, 138, 506, 974, 1212, 638, 154, 76, 2304, 134, 16571.43, 14.05, 10.94
11:32:54, 2290.70, 12.75, 70, 141, 516, 991, 1236, 651, 159, 78, 2359, 138, 16626.76, 13.98, 10.94
11:32:54, 2284.40, 12.75, 71, 142, 520, 997, 1240, 657, 160, 78, 2385, 139, 16626.76, 13.98, 10.94
11:32:55, 2278.70, 12.75, 72, 146, 532, 1018, 1278, 677, 166, 81, 2465, 145, 16654.51, 13.95, 10.94
11:32:55, 2273.00, 12.74, 73, 146, 533, 1014, 1271, 679, 166, 81, 2475, 145, 16612.90, 14.00, 10.94
11:32:56, 2267.70, 12.74, 74, 151, 547, 1043, 1297, 689, 171, 83, 2519, 148, 16654.51, 13.95, 10.94
11:32:56, 2262.20, 12.74, 75, 153, 553, 1051, 1298, 696, 172, 84, 2550, 150, 16640.63, 13.96, 10.94
11:32:57, 2256.20, 12.73, 77, 156, 562, 1068, 1334, 714, 178, 86, 2616, 153, 16668.40, 13.93, 10.93
11:32:57, 2249.80, 12.73, 77, 157, 565, 1072, 1330, 716, 179, 87, 2628, 154, 16668.40, 13.93, 10.93
11:32:57, 2244.10, 12.73, 79, 160, 574, 1085, 1360, 733, 184, 89, 2691, 158, 16626.76, 13.98, 10.94
11:32:58, 2238.20, 12.73, 80, 164, 584, 1104, 1374, 739, 187, 90, 2719, 160, 16640.63, 13.96, 10.94
11:32:58, 2233.20, 12.74, 81, 165, 589, 1109, 1376, 746, 188, 91, 2745, 161, 16654.51, 13.95, 10.94
11:32:59, 2227.20, 12.74, 83, 170, 604, 1139, 1408, 762, 195, 94, 2808, 165, 16640.63, 13.96, 10.93
11:32:59, 2221.30, 12.73, 84, 171, 605, 1137, 1410, 770, 196, 95, 2835, 167, 16640.63, 13.96, 10.93
11:32:59, 2214.80, 12.73, 86, 176, 621, 1165, 1463, 797, 205, 99, 2935, 173, 16654.51, 13.95, 10.94
11:33:00, 2208.40, 12.73, 87, 180, 631, 1183, 1461, 800, 207, 99, 2943, 174, 16682.31, 13.91, 10.94
11:33:00, 2202.30, 12.73, 89, 183, 641, 1198, 1492, 818, 213, 102, 3009, 178, 16626.76, 13.98, 10.94
11:33:01, 2196.30, 12.73, 90, 185, 647, 1208, 1490, 821, 214, 103, 3018, 178, 16654.51, 13.95, 10.93
11:33:01, 2190.10, 12.74, 91, 189, 655, 1222, 1509, 830, 219, 105, 3061, 181, 16668.40, 13.93, 10.93
11:33:02, 2184.20, 12.74, 92, 190, 658, 1223, 1497, 830, 219, 105, 3060, 180, 16668.40, 13.93, 10.94
11:33:02, 2178.20, 12.74, 92, 191, 659, 1221, 1516, 842, 223, 107, 3106, 183, 16668.40, 13.93, 10.94
11:33:02, 2172.20, 12.74, 95, 196, 677, 1251, 1553, 863, 231, 110, 3187, 188, 16682.31, 13.91, 10.94
11:33:03, 2166.70, 12.74, 95, 196, 672, 1240, 1538, 860, 230, 110, 3178, 187, 16668.40, 13.93, 10.93
11:33:03, 2160.70, 12.73, 98, 202, 693, 1277, 1590, 890, 240, 114, 3291, 194, 16668.40, 13.93, 10.93
11:33:04, 2154.40, 12.73, 98, 203, 692, 1275, 1570, 884, 239, 114, 3270, 193, 16654.51, 13.95, 10.93
11:33:04, 2148.40, 12.72, 101, 209, 713, 1308, 1630, 913, 250, 119, 3383, 200, 16682.31, 13.91, 10.93
11:33:04, 2142.80, 12.73, 102, 214, 724, 1333, 1613, 916, 250, 119, 3384, 199, 16682.31, 13.91, 10.93
11:33:05, 2136.60, 12.73, 103, 215, 725, 1330, 1638, 924, 255, 121, 3425, 202, 16682.31, 13.91, 10.93
11:33:05, 2130.70, 12.73, 104, 218, 733, 1342, 1638, 932, 257, 122, 3456, 203, 16710.18, 13.88, 10.93
11:33:06, 2124.80, 12.73, 106, 223, 742, 1359, 1670, 948, 265, 125, 3523, 207, 16682.31, 13.91, 10.94
11:33:06, 2118.90, 12.74, 107, 227, 755, 1380, 1689, 961, 270, 127, 3581, 211, 16696.24, 13.89, 10.94
11:33:06, 2113.60, 12.74, 108, 228, 754, 1372, 1699, 973, 274, 130, 3620, 213, 16738.11, 13.84, 10.94
11:33:07, 2107.50, 12.74, 111, 235, 777, 1411, 1748, 1002, 284, 134, 3732, 220, 16696.24, 13.89, 10.94
11:33:07, 2101.50, 12.74, 113, 238, 785, 1423, 1750, 1008, 287, 136, 3746, 221, 16724.14, 13.86, 10.94
11:33:08, 2095.00, 12.74, 116, 246, 806, 1465, 1819, 1046, 301, 142, 3902, 231, 16724.14, 13.86, 10.93
11:33:08, 2089.00, 12.74, 120, 256, 833, 1516, 1849, 1076, 310, 146, 3997, 237, 16710.18, 13.88, 10.93
11:33:09, 2082.80, 12.74, 120, 257, 831, 1509, 1851, 1072, 312, 147, 4007, 237, 16710.18, 13.88, 10.93
11:33:09, 2076.70, 12.74, 124, 264, 857, 1549, 1902, 1120, 324, 153, 4157, 246, 16752.09, 13.82, 10.93
11:33:09, 2070.10, 12.74, 126, 269, 865, 1565, 1900, 1106, 326, 154, 4149, 245, 16710.18, 13.88, 10.93
11:33:10, 2063.30, 12.75, 127, 270, 867, 1556, 1931, 1145, 335, 158, 4277, 254, 16738.11, 13.84, 10.94
11:33:10, 2056.70, 12.75, 133, 284, 906, 1631, 1997, 1182, 351, 166, 4425, 262, 16752.09, 13.82, 10.94
11:33:11, 2050.40, 12.75, 133, 286, 910, 1635, 1995, 1187, 353, 167, 4451, 264, 16752.09, 13.82, 10.93
11:33:11, 2044.50, 12.74, 138, 295, 938, 1676, 2070, 1249, 370, 176, 4656, 277, 16766.09, 13.81, 10.93
11:33:11, 2038.40, 12.74, 140, 304, 955, 1719, 2098, 1253, 379, 178, 4709, 280, 16738.11, 13.84, 10.93
11:33:12, 2032.40, 12.74, 141, 302, 951, 1689, 2075, 1267, 376, 180, 4734, 281, 16766.09, 13.81, 10.93
11:33:12, 2026.30, 12.73, 145, 315, 983, 1761, 2141, 1289, 394, 186, 4863, 287, 16752.09, 13.82, 10.93
11:33:13, 2020.50, 12.72, 145, 312, 972, 1723, 2101, 1293, 389, 186, 4852, 287, 16738.11, 13.84, 10.94
11:33:13, 2014.30, 12.72, 150, 321, 1002, 1770, 2146, 1303, 401, 190, 4939, 292, 16794.13, 13.77, 10.94
11:33:14, 2008.70, 12.71, 153, 330, 1019, 1805, 2199, 1363, 415, 199, 5114, 303, 16752.09, 13.82, 10.94
11:33:14, 2002.60, 12.71, 153, 329, 1017, 1789, 2150, 1320, 407, 195, 5027, 297, 16752.09, 13.82, 10.94
11:33:14, 1996.80, 12.71, 158, 341, 1047, 1840, 2302, 1442, 444, 213, 5401, 320, 16780.11, 13.79, 10.94
11:33:15, 1990.40, 12.71, 163, 351, 1074, 1894, 2245, 1407, 436, 209, 5280, 313, 16822.23, 13.74, 10.95
11:33:15, 1984.70, 12.70, 163, 351, 1069, 1865, 2317, 1455, 454, 218, 5479, 325, 16794.13, 13.77, 10.95
11:33:16, 1978.50, 12.70, 168, 364, 1102, 1939, 2370, 1511, 470, 227, 5642, 335, 16766.09, 13.81, 10.95
11:33:16, 1972.60, 12.69, 169, 361, 1095, 1896, 2308, 1452, 458, 222, 5549, 328, 16794.13, 13.77, 10.95
11:33:16, 1966.20, 12.70, 174, 374, 1132, 1972, 2440, 1558, 495, 237, 5827, 348, 16780.11, 13.79, 10.95
11:33:17, 1959.40, 12.70, 177, 379, 1135, 1970, 2411, 1547, 489, 239, 5855, 346, 16766.09, 13.81, 10.95
11:33:17, 1953.00, 12.70, 182, 390, 1169, 2018, 2488, 1602, 514, 249, 6038, 357, 16808.18, 13.75, 10.95
11:33:18, 1946.20, 12.70, 189, 404, 1202, 2081, 2495, 1620, 518, 253, 6110, 360, 16822.23, 13.74, 10.95
11:33:18, 1940.10, 12.69, 184, 398, 1174, 2028, 2515, 1629, 529, 258, 6161, 365, 16780.11, 13.79, 10.95
11:33:19, 1933.80, 12.69, 194, 415, 1224, 2102, 2571, 1716, 548, 271, 6372, 378, 16794.13, 13.77, 10.95
11:33:19, 1928.00, 12.69, 193, 416, 1218, 2095, 2529, 1627, 541, 262, 6245, 368, 16808.18, 13.75, 10.95
11:33:19, 1922.20, 12.69, 195, 419, 1227, 2092, 2491, 1654, 537, 267, 6287, 371, 16808.18, 13.75, 10.95
11:33:20, 1916.20, 12.69, 194, 419, 1220, 2096, 2500, 1606, 543, 264, 6304, 370, 16822.23, 13.74, 10.95
11:33:20, 1910.40, 12.69, 205, 429, 1260, 2109, 2589, 1763, 568, 288, 6706, 398, 16822.23, 13.74, 10.95
11:33:21, 1905.00, 12.69, 212, 450, 1304, 2211, 2797, 1877, 629, 311, 7136, 421, 16808.18, 13.75, 10.95
11:33:21, 1899.10, 12.69, 223, 463, 1344, 2247, 2737, 1907, 617, 317, 7264, 428, 16836.30, 13.72, 10.96
11:33:21, 1893.20, 12.69, 227, 487, 1387, 2360, 2842, 1932, 652, 327, 7378, 432, 16850.39, 13.70, 10.96
11:33:22, 1887.10, 12.69, 224, 478, 1361, 2304, 2771, 1912, 636, 324, 7346, 428, 16808.18, 13.75, 10.96
11:33:22, 1881.60, 12.69, 219, 464, 1331, 2209, 2845, 1949, 661, 334, 7462, 436, 16822.23, 13.74, 10.96
11:33:23, 1876.00, 12.69, 222, 470, 1340, 2234, 2812, 1938, 656, 337, 7611, 439, 16808.18, 13.75, 10.96
11:33:23, 1869.70, 12.69, 234, 482, 1384, 2242, 2831, 1960, 667, 341, 7592, 443, 16822.23, 13.74, 10.96
11:33:24, 1864.10, 12.68, 237, 510, 1422, 2398, 2990, 2116, 719, 375, 8220, 472, 16850.39, 13.70, 10.96
11:33:24, 1858.00, 12.68, 247, 510, 1452, 2339, 2906, 2070, 699, 366, 8011, 466, 16836.30, 13.72, 10.96
11:33:24, 1851.50, 12.68, 257, 546, 1516, 2531, 3062, 2158, 750, 389, 8466, 482, 16822.23, 13.74, 10.96
11:33:25, 1845.30, 12.68, 262, 542, 1512, 2447, 2889, 2075, 706, 378, 8201, 471, 16822.23, 13.74, 10.96
11:33:25, 1839.40, 12.68, 262, 553, 1534, 2511, 3089, 2211, 771, 405, 8685, 496, 16836.30, 13.72, 10.96
11:33:26, 1833.10, 12.68, 266, 552, 1525, 2453, 3068, 2258, 772, 421, 8939, 510, 16850.39, 13.70, 10.96
11:33:26, 1826.90, 12.68, 272, 575, 1583, 2572, 3159, 2242, 804, 418, 8799, 506, 16822.23, 13.74, 10.96
11:33:26, 1820.60, 12.69, 297, 608, 1656, 2651, 3035, 2208, 776, 419, 8958, 505, 16864.50, 13.68, 10.96
11:33:27, 1814.10, 12.69, 284, 590, 1628, 2592, 3193, 2276, 826, 433, 9097, 520, 16822.23, 13.74, 10.96
11:33:27, 1808.30, 12.70, 318, 639, 1746, 2751, 3174, 2323, 828, 451, 9513, 539, 16836.30, 13.72, 10.97
11:33:28, 1802.40, 12.69, 290, 596, 1638, 2582, 3149, 2238, 825, 435, 9110, 524, 16850.39, 13.70, 10.97
11:33:28, 1796.50, 12.70, 317, 637, 1744, 2699, 3350, 2531, 897, 502, 10374, 581, 16850.39, 13.70, 10.97
11:33:28, 1790.30, 12.70, 310, 639, 1728, 2694, 3314, 2390, 889, 477, 9944, 564, 16864.50, 13.68, 10.97
11:33:29, 1784.70, 12.70, 341, 662, 1829, 2758, 3441, 2616, 939, 530, 10782, 603, 16864.50, 13.68, 10.97
11:33:29, 1779.30, 12.70, 324, 678, 1796, 2822, 3387, 2500, 933, 511, 10316, 578, 16850.39, 13.70, 10.97
11:33:30, 1772.90, 12.70, 342, 673, 1836, 2762, 3721, 2894, 1051, 602, 12159, 666, 16878.62, 13.67, 10.97
11:33:30, 1766.90, 12.70, 335, 688, 1828, 2809, 3307, 2463, 923, 515, 10184, 573, 16878.62, 13.67, 10.97
11:33:31, 1761.10, 12.70, 346, 674, 1862, 2720, 3287, 2366, 913, 502, 10488, 587, 16850.39, 13.70, 10.97
11:33:31, 1754.90, 12.69, 364, 733, 1925, 2953, 3520, 2761, 1025, 591, 11141, 620, 16892.74, 13.65, 10.97
11:33:31, 1749.10, 12.70, 336, 680, 1829, 2709, 3508, 2585, 1007, 565, 11451, 631, 16878.62, 13.67, 10.98
11:33:32, 1743.60, 12.70, 393, 782, 2070, 3097, 3752, 2954, 1113, 651, 12478, 679, 16864.50, 13.68, 10.98
11:33:32, 1737.30, 12.70, 348, 692, 1885, 2720, 3297, 2350, 951, 526, 10604, 599, 16864.50, 13.68, 10.99
11:33:33, 1731.10, 12.69, 392, 780, 2059, 3041, 3931, 3161, 1202, 711, 13214, 720, 16892.74, 13.65, 10.99
11:33:33, 1725.00, 12.69, 404, 783, 2115, 2990, 3534, 2654, 1063, 611, 11819, 654, 16921.05, 13.62, 10.99
11:33:33, 1718.30, 12.69, 383, 759, 2028, 2921, 3982, 3048, 1221, 710, 13524, 736, 16892.74, 13.65, 10.99
11:33:34, 1712.20, 12.69, 411, 811, 2169, 3051, 3716, 2831, 1142, 669, 12699, 699, 16878.62, 13.67, 10.99
11:33:34, 1706.30, 12.69, 363, 723, 1945, 2737, 3779, 2817, 1166, 673, 12806, 706, 16878.62, 13.67, 11.01
11:33:35, 1700.40, 12.69, 439, 856, 2296, 3179, 3885, 3039, 1227, 738, 13500, 737, 16921.05, 13.62, 11.01
11:33:35, 1694.00, 12.69, 365, 729, 1957, 2702, 3634, 2634, 1137, 648, 12446, 697, 16892.74, 13.65, 11.01
11:33:36, 1687.70, 12.69, 492, 948, 2558, 3457, 4380, 3499, 1415, 875, 15569, 838, 16906.89, 13.63, 11.01
11:33:36, 1681.60, 12.69, 379, 748, 2016, 2726, 3822, 2828, 1234, 722, 13342, 744, 16878.62, 13.67, 11.01
11:33:36, 1675.50, 12.69, 498, 929, 2596, 3349, 4494, 3480, 1470, 902, 16165, 872, 16949.42, 13.58, 11.02
11:33:37, 1669.80, 12.69, 382, 736, 2028, 2653, 3514, 2485, 1140, 650, 11852, 689, 16906.89, 13.63, 11.02
11:33:37, 1664.00, 12.69, 451, 899, 2416, 3173, 4269, 3143, 1401, 836, 14887, 824, 16921.05, 13.62, 11.02
11:33:38, 1658.20, 12.70, 441, 859, 2338, 3037, 4053, 2901, 1335, 789, 13912, 791, 16921.05, 13.62, 11.02
11:33:38, 1652.50, 12.70, 525, 950, 2768, 3345, 4588, 3088, 1509, 867, 15726, 904, 16892.74, 13.65, 11.02
11:33:38, 1646.60, 12.71, 446, 908, 2387, 3166, 3993, 2924, 1357, 807, 14005, 793, 16921.05, 13.62, 11.03
11:33:39, 1640.60, 12.72, 451, 869, 2432, 3007, 4420, 2894, 1494, 850, 14857, 894, 16921.05, 13.62, 11.03
11:33:39, 1634.80, 12.72, 519, 1001, 2763, 3456, 3985, 2793, 1388, 804, 13734, 797, 16906.89, 13.63, 11.04
11:33:40, 1629.10, 12.73, 459, 888, 2504, 3069, 4402, 2726, 1526, 840, 14482, 898, 16921.05, 13.62, 11.04
11:33:40, 1623.20, 12.73, 478, 958, 2608, 3275, 4628, 3039, 1620, 952, 15588, 911, 16921.05, 13.62, 11.04
11:33:41, 1617.30, 12.73, 507, 992, 2766, 3366, 4823, 3044, 1707, 980, 15986, 987, 16921.05, 13.62, 11.04
11:33:41, 1611.10, 12.73, 464, 897, 2567, 3081, 4742, 2997, 1689, 993, 15554, 936, 16935.23, 13.60, 11.04
11:33:41, 1605.10, 12.74, 444, 900, 2457, 3028, 4267, 2361, 1569, 794, 13457, 918, 16949.42, 13.58, 11.04
11:33:42, 1598.30, 12.73, 450, 924, 2521, 3162, 4655, 2812, 1692, 984, 14706, 909, 16949.42, 13.58, 11.04
11:33:42, 1592.40, 12.73, 468, 932, 2662, 3133, 4833, 2732, 1813, 978, 15298, 1012, 16935.23, 13.60, 11.04
11:33:43, 1585.70, 12.74, 413, 828, 2343, 2816, 4511, 2447, 1739, 884, 13951, 928, 16921.05, 13.62, 11.04
11:33:43, 1579.50, 12.74, 433, 909, 2454, 3041, 4796, 2566, 1871, 958, 14908, 1040, 16935.23, 13.60, 11.04
11:33:43, 1573.20, 12.74, 410, 870, 2431, 2974, 4454, 2280, 1756, 880, 13120, 908, 16921.05, 13.62, 11.05
11:33:44, 1566.80, 12.74, 341, 718, 1938, 2426, 4650, 2289, 1913, 885, 13487, 1011, 16949.42, 13.58, 11.05
11:33:44, 1560.30, 12.75, 409, 893, 2500, 3064, 4055, 2063, 1668, 789, 11667, 829, 16935.23, 13.60, 11.05
11:33:45, 1554.50, 12.75, 357, 805, 2118, 2745, 4758, 2220, 2059, 898, 12995, 1001, 16921.05, 13.62, 11.05
11:33:45, 1548.70, 12.75, 369, 805, 2159, 2736, 3914, 1985, 1734, 763, 11335, 843, 16963.63, 13.56, 11.05
11:33:45, 1542.60, 12.76, 398, 905, 2528, 3186, 4794, 2142, 2216, 887, 12964, 1072, 16921.05, 13.62, 11.07
11:33:46, 1536.60, 12.76, 338, 781, 2037, 2736, 5019, 2191, 2391, 931, 13565, 1098, 16963.63, 13.56, 11.07
11:33:46, 1530.60, 12.75, 338, 799, 2088, 2773, 4252, 2013, 2024, 819, 11574, 910, 16977.85, 13.55, 11.07
11:33:47, 1524.40, 12.76, 289, 690, 1724, 2463, 3727, 1688, 1954, 657, 10293, 871, 16977.85, 13.55, 11.07
11:33:47, 1518.50, 12.76, 331, 821, 2045, 2847, 4622, 2031, 2340, 855, 11616, 1001, 16992.08, 13.53, 11.07
11:33:48, 1512.20, 12.76, 231, 528, 1267, 1874, 3202, 1505, 1737, 577, 8766, 713, 16963.63, 13.56, 11.08
11:33:48, 1506.20, 12.75, 305, 763, 1882, 2732, 3615, 1634, 2017, 666, 9736, 823, 16949.42, 13.58, 11.08
11:33:48, 1500.30, 12.75, 259, 623, 1533, 2260, 4081, 1771, 2256, 730, 10145, 878, 16949.42, 13.58, 11.08
11:33:49, 1494.20, 12.75, 273, 643, 1558, 2362, 3013, 1456, 1819, 557, 8901, 708, 16977.85, 13.55, 11.08
11:33:49, 1488.00, 12.76, 238, 578, 1289, 2118, 3724, 1629, 2214, 662, 9755, 824, 16949.42, 13.58, 11.08
11:33:50, 1481.50, 12.75, 218, 508, 1083, 1838, 2488, 1278, 1622, 483, 7539, 550, 16977.85, 13.55, 11.09
11:33:50, 1475.40, 12.76, 201, 446, 931, 1571, 2181, 1243, 1476, 448, 7269, 476, 16963.63, 13.56, 11.09
11:33:50, 1468.60, 12.76, 220, 508, 1063, 1811, 1806, 1081, 1175, 395, 5818, 377, 16992.08, 13.53, 11.09
11:33:51, 1462.20, 12.77, 209, 466, 939, 1704, 3009, 1483, 2145, 582, 9398, 687, 16963.63, 13.56, 11.09
11:33:51, 1456.00, 12.77, 191, 401, 795, 1330, 1499, 1017, 1000, 370, 5081, 285, 16992.08, 13.53, 11.09
11:33:52, 1449.90, 12.78, 209, 449, 887, 1594, 1508, 1023, 1021, 374, 5278, 308, 16977.85, 13.55, 11.09
11:33:52, 1443.90, 12.78, 189, 390, 751, 1288, 1448, 1027, 1013, 378, 4921, 257, 16992.08, 13.53, 11.09
11:33:53, 1437.80, 12.78, 192, 394, 762, 1289, 1305, 955, 898, 353, 4348, 225, 16992.08, 13.53, 11.09
11:33:53, 1431.40, 12.78, 186, 370, 706, 1173, 1316, 974, 925, 367, 4450, 230, 16977.85, 13.55, 11.10
11:33:53, 1425.90, 12.78, 201, 404, 762, 1342, 1280, 982, 895, 370, 4268, 208, 16992.08, 13.53, 11.10
11:33:54, 1419.60, 12.78, 184, 355, 666, 1086, 1119, 908, 752, 341, 3315, 158, 16977.85, 13.55, 11.13
11:33:54, 1413.90, 12.78, 196, 380, 711, 1169, 1217, 975, 836, 375, 3908, 186, 16992.08, 13.53, 11.13
11:33:55, 1408.20, 12.78, 193, 367, 680, 1109, 1058, 883, 694, 342, 2851, 135, 16992.08, 13.53, 11.14
11:33:55, 1401.70, 12.78, 194, 367, 680, 1081, 1163, 964, 791, 381, 3406, 159, 17020.60, 13.49, 11.14
11:33:55, 1395.70, 12.78, 205, 383, 702, 1154, 1073, 931, 722, 367, 2790, 128, 17006.34, 13.51, 11.14
11:33:56, 1389.70, 12.78, 197, 363, 666, 1045, 1154, 984, 817, 397, 3384, 155, 16992.08, 13.53, 11.16
11:33:56, 1384.00, 12.78, 215, 393, 713, 1159, 1092, 984, 762, 394, 2786, 125, 17020.60, 13.49, 11.16
11:33:57, 1378.10, 12.79, 208, 372, 677, 1059, 1017, 900, 685, 372, 2467, 116, 16977.85, 13.55, 11.18
11:33:57, 1372.30, 12.78, 211, 380, 689, 1068, 1067, 978, 752, 400, 2631, 119, 17006.34, 13.51, 11.18
11:33:58, 1366.10, 12.78, 231, 404, 724, 1157, 1072, 985, 733, 422, 2431, 113, 16992.08, 13.53, 11.18
11:33:58, 1359.30, 12.78, 217, 381, 686, 1049, 1079, 1015, 781, 428, 2622, 117, 16992.08, 13.53, 11.20
11:33:58, 1353.30, 12.78, 253, 434, 772, 1246, 1045, 993, 738, 426, 2362, 106, 16992.08, 13.53, 11.20
11:33:59, 1347.20, 12.79, 225, 387, 693, 1031, 1046, 984, 751, 433, 2384, 109, 16992.08, 13.53, 11.24
11:33:59, 1340.70, 12.79, 268, 445, 792, 1276, 1066, 1053, 792, 458, 2479, 110, 17020.60, 13.49, 11.24
11:34:00, 1333.80, 12.79, 239, 401, 713, 1059, 1029, 988, 751, 448, 2253, 103, 17020.60, 13.49, 11.24
11:34:00, 1327.70, 12.79, 265, 436, 772, 1200, 1103, 1111, 854, 497, 2615, 115, 16992.08, 13.53, 11.27
11:34:00, 1321.30, 12.80, 261, 424, 750, 1144, 1038, 1023, 774, 475, 2241, 101, 17049.18, 13.46, 11.27
11:34:01, 1315.30, 12.81, 277, 451, 798, 1213, 1161, 1219, 959, 554, 2870, 121, 17006.34, 13.51, 11.32
11:34:01, 1309.50, 12.81, 288, 457, 805, 1224, 1105, 1124, 854, 531, 2454, 110, 17034.88, 13.48, 11.32
11:34:02, 1303.40, 12.81, 294, 467, 823, 1228, 1150, 1190, 911, 566, 2606, 115, 17034.88, 13.48, 11.32
11:34:02, 1297.40, 12.82, 309, 479, 841, 1271, 1291, 1479, 1158, 674, 3352, 139, 17034.88, 13.48, 11.35
11:34:03, 1291.20, 12.83, 311, 483, 843, 1230, 1170, 1202, 928, 600, 2552, 115, 17034.88, 13.48, 11.35
11:34:03, 1285.60, 12.83, 346, 531, 928, 1408, 1264, 1359, 1037, 664, 2905, 127, 17063.49, 13.44, 11.39
11:34:03, 1279.40, 12.84, 325, 506, 880, 1229, 1236, 1249, 954, 651, 2452, 117, 17034.88, 13.48, 11.39
11:34:04, 1273.60, 12.88, 394, 598, 1046, 1547, 1474, 1572, 1218, 810, 3343, 163, 17063.49, 13.44, 11.39
11:34:04, 1267.60, 12.89, 351, 549, 943, 1287, 1235, 1187, 918, 667, 2163, 111, 17034.88, 13.48, 11.43
11:34:05, 1261.30, 12.90, 407, 619, 1068, 1515, 1841, 2119, 1644, 1086, 4616, 211, 17063.49, 13.44, 11.43
11:34:05, 1255.50, 12.90, 369, 583, 987, 1305, 1321, 1243, 979, 738, 2188, 117, 17034.88, 13.48, 11.48
11:34:05, 1249.20, 12.91, 378, 599, 1009, 1320, 1415, 1340, 1085, 814, 2503, 136, 17049.18, 13.46, 11.48
11:34:06, 1243.30, 12.92, 565, 852, 1465, 2089, 2067, 2141, 1762, 1300, 4562, 240, 17020.60, 13.49, 11.48
11:34:06, 1236.50, 12.93, 404, 654, 1080, 1366, 1587, 1507, 1257, 953, 2842, 147, 17063.49, 13.44, 11.52
11:34:07, 1229.80, 12.94, 534, 831, 1392, 1856, 1904, 1835, 1534, 1174, 3503, 173, 17049.18, 13.46, 11.52
11:34:07, 1223.60, 12.94, 463, 738, 1221, 1541, 1644, 1591, 1315, 1021, 2950, 144, 17063.49, 13.44, 11.54
11:34:08, 1216.80, 12.95, 1072, 1309, 2277, 3680, 2674, 3149, 2564, 1874, 6542, 280, 17049.18, 13.46, 11.54
11:34:08, 1210.40, 12.96, 581, 905, 1480, 1913, 2582, 2913, 2353, 1723, 6063, 265, 17049.18, 13.46, 11.54
11:34:08, 1203.70, 12.97, 1411, 1522, 2728, 4464, 4023, 5645, 4481, 3082, 11423, 432, 17077.82, 13.42, 11.56
11:34:09, 1197.40, 12.97, 695, 1064, 1737, 2257, 2246, 2357, 1999, 1569, 4478, 213, 17063.49, 13.44, 11.56
11:34:09, 1190.50, 12.98, 1021, 1280, 2182, 3186, 3745, 4808, 3963, 2897, 8997, 374, 17063.49, 13.44, 11.62
11:34:10, 1184.10, 12.99, 1178, 1494, 2556, 3586, 2519, 2647, 2265, 1829, 4740, 220, 17063.49, 13.44, 11.62
11:34:10, 1177.80, 12.99, 1158, 1483, 2502, 3545, 2787, 3156, 2701, 2106, 5325, 246, 17049.18, 13.46, 11.64
11:34:10, 1171.90, 13.00, 1769, 1995, 3525, 5157, 3927, 5105, 4119, 3240, 7849, 342, 17092.16, 13.41, 11.64
11:34:11, 1165.40, 13.01, 876, 1200, 1905, 2500, 3609, 5190, 3945, 3354, 6110, 307, 17034.88, 13.48, 11.64
11:34:11, 1159.10, 13.02, 3954, 3685, 6765, 10939, 4898, 6061, 4745, 4683, 7970, 422, 17092.16, 13.41, 11.66
11:34:12, 1153.30, 13.02, 1661, 1970, 3105, 4460, 4471, 6376, 4774, 4534, 6804, 383, 17063.49, 13.44, 11.66
11:34:12, 1147.00, 13.02, 2949, 3008, 4910, 7640, 4410, 6121, 4653, 4650, 6824, 387, 17077.82, 13.42, 11.69
11:34:12, 1141.00, 13.03, 2854, 3205, 4981, 7947, 4148, 6274, 4420, 5175, 6040, 385, 17092.16, 13.41, 11.69
11:34:13, 1134.40, 13.03, 2402, 2535, 3916, 6297, 4650, 6948, 4948, 5400, 6612, 424, 17063.49, 13.44, 11.69
11:34:13, 1127.80, 13.04, 1893, 2320, 3437, 5116, 2810, 3773, 2813, 2935, 4803, 277, 17063.49, 13.44, 11.70
11:34:14, 1121.20, 13.04, 2260, 2505, 3881, 5792, 3813, 5629, 3915, 4369, 5898, 366, 17077.82, 13.42, 11.70
11:34:14, 1114.90, 13.05, 5216, 4691, 7272, 12691, 5343, 7465, 5710, 5667, 7907, 524, 17077.82, 13.42, 11.73
11:34:15, 1108.10, 13.05, 2457, 2281, 3463, 6166, 4673, 10046, 5138, 6261, 6038, 432, 17063.49, 13.44, 11.73
11:34:15, 1101.30, 13.05, 3357, 2996, 4661, 7797, 4612, 8504, 4777, 5900, 6369, 477, 17063.49, 13.44, 11.73
11:34:15, 1094.60, 13.06, 3126, 2321, 3915, 5201, 4380, 9828, 4348, 5627, 5706, 434, 17077.82, 13.42, 11.75
11:34:16, 1087.80, 13.07, 4769, 3235, 5809, 7762, 7026, 16361, 7194, 9226, 7829, 749, 17092.16, 13.41, 11.75
11:34:16, 1080.60, 13.07, 4360, 3091, 5161, 6994, 6033, 13765, 5686, 8525, 6776, 595, 17063.49, 13.44, 11.77
11:34:17, 1073.10, 13.08, 5238, 2975, 5746, 5969, 3295, 5191, 3199, 3996, 5048, 397, 17092.16, 13.41, 11.77
11:34:17, 1065.50, 13.08, 6802, 4889, 10477, 7558, 4189, 5472, 4497, 5493, 6061, 605, 17077.82, 13.42, 11.77
11:34:17, 1058.60, 13.09, 4703, 3588, 8046, 5254, 4240, 4792, 4197, 6786, 5896, 576, 17106.52, 13.39, 11.77
11:34:18, 1051.70, 13.09, 6193, 3564, 14329, 5486, 4439, 4753, 4543, 6996, 6328, 711, 17092.16, 13.41, 11.77
11:34:18, 1044.70, 13.11, 4227, 3621, 12808, 4804, 3753, 3304, 3611, 5018, 6039, 732, 17077.82, 13.42, 11.79
11:34:19, 1037.80, 13.12, 2609, 2225, 5975, 3045, 3129, 3098, 3008, 4296, 5830, 697, 17092.16, 13.41, 11.79
11:34:19, 1031.50, 13.12, 1048, 1339, 1793, 1756, 2101, 1991, 2135, 2434, 5281, 689, 17120.89, 13.37, 11.79
11:34:20, 1024.20, 13.13, 1096, 1383, 1838, 1793, 2130, 1989, 2211, 2406, 5738, 1062, 17092.16, 13.41, 11.81
11:34:20, 1020.80, 13.13, 1240, 1575, 2053, 2017, 2059, 1925, 2166, 2281, 6285, 1498, 17077.82, 13.42, 11.81
11:34:20, 1021.00, 13.15, 1237, 1587, 2034, 2033, 2151, 1988, 2269, 2364, 6306, 1466, 17106.52, 13.39, 11.88
11:34:21, 1020.70, 13.16, 1262, 1616, 2075, 2080, 2287, 2097, 2470, 2519, 6357, 1496, 17106.52, 13.39, 11.88
11:34:21, 1020.60, 13.16, 1237, 1580, 2036, 2041, 2235, 2066, 2427, 2456, 6341, 1470, 17092.16, 13.41, 11.88
11:34:22, 1020.40, 13.17, 1238, 1601, 2069, 2077, 2373, 2182, 2683, 2667, 6551, 1552, 17092.16, 13.41, 11.91
11:34:22, 1020.60, 13.18, 2220, 2373, 4076, 3458, 6154, 4217, 9189, 5672, 9509, 3124, 17106.52, 13.39, 11.91
11:34:22, 1020.60, 13.19, 3684, 3925, 7782, 5512, 12959, 6658, 12823, 10626, 12575, 4624, 17120.89, 13.37, 11.91
11:34:23, 1020.90, 13.20, 4164, 5004, 10286, 6615, 16509, 7239, 17115, 12559, 12858, 4797, 17092.16, 13.41, 11.91
11:34:23, 1020.70, 13.22, 3850, 5454, 10022, 8445, 17892, 7417, 22222, 12137, 13693, 4964, 17106.52, 13.39, 11.91
11:34:24, 1020.60, 13.22, 4045, 7491, 11124, 12960, 18358, 7908, 25353, 12443, 13820, 4988, 17135.28, 13.35, 11.90
11:34:24, 1020.40, 13.23, 3804, 8456, 11247, 17214, 19337, 13589, 27224, 17412, 15314, 5405, 17149.68, 13.34, 11.90
11:34:25, 1020.50, 13.25, 4061, 9522, 12247, 17719, 21173, 16142, 30719, 19434, 16640, 5641, 17106.52, 13.39, 11.88
11:34:25, 1020.60, 13.25, 6326, 12417, 13148, 19861, 19996, 24249, 29079, 33459, 27571, 7738, 17092.16, 13.41, 11.88
11:34:25, 1020.50, 13.26, 8358, 13826, 17983, 19999, 23615, 25083, 24557, 33075, 35403, 17459, 17120.89, 13.37, 11.83
11:34:26, 1020.50, 13.27, 9358, 17891, 18748, 21036, 24171, 24278, 24263, 36000, 36000, 36000, 17077.82, 13.42, 11.83
11:34:26, 1020.90, 13.29, 9582, 15519, 20433, 23328, 29336, 19929, 34224, 35896, 36000, 36000, 17120.89, 13.37, 11.83
11:34:27, 1020.80, 13.30, 8671, 18908, 20466, 35087, 26478, 35746, 35592, 35854, 36000, 36000, 17063.49, 13.44, 11.80
11:34:27, 1020.80, 13.30, 1846, 2462, 3179, 3409, 3492, 3783, 3970, 4665, 25101, 8688, 17092.16, 13.41, 11.80
11:34:27, 1020.60, 13.31, 12678, 17619, 27067, 22214, 35483, 22010, 34578, 35908, 36000, 36000, 17092.16, 13.41, 11.78
11:34:28, 1020.60, 13.32, 5356, 16362, 20668, 31894, 30584, 19371, 36000, 21463, 36000, 36000, 17092.16, 13.41, 11.78
11:34:28, 1020.60, 13.33, 4543, 8662, 8721, 29600, 14452, 22637, 35801, 16071, 36000, 34261, 17092.16, 13.41, 11.78
11:34:29, 1020.50, 13.34, 5600, 5639, 7642, 14412, 9198, 16629, 15765, 14347, 36000, 19628, 17106.52, 13.39, 11.75
11:34:29, 1020.70, 13.35, 6214, 5606, 8375, 11108, 8790, 14474, 12235, 14476, 21981, 6745, 17063.49, 13.44, 11.75
11:34:30, 1020.50, 13.36, 6894, 5612, 7200, 12558, 8152, 22341, 9452, 12127, 15043, 5586, 17020.60, 13.49, 11.70
11:34:30, 1020.60, 13.36, 3143, 2547, 6617, 3421, 1966, 1878, 2082, 2212, 6196, 1434, 17063.49, 13.44, 11.70
11:34:30, 1020.60, 13.34, 1523, 1876, 2716, 2500, 8856, 5418, 9532, 7732, 13742, 5310, 17049.18, 13.46, 11.70
11:34:31, 1020.30, 13.35, 3329, 5779, 9135, 10168, 17697, 8496, 26588, 12493, 14945, 5437, 17020.60, 13.49, 11.70
11:34:31, 1020.60, 13.36, 3846, 8724, 11422, 16501, 20749, 16738, 29003, 22052, 16002, 5621, 17034.88, 13.48, 11.70
11:34:32, 1020.50, 13.36, 4148, 10312, 11259, 20236, 22424, 22480, 30522, 29666, 19673, 6491, 17006.34, 13.51, 11.68
11:34:32, 1020.50, 13.37, 9259, 16056, 20875, 19820, 23814, 23324, 27807, 36000, 36000, 13891, 17049.18, 13.46, 11.68
11:34:32, 1020.50, 13.38, 9688, 16727, 24056, 20165, 24501, 27477, 23378, 36000, 36000, 36000, 17049.18, 13.46, 11.68
11:34:33, 1020.60, 13.39, 15406, 21328, 27823, 26826, 29337, 33362, 33031, 36000, 36000, 36000, 17034.88, 13.48, 11.64
11:34:33, 1020.40, 13.39, 10772, 22229, 23764, 26659, 29278, 32884, 27661, 36000, 36000, 35879, 17077.82, 13.42, 11.64
11:34:34, 1020.70, 13.40, 10998, 18686, 27779, 26817, 27911, 31624, 29179, 36000, 36000, 20830, 17049.18, 13.46, 11.59
11:34:34, 1020.50, 13.39, 12585, 20539, 26336, 25608, 31033, 33127, 31303, 36000, 36000, 20068, 17077.82, 13.42, 11.59
11:34:34, 1020.50, 13.41, 11928, 21635, 28037, 27012, 28747, 32897, 26612, 36000, 36000, 27596, 17063.49, 13.44, 11.59
11:34:35, 1020.50, 13.42, 11621, 19653, 28495, 24788, 26890, 31189, 23892, 36000, 36000, 28796, 17049.18, 13.46, 11.54
11:34:35, 1020.60, 13.42, 10229, 17887, 24532, 21272, 27220, 31306, 23993, 36000, 36000, 23556, 17077.82, 13.42, 11.54
11:34:36, 1020.50, 13.43, 9412, 15968, 22597, 23829, 30901, 29371, 34574, 36000, 36000, 12136, 17106.52, 13.39, 11.49
11:34:36, 1020.50, 13.44, 11417, 17954, 24799, 24064, 29101, 36000, 32603, 36000, 32779, 10225, 17020.60, 13.49, 11.49
11:34:37, 1020.40, 13.45, 11987, 19747, 23505, 27004, 27249, 34967, 35893, 36000, 29716, 9838, 17049.18, 13.46, 11.49
11:34:37, 1020.40, 13.45, 8068, 14271, 16200, 20841, 25683, 24157, 31745, 36000, 36000, 9221, 17049.18, 13.46, 11.45
11:34:37, 1020.30, 13.46, 8510, 15267, 20268, 19502, 21826, 23603, 27536, 35066, 36000, 10389, 17063.49, 13.44, 11.45
11:34:38, 1020.40, 13.46, 6375, 9741, 9575, 18770, 20568, 23922, 29046, 33512, 34608, 8933, 17077.82, 13.42, 11.42
11:34:38, 1020.20, 13.46, 7123, 11782, 12087, 21691, 22601, 24864, 31707, 31666, 29188, 8366, 17049.18, 13.46, 11.42
11:34:39, 1020.40, 13.47, 9781, 16179, 20424, 22151, 23485, 30647, 34064, 36000, 24001, 7888, 17034.88, 13.48, 11.42
11:34:39, 1020.40, 13.47, 5224, 12695, 15238, 21928, 23856, 20213, 31868, 26178, 18252, 6316, 17077.82, 13.42, 11.38
11:34:39, 1020.50, 13.49, 5145, 11774, 15398, 19012, 22503, 18241, 31265, 23592, 16907, 5907, 17034.88, 13.48, 11.38
11:34:40, 1020.60, 13.49, 4840, 11899, 15151, 20940, 24096, 22343, 30341, 31004, 17995, 6224, 17077.82, 13.42, 11.37
11:34:40, 1020.60, 13.50, 4553, 10506, 14381, 19371, 23170, 19158, 32608, 25727, 17331, 6025, 17063.49, 13.44, 11.37
11:34:41, 1020.60, 13.50, 5289, 12708, 15889, 20313, 22499, 20279, 32475, 29804, 16193, 5692, 17034.88, 13.48, 11.34
11:34:41, 1020.40, 13.51, 5591, 11013, 14807, 17937, 22584, 15749, 27082, 27845, 15593, 5618, 17063.49, 13.44, 11.34
11:34:42, 1020.50, 13.52, 6601, 6853, 13890, 9592, 11880, 8139, 22143, 10981, 17346, 6993, 17063.49, 13.44, 11.34
11:34:42, 1020.60, 13.55, 5739, 5805, 13152, 7963, 10009, 8089, 9656, 10589, 22022, 8577, 17049.18, 13.46, 11.32
11:34:42, 1020.80, 13.56, 3383, 3436, 6401, 5315, 7024, 7541, 8802, 9368, 19359, 7880, 17063.49, 13.44, 11.32
11:34:43, 1020.80, 13.56, 6738, 4131, 7871, 6558, 7164, 8041, 9317, 9493, 19194, 7991, 17049.18, 13.46, 11.32
11:34:43, 1020.60, 13.57, 6145, 4083, 7255, 6541, 7524, 8427, 9598, 10150, 19348, 8065, 17077.82, 13.42, 11.32
11:34:44, 1021.00, 13.58, 4725, 3488, 5987, 5530, 5158, 5307, 6418, 6396, 14683, 5785, 17063.49, 13.44, 11.32
11:34:44, 1020.40, 13.58, 6424, 4058, 8817, 6278, 7009, 7488, 8877, 9249, 17479, 7073, 17063.49, 13.44, 11.34
11:34:44, 1020.60, 13.59, 4669, 3621, 6310, 5732, 6541, 7231, 8331, 8446, 16801, 6716, 17063.49, 13.44, 11.34
11:34:45, 1020.70, 13.61, 7365, 6533, 15888, 8373, 7101, 9603, 8799, 9481, 20255, 8476, 17049.18, 13.46, 11.38
11:34:45, 1020.80, 13.61, 6866, 3824, 6955, 6357, 8524, 10563, 10465, 9753, 18293, 7571, 17063.49, 13.44, 11.38
11:34:46, 1020.70, 13.65, 6107, 3999, 6585, 7213, 8054, 9004, 10425, 9121, 18488, 7605, 17063.49, 13.44, 11.38
11:34:46, 1020.70, 13.66, 5598, 3986, 6432, 7299, 8104, 8814, 10556, 9106, 18641, 7678, 17049.18, 13.46, 11.41
11:34:47, 1020.70, 13.67, 5616, 4017, 6459, 7446, 8349, 8988, 10576, 9217, 18832, 7728, 17063.49, 13.44, 11.41
11:34:47, 1020.50, 13.67, 5425, 4061, 6472, 7509, 8500, 8964, 10624, 9252, 18987, 7800, 17063.49, 13.44, 11.47
11:34:47, 1020.70, 13.68, 5651, 4092, 6578, 7626, 8522, 9121, 10710, 9332, 19181, 7846, 17077.82, 13.42, 11.47
11:34:48, 1020.70, 13.70, 5724, 4112, 6632, 7667, 8646, 9231, 10761, 9431, 19343, 7905, 17077.82, 13.42, 11.47
11:34:48, 1020.80, 13.69, 5667, 4153, 6662, 7727, 8689, 9241, 10854, 9455, 19323, 7884, 17049.18, 13.46, 11.50
11:34:49, 1020.60, 13.71, 5691, 4121, 6627, 7658, 8581, 9150, 10788, 9397, 19324, 7897, 17049.18, 13.46, 11.50
11:34:49, 1020.50, 13.71, 5681, 4138, 6646, 7664, 8663, 9091, 10797, 9401, 19292, 7897, 17063.49, 13.44, 11.54
11:34:49, 1020.50, 13.72, 5871, 4162, 6727, 7773, 8649, 9223, 10881, 9475, 19385, 7927, 17063.49, 13.44, 11.54
11:34:50, 1020.90, 13.73, 5527, 4108, 6556, 7536, 8424, 8833, 10798, 9300, 19305, 7939, 17063.49, 13.44, 11.54
11:34:50, 1020.90, 13.73, 5544, 4069, 6512, 7446, 8241, 8609, 10727, 9169, 19283, 7959, 17063.49, 13.44, 11.56
11:34:51, 1020.70, 13.74, 5326, 4087, 6460, 7436, 8176, 8558, 10693, 9128, 19265, 7951, 17063.49, 13.44, 11.56
11:34:51, 1020.50, 13.74, 5245, 4016, 6328, 7219, 8115, 8454, 10702, 9074, 19252, 7972, 17077.82, 13.42, 11.59
11:34:51, 1020.70, 13.75, 5009, 3960, 6198, 7102, 7684, 8052, 10490, 8840, 18676, 7945, 17063.49, 13.44, 11.59
11:34:52, 1020.40, 13.76, 4653, 3595, 5768, 6410, 7427, 7855, 10659, 9311, 21798, 11952, 17063.49, 13.44, 11.59
