Secchi Depth (cm) = 0800
Forel Ule Scale = 11
pH Colour Scale = 99
SmartSecchi S/N = A0000001
Latitude (degs N) = 56.53041
Longitude (degs E) = -5.39724
Date = 2023-05-25
Time (UTC), Pressure (mbar) MS5803, Temp (deg C) MS5803, 415nm, 445nm, 480nm, 515nm, 555nm, 590nm, 630nm, 680nm, Clear, NIR, Resistance 10KTHERM, Temp (deg C) 10KTHERM, Temp (deg C) TMP117
10:50:24, 1020.40, 12.98, 414, 590, 799, 973, 749, 781, 866, 959, 3242, 1469, 17411.58, 13.02, 13.99
10:50:24, 1020.30, 13.00, 301, 401, 560, 670, 1028, 1041, 1264, 1346, 3504, 1567, 17411.58, 13.02, 13.99
10:50:24, 1020.70, 13.01, 421, 600, 814, 992, 847, 883, 999, 1082, 3243, 1442, 17411.58, 13.02, 14.06
10:50:25, 1020.20, 13.01, 252, 315, 455, 530, 701, 697, 826, 847, 3182, 1463, 17411.58, 13.02, 14.06
10:50:25, 1020.20, 13.03, 317, 434, 598, 732, 558, 560, 617, 660, 3032, 1396, 17426.28, 13.00, 14.06
10:50:26, 1020.30, 13.03, 249, 319, 452, 547, 539, 535, 611, 620, 2963, 1375, 17382.23, 13.06, 14.13
10:50:26, 1020.30, 13.03, 295, 391, 548, 652, 936, 961, 1052, 1244, 3857, 1686, 17396.89, 13.04, 14.13
10:50:27, 1020.50, 13.04, 301, 410, 564, 693, 738, 745, 867, 924, 3213, 1439, 17338.32, 13.11, 14.18
10:50:27, 1020.30, 13.04, 275, 346, 495, 585, 605, 601, 675, 721, 3130, 1450, 17352.94, 13.09, 14.18
10:50:27, 1020.20, 13.05, 348, 532, 709, 872, 954, 1012, 1153, 1355, 2969, 1071, 17367.58, 13.07, 14.18
10:50:28, 1020.20, 13.06, 296, 434, 594, 714, 765, 808, 924, 1063, 2460, 928, 17338.32, 13.11, 14.22
10:50:28, 1020.40, 13.06, 365, 552, 748, 903, 908, 971, 1095, 1271, 2932, 1095, 17338.32, 13.11, 14.22
10:50:29, 1021.70, 13.13, 523, 760, 1046, 1206, 2059, 2226, 2405, 2725, 13070, 5489, 17367.58, 13.07, 14.33
10:50:29, 1021.60, 13.12, 1973, 3023, 3727, 4684, 2251, 2353, 2732, 3018, 9060, 3295, 17367.58, 13.07, 14.33
10:50:29, 1021.10, 13.10, 1080, 1458, 1796, 2113, 2808, 2930, 3797, 3804, 10295, 4099, 17367.58, 13.07, 14.33
10:50:30, 1021.30, 13.13, 2897, 4310, 5010, 8220, 8863, 11417, 13699, 12425, 29241, 9239, 17352.94, 13.09, 14.33
10:50:30, 1021.40, 13.11, 1173, 1610, 2003, 2227, 2446, 2698, 3402, 3846, 11569, 4659, 17352.94, 13.09, 14.33
10:50:31, 1021.00, 13.08, 1372, 1983, 2453, 3110, 2067, 2313, 2886, 3270, 9794, 3906, 17338.32, 13.11, 14.26
10:50:31, 1021.70, 13.13, 968, 1289, 1546, 1861, 2492, 2748, 3441, 3600, 10773, 4217, 17352.94, 13.09, 14.26
10:50:32, 1021.80, 13.13, 1347, 1877, 2271, 2935, 3399, 3645, 4892, 4519, 12370, 5003, 17382.23, 13.06, 14.26
10:50:32, 1023.00, 13.22, 701, 1030, 1321, 1593, 1109, 1191, 1463, 1748, 7996, 4330, 17411.58, 13.02, 14.26
10:50:32, 1023.20, 13.22, 606, 823, 1044, 1253, 602, 835, 1273, 1552, 5148, 3866, 17396.89, 13.04, 14.26
10:50:33, 1023.30, 13.23, 250, 331, 408, 478, 432, 614, 982, 1284, 4483, 3729, 17382.23, 13.06, 14.27
10:50:33, 1023.00, 13.23, 293, 327, 425, 481, 454, 546, 741, 965, 4105, 2860, 17352.94, 13.09, 14.27
10:50:34, 1023.20, 13.24, 296, 380, 483, 581, 622, 876, 1279, 1584, 4963, 3500, 17367.58, 13.07, 14.35
10:50:34, 1023.40, 13.24, 371, 508, 635, 775, 846, 1135, 1574, 1888, 5148, 3349, 17367.58, 13.07, 14.35
10:50:34, 1023.30, 13.25, 339, 442, 563, 673, 794, 1063, 1513, 1978, 6193, 4370, 17352.94, 13.09, 14.35
10:50:35, 1023.20, 13.25, 483, 663, 845, 1019, 1045, 1390, 1949, 2321, 5330, 3514, 17382.23, 13.06, 14.41
10:50:35, 1023.30, 13.25, 498, 700, 885, 1054, 1210, 1646, 2231, 2722, 5719, 3611, 17352.94, 13.09, 14.41
10:50:36, 1023.10, 13.26, 365, 471, 585, 708, 1362, 2032, 2947, 3573, 8801, 5331, 17338.32, 13.11, 14.45
10:50:36, 1023.10, 13.27, 599, 812, 1067, 1267, 1274, 1311, 1499, 1618, 4287, 2061, 17338.32, 13.11, 14.45
10:50:37, 1019.60, 13.04, 1103, 1532, 1997, 2252, 2603, 2714, 3164, 3407, 10408, 4084, 17352.94, 13.09, 14.45
10:50:37, 1019.80, 13.10, 1634, 2347, 3037, 3634, 7890, 10476, 11238, 12304, 33475, 18145, 17367.58, 13.07, 14.41
