Secchi Depth (cm) = 0670
Forel Ule Scale = 08
pH Colour Scale = 99
SmartSecchi S/N = A0000001
Latitude (degs N) = 56.46486
Longitude (degs E) = -5.51797
Date = 2023-05-25
Time (UTC), Pressure (mbar) MS5803, Temp (deg C) MS5803, 415nm, 445nm, 480nm, 515nm, 555nm, 590nm, 630nm, 680nm, Clear, NIR, Resistance 10KTHERM, Temp (deg C) 10KTHERM, Temp (deg C) TMP117
08:57:15, 1023.80, 15.29, 2416, 3448, 4671, 5485, 6020, 6402, 7572, 8531, 18607, 7574, 12794.12, 19.56, 11.30
08:57:15, 1024.00, 15.28, 2755, 3525, 5002, 5583, 6273, 6835, 7643, 9013, 19976, 8044, 12804.28, 19.54, 11.30
08:57:16, 1024.00, 15.27, 2846, 3503, 4957, 5628, 6026, 6910, 7466, 8891, 24128, 9624, 12804.28, 19.54, 11.34
08:57:16, 1023.80, 15.28, 2101, 2745, 3712, 4445, 4779, 5350, 6151, 6918, 24787, 9926, 12794.12, 19.56, 11.34
08:57:16, 1023.60, 15.31, 2101, 2971, 3955, 4840, 5467, 5725, 7357, 7669, 35107, 14912, 12804.28, 19.54, 11.34
08:57:17, 1024.10, 15.37, 2165, 3236, 4338, 5273, 4860, 4954, 6361, 6692, 34895, 14970, 12824.63, 19.50, 11.38
08:57:17, 1024.20, 15.42, 1233, 1723, 2348, 2674, 2461, 2656, 3136, 3589, 18148, 8187, 12824.63, 19.50, 11.38
08:57:18, 1024.30, 15.50, 787, 1004, 1419, 1644, 1765, 1926, 2286, 2612, 15078, 7517, 12814.45, 19.52, 11.35
08:57:18, 1024.80, 15.55, 464, 554, 810, 959, 839, 959, 1145, 1212, 4495, 2252, 12834.82, 19.49, 11.35
08:57:19, 1024.40, 15.60, 437, 431, 688, 772, 968, 1115, 1246, 1383, 3412, 1514, 12824.63, 19.50, 11.29
08:57:19, 1024.20, 15.64, 571, 724, 1020, 1164, 1511, 1562, 1975, 2176, 5938, 2673, 12804.28, 19.54, 11.29
08:57:19, 1024.20, 15.68, 674, 915, 1230, 1635, 1738, 1899, 2532, 2372, 11460, 5432, 12875.67, 19.42, 11.29
08:57:20, 1024.50, 15.73, 773, 780, 1224, 1353, 1794, 1878, 2287, 2497, 13716, 6814, 12855.23, 19.45, 11.20
08:57:20, 1024.10, 15.77, 1159, 1655, 2219, 2620, 3448, 3643, 4509, 4849, 15143, 6340, 12865.44, 19.44, 11.20
08:57:21, 1024.20, 15.80, 1886, 2796, 3613, 4499, 5090, 5614, 6678, 7374, 24086, 9395, 12855.23, 19.45, 11.10
08:57:21, 1024.40, 15.85, 2127, 3074, 4001, 4970, 5358, 5813, 7103, 7605, 28025, 10964, 12855.23, 19.45, 11.10
08:57:21, 1024.50, 15.90, 2051, 3064, 4008, 4964, 5374, 5438, 7057, 7250, 30378, 14323, 12865.44, 19.44, 11.10
08:57:22, 1024.30, 15.94, 2171, 2950, 4197, 4573, 5461, 5787, 6608, 7615, 36000, 21163, 12906.40, 19.37, 11.08
08:57:22, 1024.70, 15.98, 2922, 3277, 4691, 5609, 5311, 6016, 6660, 7843, 34696, 14804, 12885.91, 19.40, 11.08
08:57:23, 1024.70, 16.01, 2070, 2953, 3971, 4643, 5060, 5544, 6321, 7228, 28064, 11158, 12896.15, 19.38, 11.00
08:57:23, 1024.40, 16.03, 2003, 2975, 3950, 4710, 4882, 5244, 6216, 6863, 23474, 9605, 12906.40, 19.37, 11.00
08:57:24, 1024.60, 16.06, 1723, 2531, 3393, 3932, 4129, 4375, 5153, 5756, 19327, 7867, 12947.51, 19.30, 11.00
08:57:24, 1032.50, 16.08, 1446, 2045, 2758, 3158, 2814, 2988, 3404, 3910, 11779, 3337, 12896.15, 19.38, 10.95
08:57:24, 1032.20, 15.96, 1310, 1886, 2562, 2981, 3308, 3537, 4024, 4567, 12553, 2745, 12937.22, 19.32, 10.95
08:57:25, 1031.80, 15.84, 1472, 2088, 2838, 3262, 3677, 3919, 4339, 5147, 15097, 3975, 12916.67, 19.35, 11.38
08:57:25, 1032.80, 15.73, 1353, 1977, 2664, 3110, 3484, 3716, 4160, 4826, 13662, 3132, 12968.12, 19.26, 11.38
08:57:26, 1031.10, 15.65, 1458, 2099, 2841, 3281, 3567, 3815, 4362, 4955, 14414, 3834, 12957.81, 19.28, 11.55
08:57:26, 1032.10, 15.57, 1503, 2153, 2933, 3354, 3418, 3668, 4110, 4777, 14749, 3507, 12968.12, 19.26, 11.55
08:57:26, 1029.10, 15.50, 1669, 2376, 3223, 3715, 3708, 3986, 4555, 5186, 15072, 5051, 12988.76, 19.23, 11.55
08:57:27, 1033.90, 15.40, 1556, 2205, 3030, 3458, 3580, 3781, 4309, 4884, 12659, 2618, 12988.76, 19.23, 11.61
08:57:27, 1035.10, 15.35, 1623, 2324, 3186, 3599, 3765, 4041, 4446, 5208, 14637, 2967, 12988.76, 19.23, 11.61
08:57:28, 1034.10, 15.31, 1556, 2222, 3051, 3518, 3935, 4233, 4626, 5512, 16187, 3484, 13009.45, 19.19, 11.60
08:57:28, 1036.50, 15.27, 1576, 2259, 3095, 3576, 3821, 4091, 4535, 5247, 13764, 2503, 12999.10, 19.21, 11.60
08:57:29, 1037.60, 15.23, 1535, 2192, 3002, 3456, 3652, 3927, 4360, 5019, 12894, 2349, 13019.80, 19.18, 11.60
08:57:29, 1035.20, 15.21, 1518, 2183, 3001, 3481, 3853, 4187, 4510, 5424, 14646, 2763, 13019.80, 19.18, 11.59
08:57:29, 1033.00, 15.18, 1582, 2262, 3073, 3569, 3748, 4030, 4496, 5195, 13654, 3022, 13061.32, 19.11, 11.59
08:57:30, 1033.20, 15.16, 1504, 2148, 2933, 3357, 4080, 4400, 4815, 5685, 15861, 3243, 13061.32, 19.11, 11.63
08:57:30, 1033.00, 15.13, 1584, 2264, 3075, 3555, 3974, 4240, 4761, 5558, 16697, 4558, 13061.32, 19.11, 11.63
08:57:31, 1040.00, 15.11, 1512, 2177, 2985, 3454, 3528, 3688, 4243, 4750, 13375, 2351, 13082.13, 19.07, 11.63
08:57:31, 1041.50, 15.09, 1457, 2146, 2969, 3425, 3771, 3919, 4473, 5055, 14876, 2500, 13071.72, 19.09, 11.63
08:57:31, 1038.40, 15.06, 1523, 2248, 3116, 3609, 3812, 3989, 4602, 5117, 15545, 2794, 13102.98, 19.04, 11.63
08:57:32, 1035.10, 15.03, 1499, 2189, 2997, 3470, 3804, 4032, 4627, 5177, 15864, 3304, 13092.55, 19.06, 11.64
08:57:32, 1032.60, 15.01, 1529, 2230, 3062, 3496, 3745, 3990, 4581, 5166, 15705, 3897, 13102.98, 19.04, 11.64
08:57:33, 1043.70, 14.99, 1403, 2024, 2775, 3200, 3472, 3660, 4127, 4636, 13950, 2268, 13102.98, 19.04, 11.65
08:57:33, 1056.70, 14.97, 1131, 1693, 2389, 2761, 3251, 3345, 3814, 4153, 11708, 1358, 13102.98, 19.04, 11.65
08:57:34, 1066.40, 14.95, 1116, 1702, 2439, 2856, 3137, 3225, 3666, 3888, 11658, 1123, 13134.33, 18.99, 11.65
08:57:34, 1079.60, 14.93, 937, 1455, 2114, 2521, 3207, 3220, 3632, 3747, 11885, 967, 13134.33, 18.99, 11.63
08:57:34, 1092.50, 14.90, 1008, 1595, 2377, 2845, 3197, 3222, 3522, 3615, 11630, 853, 13144.80, 18.97, 11.63
08:57:35, 1098.70, 14.87, 963, 1544, 2336, 2806, 3148, 3161, 3429, 3445, 10924, 757, 13144.80, 18.97, 11.50
08:57:35, 1103.80, 14.85, 905, 1460, 2217, 2679, 2835, 2790, 3043, 3010, 9693, 650, 13165.76, 18.94, 11.50
08:57:36, 1108.00, 14.83, 898, 1447, 2206, 2682, 3004, 2981, 3215, 3153, 10074, 664, 13176.26, 18.92, 11.50
08:57:36, 1115.50, 14.81, 841, 1367, 2086, 2535, 2746, 2714, 2903, 2816, 9044, 582, 13186.76, 18.90, 11.40
08:57:36, 1125.80, 14.80, 802, 1314, 2026, 2465, 2790, 2723, 2883, 2767, 8596, 539, 13197.28, 18.88, 11.40
08:57:37, 1136.40, 14.78, 738, 1221, 1912, 2341, 2581, 2482, 2604, 2442, 8091, 500, 13207.80, 18.87, 11.30
08:57:37, 1145.90, 14.75, 681, 1141, 1804, 2224, 2550, 2437, 2526, 2339, 7736, 472, 13197.28, 18.88, 11.30
08:57:38, 1151.50, 14.73, 696, 1176, 1867, 2318, 2715, 2578, 2674, 2444, 8204, 503, 13218.34, 18.85, 11.30
08:57:38, 1154.80, 14.71, 727, 1242, 1985, 2470, 2905, 2770, 2854, 2621, 8867, 539, 13207.80, 18.87, 11.28
08:57:39, 1162.00, 14.69, 742, 1282, 2060, 2574, 2961, 2789, 2906, 2609, 9087, 553, 13218.34, 18.85, 11.28
08:57:39, 1171.90, 14.67, 709, 1245, 2024, 2547, 2851, 2650, 2739, 2386, 9060, 543, 13218.34, 18.85, 11.26
08:57:39, 1182.00, 14.64, 656, 1172, 1922, 2451, 2719, 2505, 2558, 2191, 8868, 526, 13239.44, 18.82, 11.26
08:57:40, 1191.20, 14.61, 595, 1068, 1769, 2268, 2530, 2324, 2339, 1979, 8912, 524, 13250.00, 18.80, 11.19
08:57:40, 1197.40, 14.59, 538, 968, 1607, 2070, 2391, 2184, 2182, 1835, 8977, 527, 13250.00, 18.80, 11.19
08:57:41, 1205.40, 14.57, 550, 995, 1659, 2141, 2482, 2259, 2238, 1860, 9336, 543, 13271.16, 18.76, 11.19
08:57:41, 1217.20, 14.54, 516, 941, 1580, 2051, 2158, 1952, 1894, 1574, 8714, 520, 13260.57, 18.78, 11.13
08:57:41, 1227.40, 14.50, 437, 782, 1323, 1722, 1973, 1779, 1685, 1395, 8055, 488, 13271.16, 18.76, 11.13
08:57:42, 1238.30, 14.47, 475, 858, 1467, 1910, 2232, 2004, 1858, 1522, 8341, 495, 13271.16, 18.76, 11.09
08:57:42, 1248.30, 14.41, 422, 769, 1329, 1741, 2236, 1986, 1835, 1467, 8339, 492, 13292.35, 18.73, 11.09
08:57:43, 1259.80, 14.39, 522, 986, 1721, 2271, 2732, 2387, 2177, 1671, 8402, 473, 13292.35, 18.73, 11.09
08:57:43, 1270.00, 14.37, 464, 863, 1518, 2004, 2183, 1900, 1707, 1324, 7885, 465, 13313.58, 18.70, 11.04
08:57:44, 1278.30, 14.34, 411, 773, 1370, 1827, 2100, 1820, 1625, 1236, 7788, 457, 13302.96, 18.71, 11.04
08:57:44, 1286.60, 14.31, 407, 768, 1366, 1821, 2149, 1852, 1637, 1245, 7720, 453, 13302.96, 18.71, 11.00
08:57:44, 1300.00, 14.30, 411, 778, 1393, 1858, 2050, 1745, 1512, 1141, 7242, 430, 13334.85, 18.66, 11.00
08:57:45, 1308.60, 14.28, 407, 773, 1399, 1861, 2142, 1806, 1544, 1145, 7231, 424, 13345.50, 18.64, 11.00
08:57:45, 1314.90, 14.26, 389, 743, 1350, 1809, 2044, 1717, 1458, 1068, 7023, 412, 13324.21, 18.68, 11.00
08:57:46, 1319.90, 14.25, 375, 724, 1323, 1785, 2049, 1710, 1449, 1044, 7043, 410, 13366.83, 18.61, 11.00
08:57:46, 1324.10, 14.23, 380, 732, 1345, 1810, 2073, 1721, 1444, 1041, 6953, 405, 13377.52, 18.59, 10.98
08:57:46, 1327.70, 14.20, 377, 733, 1353, 1824, 1966, 1622, 1368, 975, 6547, 382, 13366.83, 18.61, 10.98
08:57:47, 1331.70, 14.18, 342, 661, 1220, 1639, 1988, 1629, 1379, 981, 6402, 374, 13366.83, 18.61, 10.99
08:57:47, 1340.60, 14.18, 385, 752, 1395, 1868, 2044, 1660, 1384, 981, 6470, 380, 13388.20, 18.57, 10.99
08:57:48, 1351.90, 14.18, 321, 625, 1170, 1572, 1885, 1517, 1243, 874, 6130, 365, 13377.52, 18.59, 10.99
08:57:48, 1361.20, 14.18, 336, 655, 1239, 1670, 1991, 1596, 1275, 890, 6283, 372, 13377.52, 18.59, 10.98
08:57:49, 1367.70, 14.17, 318, 621, 1179, 1603, 1883, 1511, 1200, 830, 6137, 361, 13420.33, 18.52, 10.98
08:57:49, 1369.00, 14.16, 322, 633, 1205, 1638, 1866, 1488, 1189, 815, 6059, 356, 13420.33, 18.52, 10.97
08:57:49, 1369.10, 14.16, 326, 646, 1224, 1665, 1860, 1481, 1195, 816, 6020, 352, 13431.06, 18.51, 10.97
08:57:50, 1373.40, 14.15, 318, 629, 1201, 1636, 2033, 1609, 1290, 869, 6172, 354, 13420.33, 18.52, 10.97
08:57:50, 1382.10, 14.15, 344, 691, 1327, 1811, 2023, 1584, 1253, 837, 6022, 348, 13420.33, 18.52, 10.95
08:57:51, 1392.40, 14.14, 320, 639, 1238, 1687, 1975, 1537, 1192, 794, 5924, 347, 13463.30, 18.45, 10.95
08:57:51, 1400.80, 14.12, 303, 606, 1183, 1619, 1838, 1426, 1097, 719, 5661, 330, 13409.61, 18.54, 10.93
08:57:51, 1405.90, 14.11, 296, 594, 1164, 1604, 1831, 1416, 1082, 706, 5646, 330, 13452.54, 18.47, 10.93
08:57:52, 1407.60, 14.10, 279, 561, 1099, 1520, 1781, 1371, 1058, 685, 5509, 322, 13452.54, 18.47, 10.93
08:57:52, 1412.80, 14.10, 298, 604, 1188, 1642, 2049, 1572, 1198, 772, 5762, 328, 13474.07, 18.44, 10.91
08:57:53, 1420.00, 14.09, 273, 556, 1095, 1524, 1830, 1395, 1067, 677, 5375, 310, 13452.54, 18.47, 10.91
08:57:53, 1429.80, 14.09, 280, 571, 1139, 1584, 1835, 1387, 1042, 656, 5359, 311, 13495.63, 18.40, 10.91
08:57:54, 1440.40, 14.08, 270, 554, 1112, 1549, 1837, 1378, 1016, 635, 5272, 305, 13484.85, 18.42, 10.91
08:57:54, 1450.90, 14.06, 281, 580, 1175, 1643, 1845, 1374, 998, 618, 5187, 298, 13495.63, 18.40, 10.91
08:57:54, 1458.90, 14.04, 255, 529, 1073, 1509, 1776, 1312, 955, 584, 5018, 289, 13495.63, 18.40, 10.91
08:57:55, 1463.80, 14.03, 234, 489, 995, 1407, 1639, 1201, 878, 526, 4571, 265, 13517.24, 18.37, 10.91
08:57:55, 1467.10, 14.02, 233, 489, 1000, 1422, 1712, 1248, 912, 542, 4541, 261, 13517.24, 18.37, 10.88
08:57:56, 1472.20, 14.02, 237, 501, 1032, 1471, 1734, 1260, 913, 538, 4471, 255, 13538.89, 18.33, 10.88
08:57:56, 1479.50, 14.02, 239, 507, 1049, 1495, 1739, 1257, 899, 529, 4558, 261, 13538.89, 18.33, 10.87
08:57:56, 1487.80, 14.01, 232, 489, 1017, 1449, 1747, 1258, 881, 521, 4730, 273, 13560.57, 18.30, 10.87
08:57:57, 1497.50, 14.01, 231, 484, 1018, 1450, 1724, 1240, 849, 501, 4704, 272, 13549.72, 18.32, 10.87
08:57:57, 1506.60, 14.00, 231, 485, 1026, 1468, 1712, 1223, 829, 483, 4669, 269, 13549.72, 18.32, 10.85
08:57:58, 1513.20, 13.98, 215, 453, 961, 1385, 1649, 1170, 797, 457, 4489, 257, 13560.57, 18.30, 10.85
08:57:58, 1518.10, 13.97, 214, 457, 971, 1405, 1632, 1152, 790, 447, 4269, 244, 13560.57, 18.30, 10.85
08:57:59, 1520.60, 13.94, 203, 437, 928, 1353, 1633, 1149, 797, 445, 3965, 224, 13571.43, 18.28, 10.85
08:57:59, 1527.00, 13.93, 217, 473, 1009, 1473, 1776, 1239, 854, 473, 4081, 227, 13571.43, 18.28, 10.85
08:57:59, 1536.50, 13.93, 207, 454, 977, 1430, 1659, 1144, 780, 428, 3967, 226, 13582.30, 18.27, 10.83
08:58:00, 1545.10, 13.93, 197, 428, 931, 1358, 1650, 1131, 749, 413, 4148, 239, 13593.17, 18.25, 10.83
08:58:00, 1549.80, 13.92, 194, 417, 914, 1332, 1559, 1072, 700, 386, 4131, 239, 13625.87, 18.20, 10.82
08:58:01, 1553.00, 13.92, 203, 436, 956, 1394, 1681, 1161, 745, 414, 4338, 248, 13604.06, 18.23, 10.82
08:58:01, 1556.00, 13.91, 192, 410, 900, 1321, 1591, 1098, 708, 389, 4265, 243, 13625.87, 18.20, 10.81
08:58:02, 1562.20, 13.90, 208, 449, 990, 1455, 1737, 1191, 756, 415, 4350, 245, 13625.87, 18.20, 10.81
08:58:02, 1571.30, 13.89, 194, 419, 931, 1370, 1533, 1039, 662, 357, 4013, 232, 13625.87, 18.20, 10.81
08:58:02, 1580.70, 13.88, 180, 389, 872, 1286, 1512, 1019, 637, 342, 3953, 229, 13636.78, 18.18, 10.80
08:58:03, 1588.10, 13.87, 176, 378, 855, 1262, 1536, 1035, 632, 341, 3970, 231, 13636.78, 18.18, 10.80
08:58:03, 1592.10, 13.86, 180, 386, 875, 1297, 1538, 1037, 629, 338, 4007, 231, 13658.65, 18.14, 10.80
08:58:04, 1593.70, 13.86, 184, 395, 897, 1333, 1634, 1103, 666, 358, 4114, 235, 13669.60, 18.13, 10.80
08:58:04, 1596.20, 13.86, 180, 386, 877, 1306, 1608, 1085, 660, 351, 4159, 236, 13669.60, 18.13, 10.80
08:58:04, 1602.70, 13.86, 197, 427, 973, 1449, 1704, 1140, 687, 365, 4179, 237, 13658.65, 18.14, 10.79
08:58:05, 1613.40, 13.85, 183, 398, 912, 1358, 1553, 1030, 619, 325, 3948, 227, 13658.65, 18.14, 10.79
08:58:05, 1623.10, 13.83, 173, 375, 867, 1295, 1581, 1047, 614, 324, 3934, 227, 13713.49, 18.06, 10.79
08:58:06, 1629.30, 13.81, 175, 379, 881, 1320, 1623, 1077, 619, 327, 3920, 224, 13702.50, 18.08, 10.79
08:58:06, 1632.60, 13.81, 175, 379, 883, 1329, 1582, 1046, 602, 315, 3905, 223, 13691.52, 18.09, 10.79
08:58:07, 1634.50, 13.80, 173, 375, 875, 1319, 1581, 1042, 601, 312, 3931, 224, 13735.50, 18.02, 10.77
08:58:07, 1639.70, 13.80, 177, 387, 909, 1372, 1586, 1036, 596, 307, 3879, 221, 13724.49, 18.04, 10.77
08:58:07, 1642.10, 13.79, 165, 361, 851, 1286, 1572, 1022, 587, 300, 3839, 219, 13713.49, 18.06, 10.76
08:58:08, 1648.90, 13.79, 174, 381, 902, 1365, 1665, 1083, 603, 313, 3832, 218, 13735.50, 18.02, 10.76
08:58:08, 1659.60, 13.78, 161, 350, 836, 1269, 1528, 994, 547, 281, 3687, 212, 13746.52, 18.01, 10.73
08:58:09, 1667.70, 13.77, 163, 353, 848, 1295, 1588, 1038, 560, 288, 3690, 209, 13746.52, 18.01, 10.73
08:58:09, 1669.70, 13.76, 166, 359, 862, 1322, 1599, 1051, 565, 291, 3670, 207, 13768.59, 17.97, 10.73
08:58:09, 1672.50, 13.75, 166, 360, 864, 1335, 1597, 1047, 566, 287, 3783, 213, 13768.59, 17.97, 10.71
08:58:10, 1678.30, 13.75, 168, 365, 880, 1360, 1640, 1070, 572, 290, 3762, 211, 13768.59, 17.97, 10.71
08:58:10, 1687.10, 13.74, 165, 358, 870, 1346, 1566, 1015, 537, 270, 3684, 208, 13779.64, 17.96, 10.70
08:58:11, 1695.40, 13.73, 157, 340, 832, 1293, 1567, 1012, 527, 265, 3625, 205, 13779.64, 17.96, 10.70
08:58:11, 1702.70, 13.72, 154, 334, 823, 1288, 1565, 1010, 522, 260, 3580, 201, 13812.85, 17.90, 10.70
08:58:12, 1710.00, 13.71, 156, 339, 836, 1311, 1581, 1019, 524, 259, 3496, 194, 13779.64, 17.96, 10.68
08:58:12, 1713.80, 13.70, 154, 338, 835, 1320, 1583, 1018, 525, 257, 3491, 193, 13812.85, 17.90, 10.68
08:58:12, 1717.40, 13.69, 154, 337, 833, 1319, 1583, 1018, 523, 255, 3494, 193, 13812.85, 17.90, 10.69
08:58:13, 1722.50, 13.70, 154, 338, 839, 1331, 1599, 1023, 522, 254, 3500, 193, 13823.94, 17.89, 10.69
08:58:13, 1729.20, 13.70, 154, 338, 843, 1336, 1598, 1020, 515, 250, 3440, 190, 13846.15, 17.85, 10.69
08:58:14, 1735.50, 13.70, 149, 326, 818, 1309, 1580, 1001, 504, 242, 3466, 191, 13846.15, 17.85, 10.69
08:58:14, 1739.90, 13.69, 146, 321, 808, 1294, 1561, 988, 494, 237, 3420, 189, 13823.94, 17.89, 10.69
08:58:14, 1743.40, 13.69, 147, 324, 819, 1316, 1601, 1006, 503, 240, 3402, 186, 13846.15, 17.85, 10.69
08:58:15, 1746.30, 13.69, 147, 325, 825, 1327, 1609, 1008, 504, 239, 3327, 181, 13868.41, 17.82, 10.69
08:58:15, 1749.70, 13.70, 147, 329, 836, 1350, 1638, 1021, 511, 240, 3243, 175, 13857.28, 17.83, 10.69
08:58:16, 1750.90, 13.71, 147, 328, 838, 1357, 1652, 1025, 515, 240, 3251, 175, 13868.41, 17.82, 10.69
08:58:16, 1753.60, 13.70, 148, 332, 849, 1376, 1674, 1040, 524, 244, 3154, 169, 13868.41, 17.82, 10.69
08:58:17, 1759.20, 13.70, 148, 334, 854, 1382, 1683, 1040, 525, 243, 3125, 168, 13901.87, 17.77, 10.68
08:58:17, 1768.90, 13.71, 146, 329, 847, 1372, 1664, 1022, 514, 237, 3106, 167, 13901.87, 17.77, 10.68
08:58:17, 1777.90, 13.69, 140, 316, 818, 1330, 1629, 996, 499, 228, 2994, 161, 13913.04, 17.75, 10.70
08:58:18, 1785.60, 13.67, 139, 315, 817, 1329, 1617, 986, 493, 224, 2822, 151, 13901.87, 17.77, 10.70
08:58:18, 1793.00, 13.65, 136, 309, 808, 1321, 1621, 982, 484, 219, 2815, 150, 13901.87, 17.77, 10.70
08:58:19, 1799.70, 13.63, 133, 302, 794, 1303, 1584, 957, 465, 210, 2789, 149, 13935.42, 17.71, 10.70
08:58:19, 1800.00, 13.61, 131, 295, 780, 1281, 1560, 944, 453, 206, 2873, 155, 13946.63, 17.70, 10.70
08:58:20, 1801.10, 13.60, 131, 293, 774, 1270, 1567, 947, 448, 205, 3012, 163, 13946.63, 17.70, 10.70
08:58:20, 1803.60, 13.59, 133, 297, 786, 1293, 1576, 956, 446, 205, 3030, 164, 13946.63, 17.70, 10.70
08:58:20, 1809.50, 13.59, 133, 297, 788, 1291, 1571, 956, 440, 205, 2919, 157, 13969.07, 17.66, 10.69
08:58:21, 1816.70, 13.60, 128, 285, 759, 1247, 1497, 909, 418, 192, 2874, 156, 13957.85, 17.68, 10.69
08:58:21, 1824.70, 13.60, 124, 275, 736, 1216, 1512, 907, 418, 190, 2868, 155, 13980.31, 17.65, 10.69
08:58:22, 1831.70, 13.59, 123, 276, 741, 1226, 1494, 895, 413, 186, 2729, 147, 13980.31, 17.65, 10.67
08:58:22, 1838.30, 13.58, 121, 272, 734, 1217, 1502, 893, 410, 184, 2670, 143, 13980.31, 17.65, 10.67
08:58:22, 1840.10, 13.53, 119, 269, 728, 1209, 1476, 879, 401, 180, 2692, 145, 13991.56, 17.63, 10.66
08:58:23, 1839.90, 13.53, 120, 268, 726, 1205, 1485, 884, 398, 180, 2817, 153, 14014.08, 17.59, 10.66
08:58:23, 1842.30, 13.54, 121, 268, 728, 1206, 1485, 882, 391, 179, 2947, 161, 14025.36, 17.58, 10.66
08:58:24, 1847.10, 13.58, 122, 272, 739, 1223, 1489, 882, 386, 178, 2933, 160, 14025.36, 17.58, 10.65
08:58:24, 1853.70, 13.58, 119, 262, 714, 1179, 1428, 856, 370, 172, 2773, 152, 14025.36, 17.58, 10.65
08:58:25, 1862.90, 13.57, 116, 256, 700, 1163, 1411, 836, 364, 165, 2757, 151, 14002.82, 17.61, 10.63
08:58:25, 1868.90, 13.53, 112, 249, 683, 1140, 1409, 830, 362, 163, 2649, 144, 14014.08, 17.59, 10.63
08:58:25, 1872.30, 13.51, 112, 251, 693, 1162, 1432, 840, 367, 164, 2583, 139, 14025.36, 17.58, 10.61
08:58:26, 1869.00, 13.49, 113, 252, 696, 1165, 1437, 844, 369, 165, 2603, 140, 14036.65, 17.56, 10.61
08:58:26, 1865.80, 13.48, 114, 254, 702, 1176, 1453, 851, 372, 166, 2748, 149, 14036.65, 17.56, 10.61
08:58:27, 1867.50, 13.48, 116, 260, 719, 1203, 1491, 867, 378, 169, 2772, 149, 14047.95, 17.54, 10.60
08:58:27, 1872.60, 13.47, 117, 261, 723, 1209, 1489, 873, 379, 170, 2600, 139, 14070.59, 17.51, 10.60
08:58:27, 1880.60, 13.47, 115, 259, 719, 1204, 1456, 853, 368, 165, 2514, 135, 14070.59, 17.51, 10.61
08:58:28, 1891.40, 13.45, 107, 239, 664, 1114, 1375, 804, 343, 153, 2479, 134, 14059.26, 17.52, 10.61
08:58:28, 1898.40, 13.43, 107, 240, 672, 1132, 1391, 809, 343, 153, 2414, 129, 14070.59, 17.51, 10.61
08:58:29, 1898.90, 13.41, 106, 236, 663, 1117, 1378, 801, 337, 150, 2457, 132, 14059.26, 17.52, 10.63
08:58:29, 1898.60, 13.40, 107, 237, 665, 1117, 1383, 800, 334, 150, 2575, 140, 14081.92, 17.49, 10.63
08:58:30, 1901.00, 13.40, 107, 238, 673, 1134, 1401, 802, 331, 149, 2668, 145, 14115.98, 17.44, 10.67
08:58:30, 1906.10, 13.40, 107, 237, 669, 1125, 1384, 799, 326, 148, 2510, 136, 14127.36, 17.42, 10.67
08:58:30, 1915.50, 13.41, 101, 223, 637, 1078, 1310, 754, 305, 138, 2496, 137, 14138.75, 17.40, 10.67
08:58:31, 1925.00, 13.40, 97, 213, 607, 1026, 1274, 734, 295, 133, 2370, 130, 14104.62, 17.46, 10.69
08:58:31, 1928.90, 13.39, 98, 217, 622, 1057, 1308, 748, 302, 135, 2363, 128, 14115.98, 17.44, 10.69
08:58:32, 1928.70, 13.38, 98, 217, 621, 1054, 1311, 747, 303, 135, 2449, 133, 14138.75, 17.40, 10.73
08:58:32, 1930.60, 13.38, 99, 218, 624, 1057, 1327, 754, 304, 136, 2508, 137, 14150.14, 17.39, 10.73
08:58:33, 1937.50, 13.39, 103, 230, 660, 1118, 1364, 775, 308, 139, 2414, 130, 14161.55, 17.37, 10.74
08:58:33, 1946.70, 13.38, 97, 214, 617, 1047, 1291, 731, 288, 129, 2411, 131, 14172.97, 17.35, 10.74
08:58:33, 1957.60, 13.37, 94, 207, 602, 1026, 1264, 711, 277, 124, 2343, 128, 14161.55, 17.37, 10.74
08:58:34, 1966.20, 13.36, 91, 201, 587, 1002, 1241, 697, 269, 120, 2225, 121, 14172.97, 17.35, 10.73
08:58:34, 1968.30, 13.36, 90, 197, 578, 989, 1217, 686, 264, 118, 2155, 117, 14207.29, 17.30, 10.73
08:58:35, 1966.90, 13.35, 89, 195, 571, 975, 1211, 676, 259, 116, 2291, 126, 14184.40, 17.34, 10.73
08:58:35, 1966.20, 13.35, 87, 192, 564, 965, 1198, 659, 253, 113, 2415, 135, 14195.84, 17.32, 10.73
08:58:35, 1970.50, 13.35, 90, 200, 587, 999, 1246, 690, 261, 118, 2358, 130, 14207.29, 17.30, 10.73
08:58:36, 1977.50, 13.35, 89, 197, 580, 990, 1230, 683, 258, 116, 2269, 124, 14184.40, 17.34, 10.74
08:58:36, 1984.30, 13.35, 87, 191, 564, 969, 1204, 669, 253, 113, 2157, 117, 14230.22, 17.27, 10.74
08:58:37, 1989.20, 13.34, 86, 191, 568, 982, 1236, 681, 261, 114, 2104, 113, 14230.22, 17.27, 10.72
08:58:37, 1992.30, 13.34, 86, 191, 569, 987, 1242, 681, 261, 114, 2073, 111, 14218.75, 17.28, 10.72
08:58:38, 1993.70, 13.35, 87, 193, 576, 999, 1244, 681, 260, 113, 2087, 112, 14253.20, 17.23, 10.70
08:58:38, 1994.00, 13.35, 87, 193, 576, 998, 1253, 681, 258, 113, 2200, 118, 14218.75, 17.28, 10.70
08:58:38, 1998.40, 13.36, 87, 193, 578, 1001, 1244, 680, 255, 113, 2142, 115, 14230.22, 17.27, 10.70
08:58:39, 2004.10, 13.37, 86, 189, 568, 984, 1223, 665, 247, 109, 2178, 118, 14264.71, 17.21, 10.66
08:58:39, 2011.20, 13.36, 83, 182, 545, 944, 1168, 638, 235, 104, 2124, 116, 14264.71, 17.21, 10.66
08:58:40, 2017.80, 13.35, 81, 178, 538, 935, 1174, 636, 234, 103, 2075, 112, 14253.20, 17.23, 10.63
08:58:40, 2020.70, 13.34, 80, 177, 538, 937, 1177, 636, 235, 103, 2026, 109, 14253.20, 17.23, 10.63
08:58:40, 2022.20, 13.33, 80, 178, 541, 944, 1187, 640, 237, 103, 2007, 108, 14264.71, 17.21, 10.63
08:58:41, 2024.30, 13.33, 81, 181, 550, 962, 1212, 650, 240, 105, 2018, 108, 14287.75, 17.18, 10.59
08:58:41, 2028.40, 13.31, 82, 182, 554, 969, 1214, 651, 239, 104, 1981, 105, 14310.84, 17.15, 10.59
08:58:42, 2030.80, 13.30, 81, 179, 547, 956, 1193, 640, 234, 102, 1995, 107, 14322.40, 17.13, 10.56
08:58:42, 2034.40, 13.29, 80, 178, 543, 951, 1192, 638, 232, 102, 1992, 106, 14276.22, 17.20, 10.56
08:58:43, 2040.10, 13.28, 79, 173, 531, 931, 1161, 621, 225, 98, 1970, 106, 14322.40, 17.13, 10.56
08:58:43, 2046.00, 13.28, 77, 169, 519, 913, 1140, 607, 218, 95, 1960, 105, 14333.97, 17.11, 10.53
08:58:43, 2049.20, 13.28, 76, 167, 515, 906, 1143, 606, 218, 95, 1929, 103, 14333.97, 17.11, 10.53
08:58:44, 2049.10, 13.28, 75, 167, 515, 908, 1144, 607, 219, 95, 1887, 101, 14345.55, 17.09, 10.52
08:58:44, 2049.00, 13.27, 76, 169, 523, 924, 1166, 616, 222, 96, 1890, 100, 14357.14, 17.08, 10.52
08:58:45, 2048.00, 13.27, 76, 169, 524, 925, 1169, 615, 222, 96, 1926, 103, 14368.75, 17.06, 10.50
08:58:45, 2049.60, 13.28, 76, 169, 524, 926, 1161, 615, 221, 96, 1881, 100, 14357.14, 17.08, 10.50
08:58:46, 2054.10, 13.28, 76, 168, 520, 917, 1161, 612, 219, 95, 1890, 101, 14368.75, 17.06, 10.50
08:58:46, 2061.10, 13.27, 75, 165, 512, 905, 1131, 598, 214, 93, 1839, 98, 14380.36, 17.04, 10.48
08:58:46, 2066.40, 13.26, 73, 162, 506, 896, 1132, 595, 212, 92, 1828, 97, 14403.62, 17.01, 10.48
08:58:47, 2070.20, 13.24, 73, 162, 504, 893, 1134, 596, 213, 92, 1779, 94, 14357.14, 17.08, 10.48
08:58:47, 2071.30, 13.22, 74, 164, 512, 909, 1148, 601, 216, 93, 1787, 95, 14391.99, 17.03, 10.48
08:58:48, 2070.30, 13.22, 74, 165, 515, 912, 1157, 603, 216, 93, 1802, 95, 14403.62, 17.01, 10.48
08:58:48, 2069.20, 13.22, 74, 166, 519, 918, 1160, 605, 217, 93, 1817, 96, 14415.27, 16.99, 10.46
08:58:48, 2070.80, 13.21, 74, 165, 516, 915, 1159, 605, 216, 93, 1778, 94, 14450.29, 16.94, 10.46
08:58:49, 2073.60, 13.21, 74, 164, 513, 910, 1148, 598, 212, 92, 1786, 95, 14415.27, 16.99, 10.46
08:58:49, 2074.90, 13.21, 73, 162, 509, 906, 1150, 596, 211, 91, 1797, 95, 14415.27, 16.99, 10.46
08:58:50, 2078.00, 13.20, 72, 159, 499, 887, 1117, 583, 208, 89, 1664, 88, 14415.27, 16.99, 10.46
08:58:50, 2074.60, 13.19, 72, 161, 509, 908, 1152, 593, 211, 90, 1771, 94, 14450.29, 16.94, 10.45
08:58:51, 2067.90, 13.17, 73, 162, 510, 906, 1151, 595, 214, 92, 1729, 91, 14438.61, 16.96, 10.45
08:58:51, 2051.30, 13.15, 74, 165, 516, 912, 1160, 604, 222, 95, 1737, 92, 14438.61, 16.96, 10.44
08:58:51, 2041.80, 13.13, 70, 157, 490, 864, 1137, 594, 219, 94, 1812, 97, 14473.68, 16.90, 10.44
08:58:52, 2034.80, 13.10, 77, 174, 538, 943, 1230, 642, 237, 102, 1912, 101, 14461.98, 16.92, 10.45
08:58:52, 2029.20, 13.08, 81, 182, 563, 989, 1256, 661, 244, 105, 2001, 106, 14438.61, 16.96, 10.45
08:58:53, 2019.30, 13.06, 83, 187, 575, 1010, 1278, 674, 250, 108, 2064, 110, 14485.40, 16.89, 10.45
08:58:53, 2008.70, 13.04, 85, 191, 580, 1015, 1284, 681, 261, 112, 1953, 103, 14497.13, 16.87, 10.47
08:58:54, 1998.00, 13.03, 84, 190, 572, 994, 1253, 669, 261, 112, 1861, 99, 14461.98, 16.92, 10.47
08:58:54, 1982.70, 13.02, 84, 190, 563, 972, 1234, 670, 270, 115, 1810, 96, 14497.13, 16.87, 10.51
08:58:54, 1964.10, 13.01, 90, 204, 599, 1029, 1319, 720, 292, 126, 1994, 106, 14508.86, 16.85, 10.51
08:58:55, 1944.80, 13.00, 96, 220, 650, 1113, 1425, 774, 313, 136, 2232, 118, 14508.86, 16.85, 10.51
08:58:55, 1924.80, 12.99, 105, 241, 703, 1202, 1530, 831, 342, 148, 2296, 121, 14497.13, 16.87, 10.56
08:58:56, 1907.10, 12.99, 100, 226, 662, 1127, 1397, 779, 329, 144, 2258, 122, 14508.86, 16.85, 10.56
08:58:56, 1890.00, 12.99, 101, 228, 642, 1082, 1342, 770, 345, 149, 2096, 112, 14520.61, 16.84, 10.66
08:58:56, 1870.10, 12.98, 111, 252, 704, 1184, 1525, 877, 386, 170, 2547, 137, 14532.37, 16.82, 10.66
08:58:57, 1847.50, 12.98, 120, 272, 765, 1285, 1619, 935, 414, 185, 2800, 152, 14544.15, 16.80, 10.71
08:58:57, 1827.00, 12.98, 119, 267, 732, 1220, 1595, 949, 435, 196, 2791, 151, 14532.37, 16.82, 10.71
08:58:58, 1805.20, 12.98, 147, 333, 896, 1477, 1847, 1098, 516, 235, 3097, 167, 14555.93, 16.78, 10.71
08:58:58, 1783.80, 12.96, 130, 289, 772, 1271, 1303, 815, 381, 178, 2708, 152, 14555.93, 16.78, 10.66
08:58:59, 1765.10, 12.95, 146, 329, 861, 1402, 1768, 1085, 540, 250, 3118, 169, 14567.72, 16.77, 10.66
08:58:59, 1747.90, 12.94, 166, 376, 985, 1601, 2005, 1215, 600, 280, 3670, 199, 14579.53, 16.75, 10.65
08:58:59, 1729.70, 12.94, 170, 381, 979, 1579, 1931, 1216, 614, 294, 3736, 205, 14579.53, 16.75, 10.65
08:59:00, 1709.30, 12.93, 175, 384, 963, 1539, 1866, 1208, 625, 304, 3741, 207, 14567.72, 16.77, 10.65
08:59:00, 1686.90, 12.93, 182, 402, 1013, 1610, 2019, 1252, 649, 312, 4423, 247, 14567.72, 16.77, 10.66
08:59:01, 1667.40, 12.93, 185, 405, 1006, 1592, 1932, 1272, 684, 342, 4103, 229, 14591.34, 16.73, 10.66
08:59:01, 1648.70, 12.94, 192, 418, 1015, 1598, 2116, 1404, 782, 394, 4281, 237, 14591.34, 16.73, 10.68
08:59:01, 1628.30, 12.94, 239, 531, 1280, 1993, 2532, 1643, 927, 466, 5037, 276, 14603.17, 16.72, 10.68
08:59:02, 1608.40, 12.93, 227, 494, 1172, 1813, 1697, 1177, 675, 354, 4005, 227, 14603.17, 16.72, 10.67
08:59:02, 1588.80, 12.93, 220, 468, 1094, 1680, 2139, 1480, 864, 462, 4992, 283, 14626.87, 16.68, 10.67
08:59:03, 1571.40, 12.93, 256, 553, 1288, 1969, 2327, 1612, 957, 517, 5504, 311, 14638.73, 16.66, 10.67
08:59:03, 1552.80, 12.93, 225, 465, 1050, 1586, 2001, 1430, 857, 478, 5163, 298, 14626.87, 16.68, 10.72
08:59:04, 1531.70, 12.92, 237, 493, 1122, 1690, 2041, 1462, 892, 508, 5723, 337, 14638.73, 16.66, 10.72
08:59:04, 1508.70, 12.93, 281, 577, 1271, 1880, 2219, 1637, 1042, 604, 5767, 332, 14662.49, 16.63, 10.77
08:59:04, 1485.40, 12.93, 284, 586, 1267, 1883, 2421, 1804, 1201, 704, 5942, 336, 14626.87, 16.68, 10.77
08:59:05, 1470.00, 12.93, 327, 676, 1453, 2136, 2425, 1843, 1244, 752, 6416, 368, 14638.73, 16.66, 10.77
08:59:05, 1450.10, 12.93, 332, 664, 1376, 1991, 2312, 1790, 1249, 765, 6031, 343, 14686.29, 16.59, 10.79
08:59:06, 1432.80, 12.93, 376, 771, 1591, 2301, 2804, 2164, 1549, 966, 7123, 405, 14698.21, 16.58, 10.79
08:59:06, 1416.50, 12.93, 399, 803, 1631, 2352, 2656, 2101, 1526, 969, 7099, 405, 14662.49, 16.63, 10.82
08:59:07, 1399.50, 12.93, 406, 805, 1605, 2293, 2676, 2138, 1585, 1028, 7357, 421, 14698.21, 16.58, 10.82
08:59:07, 1382.40, 12.94, 427, 848, 1690, 2397, 2692, 2180, 1632, 1091, 8283, 485, 14710.14, 16.56, 10.82
08:59:07, 1362.70, 12.94, 439, 836, 1636, 2260, 2601, 2137, 1611, 1117, 8343, 498, 14686.29, 16.59, 10.84
08:59:08, 1344.20, 12.95, 454, 856, 1666, 2301, 2573, 2147, 1654, 1165, 8999, 544, 14698.21, 16.58, 10.84
08:59:08, 1338.60, 12.96, 523, 998, 1909, 2646, 3216, 2710, 2160, 1527, 9684, 564, 14722.09, 16.54, 10.88
08:59:09, 1342.00, 12.97, 622, 1211, 2255, 3140, 3948, 3311, 2709, 1919, 8667, 486, 14710.14, 16.56, 10.88
08:59:09, 1344.90, 12.97, 671, 1313, 2468, 3428, 3955, 3320, 2677, 1905, 9053, 508, 14722.09, 16.54, 10.90
08:59:09, 1348.70, 12.98, 678, 1320, 2502, 3447, 4057, 3375, 2689, 1924, 9605, 538, 14734.04, 16.53, 10.90
08:59:10, 1350.20, 13.00, 547, 1031, 1983, 2671, 3208, 2645, 2065, 1489, 9996, 606, 14746.01, 16.51, 10.90
08:59:10, 1350.90, 13.00, 635, 1218, 2317, 3150, 3546, 2964, 2302, 1663, 10077, 592, 14734.04, 16.53, 10.91
08:59:11, 1337.60, 13.01, 546, 1027, 1964, 2661, 2819, 2347, 1834, 1334, 8868, 528, 14722.09, 16.54, 10.91
08:59:11, 1316.60, 13.02, 493, 920, 1736, 2316, 2622, 2201, 1757, 1304, 8785, 527, 14757.99, 16.49, 10.91
08:59:12, 1294.40, 13.02, 533, 986, 1841, 2476, 2824, 2434, 2004, 1516, 10168, 616, 14781.98, 16.46, 10.91
08:59:12, 1277.00, 13.02, 524, 960, 1767, 2345, 2989, 2581, 2172, 1704, 10272, 620, 14757.99, 16.49, 10.91
08:59:12, 1258.10, 13.02, 496, 894, 1620, 2133, 2288, 2017, 1711, 1387, 8853, 544, 14769.98, 16.47, 10.92
08:59:13, 1240.30, 13.02, 588, 1064, 1901, 2564, 2823, 2556, 2300, 1826, 11239, 683, 14806.01, 16.42, 10.92
08:59:13, 1223.70, 13.01, 493, 861, 1523, 1975, 2211, 2004, 1772, 1514, 9431, 596, 14781.98, 16.46, 10.96
08:59:14, 1209.90, 13.00, 529, 930, 1639, 2106, 2472, 2204, 2075, 1775, 11118, 722, 14757.99, 16.49, 10.96
08:59:14, 1193.30, 13.00, 573, 999, 1723, 2206, 2717, 2526, 2380, 2103, 11968, 759, 14793.99, 16.44, 10.98
08:59:14, 1177.20, 13.00, 735, 1253, 2108, 2670, 3007, 2843, 2705, 2477, 12600, 782, 14806.01, 16.42, 10.98
08:59:15, 1161.30, 13.00, 734, 1255, 2085, 2645, 2855, 2688, 2713, 2492, 13821, 898, 14842.16, 16.37, 10.98
08:59:15, 1142.90, 13.01, 799, 1351, 2201, 2781, 3239, 3133, 3153, 3010, 15028, 963, 14818.05, 16.40, 11.05
08:59:16, 1123.50, 13.01, 851, 1386, 2197, 2753, 2899, 2887, 2980, 2906, 13625, 885, 14830.10, 16.39, 11.05
08:59:16, 1103.10, 13.02, 1106, 1822, 2846, 3534, 3576, 3574, 3863, 3787, 18099, 1235, 14793.99, 16.44, 11.12
08:59:17, 1082.50, 13.03, 1033, 1616, 2473, 2980, 3376, 3419, 3678, 3881, 17450, 1345, 14818.05, 16.40, 11.12
08:59:17, 1059.90, 13.03, 1106, 1701, 2523, 3018, 3237, 3318, 3703, 4051, 18962, 1945, 14866.31, 16.34, 11.12
08:59:17, 1040.20, 13.04, 1044, 1577, 2246, 2665, 3023, 3154, 3597, 4074, 20542, 3434, 14842.16, 16.37, 11.17
08:59:18, 1023.50, 13.04, 1651, 2385, 3278, 3859, 4938, 5335, 6160, 6969, 29854, 10023, 14854.23, 16.35, 11.17
08:59:18, 1023.70, 13.05, 1898, 2759, 3726, 4382, 4180, 4503, 5267, 5855, 25908, 10215, 14866.31, 16.34, 11.34
08:59:19, 1024.90, 13.07, 1306, 1859, 2493, 2904, 3784, 4220, 4696, 5412, 14695, 5186, 14866.31, 16.34, 11.34
08:59:19, 1024.30, 13.11, 1624, 2354, 3198, 3746, 5966, 6481, 7587, 8577, 27585, 11079, 14842.16, 16.37, 11.34
08:59:20, 1024.50, 13.18, 2135, 2950, 3909, 4848, 5359, 5496, 7062, 7316, 27777, 12001, 14878.40, 16.32, 11.41
08:59:20, 1024.10, 13.21, 2102, 2690, 3784, 4245, 4958, 5675, 6171, 7317, 34675, 15300, 14902.63, 16.28, 11.41
08:59:20, 1023.80, 13.27, 1994, 2621, 3701, 4109, 4739, 4857, 5981, 6556, 27444, 12296, 14842.16, 16.37, 11.34
08:59:21, 1024.30, 13.33, 1909, 2805, 3683, 4549, 4925, 5393, 6219, 7026, 25411, 10098, 14890.51, 16.30, 11.34
08:59:21, 1024.10, 13.39, 2528, 3670, 4928, 5799, 6593, 7227, 8438, 9452, 32055, 12937, 14878.40, 16.32, 11.26
08:59:22, 1023.80, 13.44, 2222, 3300, 4335, 5251, 5229, 5769, 6656, 7523, 25818, 9839, 14878.40, 16.32, 11.26
08:59:22, 1024.20, 13.49, 1741, 2505, 3358, 3943, 3724, 4280, 4771, 5520, 17455, 6673, 14902.63, 16.28, 11.26
08:59:22, 1024.30, 13.58, 1616, 2275, 2957, 3777, 3682, 4338, 4586, 5475, 20420, 8271, 14914.76, 16.27, 11.19
08:59:23, 1024.30, 13.62, 1565, 2288, 3131, 3637, 4614, 4767, 6094, 6501, 17941, 7609, 14878.40, 16.32, 11.19
08:59:23, 1024.40, 13.68, 1429, 2148, 2867, 3490, 3593, 3748, 4564, 5180, 15649, 7170, 14866.31, 16.34, 11.15
08:59:24, 1024.20, 13.72, 1534, 1916, 2652, 3038, 3426, 4046, 4499, 5103, 17150, 6405, 14902.63, 16.28, 11.15
08:59:24, 1023.60, 13.76, 1391, 2083, 2832, 3359, 3650, 3747, 4468, 5041, 23190, 11465, 14939.05, 16.23, 11.15
08:59:25, 1023.60, 13.79, 1504, 2125, 2752, 3540, 3836, 3861, 5169, 5354, 15799, 6781, 14926.90, 16.25, 11.08
08:59:25, 1023.50, 13.83, 1348, 1862, 2504, 2939, 3255, 3643, 4247, 4761, 18706, 7084, 14939.05, 16.23, 11.08
