Secchi Depth (cm) = 0700
Forel Ule Scale = 11
pH Colour Scale = 99
SmartSecchi S/N = A004
Latitude (degs N) = 56.52612
Longitude (degs E) = -5.34709
Date = 2023-05-25
Time (UTC), Pressure (mbar) MS5803, Temp (deg C) MS5803, 415nm, 445nm, 480nm, 515nm, 555nm, 590nm, 630nm, 680nm, Clear, NIR, Resistance 10KTHERM, Temp (deg C) 10KTHERM, Temp (deg C) TMP117
12:09:18, 1020.10, 15.49, 3270, 4443, 8146, 6044, 15336, 5588, 15364, 8633, 10125, 4422, 16123.60, 14.62, 12.50
12:09:18, 1020.30, 15.54, 3327, 4532, 8389, 6141, 15791, 5622, 15517, 8686, 10132, 4423, 16110.26, 14.64, 12.50
12:09:18, 1020.30, 15.55, 3320, 4547, 8425, 6171, 15794, 5620, 15689, 8658, 10109, 4397, 16110.26, 14.64, 12.51
12:09:19, 1020.00, 15.55, 3273, 4518, 8312, 6175, 15452, 5588, 15746, 8605, 10108, 4414, 16110.26, 14.64, 12.51
12:09:19, 1020.20, 15.56, 3179, 4456, 8133, 6143, 15329, 5532, 15957, 8634, 9918, 4453, 16123.60, 14.62, 12.51
12:09:20, 1020.20, 15.57, 3226, 4540, 8230, 6350, 15572, 5636, 17178, 8818, 10200, 4497, 16110.26, 14.64, 12.52
12:09:20, 1020.20, 15.58, 3304, 4687, 8539, 6579, 15702, 5725, 18482, 9118, 10081, 4371, 16150.31, 14.59, 12.52
12:09:21, 1020.50, 15.59, 3371, 4815, 8849, 6806, 15681, 5773, 18922, 9287, 10076, 4342, 16150.31, 14.59, 12.52
12:09:21, 1020.30, 15.59, 3403, 4865, 9019, 6950, 15506, 5799, 19358, 9366, 10063, 4304, 16110.26, 14.64, 12.52
12:09:21, 1020.20, 15.60, 3381, 4851, 9022, 7009, 15195, 5757, 19487, 9250, 10051, 4297, 16123.60, 14.62, 12.52
12:09:22, 1020.20, 15.61, 3307, 4770, 8868, 6994, 14677, 5673, 19512, 9048, 10006, 4279, 16123.60, 14.62, 12.52
12:09:22, 1020.10, 15.61, 3268, 4727, 8778, 7001, 14532, 5665, 19909, 8998, 10009, 4283, 16123.60, 14.62, 12.52
12:09:23, 1020.20, 15.62, 3277, 4733, 8850, 7069, 14640, 5695, 20227, 9032, 10021, 4291, 16123.60, 14.62, 12.52
12:09:23, 1020.40, 15.62, 3293, 4744, 8953, 7159, 14638, 5707, 20697, 9009, 10017, 4295, 16123.60, 14.62, 12.52
12:09:23, 1020.20, 15.63, 3063, 4373, 8118, 7095, 14120, 5538, 22366, 8582, 10034, 4277, 16136.94, 14.61, 12.52
12:09:24, 1020.20, 15.63, 2937, 4252, 7404, 6533, 12475, 5214, 18984, 7805, 9906, 4218, 16136.94, 14.61, 12.55
12:09:24, 1020.20, 15.64, 2708, 4103, 6767, 6749, 14363, 5398, 22314, 7911, 9843, 4237, 16110.26, 14.64, 12.55
12:09:25, 1020.30, 15.65, 2597, 4531, 6728, 8450, 12615, 5569, 21502, 8165, 9862, 4277, 16096.94, 14.66, 12.54
12:09:25, 1020.20, 15.66, 2446, 4468, 6485, 9613, 13393, 6083, 23217, 8336, 10016, 4305, 16136.94, 14.61, 12.54
12:09:25, 1020.10, 15.67, 2536, 4924, 6842, 10825, 15379, 6885, 25278, 9476, 10315, 4369, 16123.60, 14.62, 12.54
12:09:26, 1020.40, 15.67, 2850, 6238, 8905, 13947, 16841, 8700, 27201, 11770, 10683, 4491, 16136.94, 14.61, 12.52
12:09:26, 1020.50, 15.67, 3106, 7867, 9613, 15475, 19778, 13086, 30866, 16191, 11685, 4745, 16110.26, 14.64, 12.52
12:09:27, 1020.50, 15.68, 3380, 8139, 11009, 16369, 19298, 13066, 29689, 14795, 12114, 4806, 16136.94, 14.61, 12.48
12:09:27, 1020.30, 15.68, 3086, 7708, 9487, 15842, 19074, 12357, 29735, 13800, 12198, 4806, 16096.94, 14.66, 12.48
12:09:28, 1020.20, 15.69, 3172, 7891, 9717, 16267, 20457, 14311, 31239, 16208, 12542, 4915, 16123.60, 14.62, 12.48
12:09:28, 1020.10, 15.69, 3101, 7702, 9253, 16226, 20125, 13941, 31543, 16116, 12587, 4943, 16096.94, 14.66, 12.41
12:09:28, 1020.00, 15.69, 3420, 8472, 10250, 17462, 20428, 14734, 31975, 16704, 12661, 4984, 16110.26, 14.64, 12.41
12:09:29, 1020.10, 15.69, 3520, 8829, 10077, 17716, 20871, 15587, 31414, 17476, 12880, 5077, 16123.60, 14.62, 12.38
12:09:29, 1020.30, 15.68, 3384, 8325, 10271, 17376, 20184, 14409, 31897, 16384, 12571, 5007, 16136.94, 14.61, 12.38
12:09:30, 1020.20, 15.69, 3411, 8560, 9882, 17183, 20557, 15089, 31818, 17060, 12694, 5040, 16123.60, 14.62, 12.38
12:09:30, 1020.10, 15.69, 3334, 8351, 9717, 17006, 20380, 15043, 31074, 17129, 12767, 5071, 16123.60, 14.62, 12.34
12:09:30, 1020.20, 15.69, 3421, 8565, 10140, 17434, 20605, 14487, 31583, 16542, 12483, 4986, 16136.94, 14.61, 12.34
12:09:31, 1020.00, 15.68, 3481, 8650, 10893, 17857, 21326, 14660, 30799, 17164, 12475, 4996, 16163.68, 14.57, 12.34
12:09:31, 1020.10, 15.68, 3566, 8368, 11469, 17406, 20419, 13617, 31685, 16674, 12011, 4862, 16150.31, 14.59, 12.34
12:09:32, 1020.30, 15.69, 3464, 8120, 11233, 16843, 19988, 13348, 31148, 16017, 11920, 4861, 16123.60, 14.62, 12.34
12:09:32, 1020.10, 15.68, 3139, 8118, 9546, 15811, 18795, 12142, 29583, 15326, 11656, 4821, 16110.26, 14.64, 12.31
12:09:32, 1020.20, 15.69, 3374, 8038, 11088, 16257, 21895, 15513, 31246, 19238, 12378, 5126, 16136.94, 14.61, 12.31
12:09:33, 1020.20, 15.69, 4785, 11677, 15463, 18885, 23114, 20517, 31936, 29473, 13637, 5581, 16110.26, 14.64, 12.30
12:09:33, 1020.00, 15.69, 4599, 11920, 13331, 20971, 23564, 21131, 29968, 27236, 14809, 5602, 16123.60, 14.62, 12.30
12:09:34, 1020.20, 15.70, 4955, 12429, 12791, 21070, 21301, 21472, 31664, 27297, 16370, 5831, 16123.60, 14.62, 12.30
12:09:34, 1020.30, 15.69, 4732, 11525, 9611, 20824, 20364, 23489, 32871, 25786, 17846, 6098, 16096.94, 14.66, 12.27
12:09:35, 1020.20, 15.70, 5736, 11498, 10304, 20606, 19828, 23494, 29729, 25926, 20285, 6374, 16123.60, 14.62, 12.27
12:09:35, 1020.40, 15.69, 6949, 12724, 12978, 21641, 21742, 26681, 29930, 35991, 22461, 6863, 16123.60, 14.62, 12.17
12:09:35, 1020.50, 15.69, 7326, 13515, 14425, 20996, 21847, 26431, 29138, 36000, 22806, 6915, 16110.26, 14.64, 12.17
12:09:36, 1020.30, 15.69, 6731, 14322, 15216, 20273, 24191, 25806, 28381, 36000, 18477, 6224, 16096.94, 14.66, 12.17
12:09:36, 1020.20, 15.69, 5223, 12836, 12772, 21107, 22292, 21836, 30252, 28837, 16466, 5769, 16136.94, 14.61, 12.09
12:09:37, 1020.20, 15.70, 4533, 11694, 11604, 20503, 21845, 18506, 31376, 21987, 15815, 5547, 16136.94, 14.61, 12.09
12:09:37, 1019.90, 15.69, 3917, 9910, 8457, 20236, 19663, 21809, 31889, 22758, 17766, 5952, 16110.26, 14.64, 12.06
12:09:37, 1020.20, 15.69, 6113, 12372, 11301, 21085, 20143, 22972, 30183, 25687, 19621, 6280, 16110.26, 14.64, 12.06
12:09:38, 1020.00, 15.68, 5861, 12557, 11393, 21536, 23253, 26328, 30024, 35840, 18594, 6221, 16123.60, 14.62, 12.06
12:09:38, 1020.20, 15.68, 5315, 12734, 13779, 21291, 22299, 21254, 30381, 25630, 15801, 5613, 16123.60, 14.62, 12.02
12:09:39, 1020.20, 15.69, 4385, 11217, 13720, 20340, 22601, 17028, 32501, 21750, 14053, 5163, 16123.60, 14.62, 12.02
12:09:39, 1020.40, 15.67, 3537, 8449, 11291, 17180, 20059, 13766, 29820, 15640, 13226, 4926, 16136.94, 14.61, 11.98
12:09:39, 1020.50, 15.68, 3541, 8186, 10777, 16805, 19679, 13517, 30793, 15427, 12992, 4834, 16123.60, 14.62, 11.98
12:09:40, 1020.60, 15.67, 3729, 8481, 10757, 17628, 21656, 15560, 31996, 17314, 13640, 5103, 16123.60, 14.62, 11.98
12:09:40, 1020.60, 15.68, 4062, 8845, 12418, 18183, 21629, 16062, 31670, 17852, 13602, 5074, 16150.31, 14.59, 11.94
12:09:41, 1020.30, 15.67, 3914, 9019, 12067, 18469, 21700, 15671, 31208, 17963, 13482, 4978, 16136.94, 14.61, 11.94
12:09:41, 1020.50, 15.67, 3882, 8874, 12677, 17865, 21648, 15326, 30977, 17922, 13458, 4930, 16123.60, 14.62, 11.91
12:09:42, 1020.60, 15.68, 3657, 8916, 11141, 18157, 21574, 15686, 31761, 18491, 13725, 5019, 16110.26, 14.64, 11.91
12:09:42, 1020.50, 15.67, 3941, 10019, 10818, 19250, 22020, 15890, 32539, 20423, 14649, 5233, 16110.26, 14.64, 11.91
12:09:42, 1020.30, 15.67, 4388, 11252, 11654, 21070, 22148, 19009, 31368, 22732, 15630, 5461, 16136.94, 14.61, 11.91
12:09:43, 1020.20, 15.66, 4594, 11977, 11572, 20794, 22236, 22115, 30834, 29453, 16708, 5758, 16123.60, 14.62, 11.91
12:09:43, 1020.10, 15.67, 5349, 12880, 12657, 21279, 22555, 25631, 30691, 34761, 18485, 6135, 16123.60, 14.62, 11.87
12:09:44, 1020.70, 15.67, 6701, 12232, 12387, 21430, 21119, 25550, 29930, 32198, 22382, 6640, 16136.94, 14.61, 11.87
12:09:44, 1020.70, 15.66, 7718, 12787, 13464, 21777, 20789, 25430, 31884, 35849, 27374, 7532, 16110.26, 14.64, 11.87
12:09:44, 1020.30, 15.67, 8067, 11740, 12979, 19759, 22030, 24661, 28457, 33414, 35695, 8614, 16110.26, 14.64, 11.85
12:09:45, 1020.50, 15.66, 9255, 12953, 15309, 20364, 23610, 23635, 29227, 33014, 36000, 12954, 16110.26, 14.64, 11.85
12:09:45, 1020.20, 15.66, 8922, 14554, 15351, 20418, 24175, 25696, 24580, 36000, 36000, 24144, 16096.94, 14.66, 11.86
12:09:46, 1020.30, 15.66, 9972, 19466, 18460, 21879, 22817, 25027, 21321, 36000, 36000, 36000, 16136.94, 14.61, 11.86
12:09:46, 1020.20, 15.66, 8937, 18330, 17733, 19798, 31529, 29519, 36000, 36000, 36000, 36000, 16110.26, 14.64, 11.86
12:09:47, 1020.30, 15.67, 10022, 15991, 22349, 23625, 27790, 24106, 31612, 36000, 36000, 36000, 16110.26, 14.64, 11.86
12:09:47, 1020.30, 15.67, 10493, 18476, 21965, 34501, 28513, 21430, 36000, 36000, 36000, 36000, 16123.60, 14.62, 11.86
12:09:47, 1020.30, 15.66, 8655, 13889, 19394, 28413, 27356, 36000, 32041, 35999, 36000, 36000, 16150.31, 14.59, 11.85
12:09:48, 1020.40, 15.66, 11866, 13650, 16345, 17166, 23248, 36000, 26705, 36000, 36000, 36000, 16136.94, 14.61, 11.85
12:09:48, 1020.60, 15.66, 15811, 13205, 19253, 16122, 20927, 27186, 25517, 33481, 36000, 36000, 16110.26, 14.64, 11.86
12:09:49, 1020.70, 15.66, 14352, 10561, 26717, 14150, 25591, 26256, 24264, 30863, 36000, 36000, 16123.60, 14.62, 11.86
12:09:49, 1021.90, 15.67, 16689, 10930, 26397, 15258, 30831, 24734, 27209, 32003, 36000, 36000, 16123.60, 14.62, 11.86
12:09:49, 1030.00, 15.65, 11130, 15199, 20333, 19851, 22822, 23865, 21179, 27216, 36000, 35152, 16110.26, 14.64, 11.95
12:09:50, 1041.90, 15.51, 10197, 8050, 15961, 10988, 15309, 9372, 14771, 13526, 36000, 21995, 16096.94, 14.66, 11.95
12:09:50, 1055.80, 15.39, 11303, 10563, 28048, 15845, 20815, 15193, 19077, 17576, 36000, 17594, 16096.94, 14.66, 12.13
12:09:51, 1068.20, 15.28, 9900, 10885, 25035, 16617, 23708, 11426, 24326, 16132, 36000, 18722, 16070.33, 14.69, 12.13
12:09:51, 1071.20, 15.18, 3923, 4654, 11138, 7087, 27105, 16611, 25897, 22013, 36000, 18792, 16083.63, 14.68, 12.13
12:09:51, 1071.40, 15.10, 5402, 6861, 17888, 11783, 21724, 10164, 22567, 13405, 36000, 16139, 16096.94, 14.66, 12.16
12:09:52, 1069.60, 15.02, 4310, 5279, 13062, 8436, 21822, 12588, 20297, 18124, 36000, 13611, 16083.63, 14.68, 12.16
12:09:52, 1069.60, 14.96, 5188, 6502, 16005, 10496, 15269, 10151, 14977, 13588, 36000, 10693, 16043.79, 14.73, 12.20
12:09:53, 1070.30, 14.90, 4859, 6236, 13150, 9844, 22748, 12048, 22096, 18141, 36000, 14083, 16070.33, 14.69, 12.20
12:09:53, 1072.00, 14.85, 4978, 5068, 13029, 8054, 28484, 14511, 26550, 21040, 36000, 16369, 16096.94, 14.66, 12.20
12:09:54, 1072.90, 14.82, 7910, 7838, 20001, 12193, 28118, 17306, 25598, 24057, 36000, 14024, 16096.94, 14.66, 12.20
12:09:54, 1072.80, 14.77, 5957, 6443, 14694, 9674, 14932, 12136, 14673, 15842, 36000, 7476, 16057.06, 14.71, 12.20
12:09:54, 1072.10, 14.74, 6279, 5675, 14710, 9037, 24147, 16999, 23085, 22782, 36000, 14419, 16096.94, 14.66, 12.22
12:09:55, 1071.30, 14.71, 9441, 8985, 20257, 13443, 23027, 19311, 22628, 23769, 36000, 11501, 16096.94, 14.66, 12.22
12:09:55, 1072.10, 14.68, 10849, 10954, 21848, 18774, 13060, 14191, 11827, 15190, 36000, 5848, 16110.26, 14.64, 12.22
12:09:56, 1073.50, 14.66, 10322, 9553, 20108, 14701, 21307, 20380, 19215, 22352, 36000, 9381, 16096.94, 14.66, 12.22
12:09:56, 1074.20, 14.64, 15600, 13553, 26194, 20955, 30733, 27525, 25318, 29731, 36000, 14599, 16083.63, 14.68, 12.22
12:09:56, 1074.70, 14.63, 4251, 5426, 9190, 8458, 18649, 22632, 16966, 22967, 36000, 8924, 16096.94, 14.66, 12.23
12:09:57, 1074.00, 14.60, 7108, 7000, 15533, 11035, 20806, 23313, 17719, 23255, 36000, 9713, 16070.33, 14.69, 12.23
12:09:57, 1072.70, 14.58, 12311, 11931, 25600, 18931, 32121, 32090, 29483, 32173, 36000, 21543, 16110.26, 14.64, 12.23
12:09:58, 1071.90, 14.58, 6152, 6521, 11369, 10688, 13793, 21850, 17844, 23939, 36000, 8006, 16096.94, 14.66, 12.24
12:09:58, 1073.00, 14.56, 6075, 6281, 12548, 10509, 23499, 26887, 23961, 26744, 36000, 14294, 16096.94, 14.66, 12.24
12:09:59, 1073.70, 14.56, 8210, 7568, 14118, 12057, 15031, 22293, 18618, 22632, 36000, 7942, 16110.26, 14.64, 12.25
12:09:59, 1074.20, 14.55, 8741, 8546, 12907, 12037, 21484, 26623, 22897, 27301, 36000, 13344, 16096.94, 14.66, 12.25
12:09:59, 1073.70, 14.55, 8175, 8279, 11799, 11360, 12707, 18788, 13486, 18906, 36000, 6955, 16083.63, 14.68, 12.25
12:10:00, 1072.70, 14.55, 5551, 6862, 8842, 10102, 18201, 27681, 20232, 27183, 36000, 9651, 16083.63, 14.68, 12.25
12:10:00, 1071.80, 14.55, 7781, 7512, 11881, 10988, 11808, 16878, 13134, 18590, 35976, 7542, 16096.94, 14.66, 12.25
12:10:01, 1072.40, 14.56, 6677, 9462, 13133, 15818, 26838, 34559, 30753, 35483, 36000, 16911, 16070.33, 14.69, 12.26
12:10:01, 1074.00, 14.55, 3443, 4300, 6273, 6795, 12598, 18605, 13890, 20346, 36000, 6767, 16083.63, 14.68, 12.26
12:10:01, 1074.60, 14.55, 5800, 7935, 12803, 13542, 22331, 30841, 24376, 30138, 36000, 13916, 16110.26, 14.64, 12.26
12:10:02, 1073.80, 14.54, 3761, 5644, 8365, 9973, 16392, 20126, 16942, 18386, 36000, 8106, 16110.26, 14.64, 12.26
12:10:02, 1072.40, 14.55, 7799, 10960, 18788, 19786, 12845, 16455, 11867, 14888, 36000, 7587, 16110.26, 14.64, 12.26
12:10:03, 1071.20, 14.55, 4306, 6035, 10691, 11440, 16750, 16498, 18573, 17654, 36000, 8838, 16110.26, 14.64, 12.26
12:10:03, 1073.10, 14.54, 6447, 9485, 15656, 17905, 16536, 15641, 16996, 16888, 36000, 8538, 16096.94, 14.66, 12.26
12:10:04, 1074.90, 14.53, 6825, 10019, 15618, 18570, 19354, 16387, 22048, 19302, 36000, 9573, 16096.94, 14.66, 12.24
12:10:04, 1074.30, 14.52, 5772, 8558, 12753, 16024, 20840, 16274, 20290, 21720, 36000, 10212, 16096.94, 14.66, 12.24
12:10:04, 1073.30, 14.52, 6787, 9794, 14965, 18030, 21055, 16190, 20871, 21476, 36000, 10459, 16136.94, 14.61, 12.24
12:10:05, 1072.20, 14.47, 5639, 8773, 13545, 14945, 22357, 19828, 22057, 25872, 36000, 7995, 16136.94, 14.61, 12.23
12:10:05, 1072.10, 14.46, 5790, 8478, 12778, 15437, 17428, 15122, 13671, 20208, 36000, 8662, 16110.26, 14.64, 12.23
12:10:06, 1073.90, 14.46, 6720, 10482, 14919, 14502, 24680, 22543, 24076, 26821, 36000, 8162, 16123.60, 14.62, 12.23
12:10:06, 1075.90, 14.45, 5384, 9051, 12559, 11953, 16088, 17087, 15023, 24122, 36000, 4676, 16110.26, 14.64, 12.23
12:10:06, 1075.00, 14.45, 5647, 10073, 13156, 13069, 16415, 17753, 16620, 25978, 36000, 5450, 16110.26, 14.64, 12.23
12:10:07, 1073.40, 14.43, 5006, 8785, 11232, 11819, 11607, 12992, 11426, 21380, 35963, 3537, 16123.60, 14.62, 12.23
12:10:07, 1072.90, 14.42, 4086, 7528, 9198, 10386, 12282, 12744, 11343, 20269, 36000, 2718, 16096.94, 14.66, 12.23
12:10:08, 1072.10, 14.41, 5469, 10892, 12194, 14797, 16813, 19641, 16186, 29480, 36000, 3567, 16150.31, 14.59, 12.24
12:10:08, 1073.70, 14.40, 6025, 10369, 11414, 17577, 14744, 15302, 15549, 21813, 34780, 2277, 16136.94, 14.61, 12.24
12:10:09, 1075.40, 14.40, 4475, 8093, 12560, 11943, 19370, 19618, 19573, 25549, 35207, 1940, 16110.26, 14.64, 12.24
12:10:09, 1074.60, 14.39, 5010, 7509, 9925, 14008, 13602, 13558, 15012, 17066, 29764, 1391, 16150.31, 14.59, 12.22
12:10:09, 1073.80, 14.39, 4667, 7642, 10414, 12788, 16451, 16241, 17638, 22064, 31899, 1535, 16136.94, 14.61, 12.22
12:10:10, 1074.00, 14.37, 6484, 10624, 13373, 18882, 14559, 16809, 19395, 20926, 18451, 1189, 16150.31, 14.59, 12.26
12:10:10, 1072.70, 14.37, 4873, 8357, 10007, 16315, 13238, 14722, 17582, 19902, 17908, 1112, 16163.68, 14.57, 12.26
12:10:11, 1072.80, 14.37, 4167, 6526, 8082, 12723, 11753, 13673, 15770, 16519, 14962, 1026, 16177.07, 14.55, 12.26
12:10:11, 1075.60, 14.36, 3569, 7401, 7647, 13098, 12970, 11581, 17300, 12978, 11070, 853, 16123.60, 14.62, 12.29
12:10:11, 1075.40, 14.36, 4809, 9354, 11307, 15071, 16014, 17633, 22181, 21103, 13535, 1019, 16150.31, 14.59, 12.29
12:10:12, 1074.40, 14.34, 2300, 5107, 5878, 11257, 17180, 16384, 20875, 18827, 12162, 1074, 16203.89, 14.52, 12.34
12:10:12, 1074.20, 14.34, 2843, 7017, 8258, 15521, 13800, 10559, 18134, 11709, 9820, 806, 16136.94, 14.61, 12.34
12:10:13, 1073.50, 14.34, 3296, 8238, 12016, 19230, 15861, 10975, 22030, 11727, 10166, 897, 16163.68, 14.57, 12.34
12:10:13, 1074.00, 14.33, 2159, 4892, 6425, 10869, 14380, 9395, 20194, 10137, 9355, 864, 16163.68, 14.57, 12.30
12:10:13, 1075.80, 14.33, 2403, 5405, 7944, 11688, 10452, 7278, 14664, 8495, 8074, 681, 16163.68, 14.57, 12.30
12:10:14, 1075.10, 14.32, 2339, 5197, 7487, 11470, 12460, 8425, 16894, 9310, 8789, 750, 16163.68, 14.57, 12.33
12:10:14, 1073.60, 14.33, 1949, 4301, 5543, 9369, 12416, 7422, 17167, 8555, 8334, 773, 16163.68, 14.57, 12.33
12:10:15, 1073.10, 14.32, 2357, 5064, 7627, 11629, 11544, 7155, 15944, 8644, 8068, 731, 16177.07, 14.55, 12.33
12:10:15, 1073.70, 14.32, 1842, 3756, 5612, 8606, 16089, 8350, 23226, 10581, 9301, 972, 16177.07, 14.55, 12.27
12:10:16, 1074.70, 14.32, 2221, 4654, 7080, 10591, 14244, 7836, 20501, 9988, 8587, 858, 16163.68, 14.57, 12.27
12:10:16, 1075.70, 14.32, 2075, 4140, 6201, 9417, 10987, 6458, 15800, 8220, 7499, 679, 16190.48, 14.54, 12.25
12:10:16, 1075.70, 14.32, 2701, 5226, 7883, 10420, 12728, 6672, 17892, 8164, 8317, 774, 16177.07, 14.55, 12.25
12:10:17, 1073.10, 14.31, 2169, 4506, 6846, 10155, 11185, 6134, 17623, 8002, 7379, 705, 16203.89, 14.52, 12.23
12:10:17, 1072.90, 14.30, 2428, 4980, 7466, 10121, 18435, 8316, 21738, 11808, 8781, 925, 16190.48, 14.54, 12.23
12:10:18, 1073.60, 14.31, 3135, 6601, 10367, 13540, 13385, 6506, 18766, 8771, 7829, 776, 16177.07, 14.55, 12.23
12:10:18, 1074.40, 14.29, 2036, 4181, 6292, 9108, 14319, 6386, 18831, 8739, 8203, 842, 16190.48, 14.54, 12.21
12:10:18, 1075.90, 14.28, 2655, 5054, 8329, 10084, 15125, 7007, 18997, 10781, 7837, 793, 16217.32, 14.50, 12.21
12:10:19, 1075.80, 14.26, 1888, 3655, 5666, 7349, 9547, 4658, 12872, 6011, 7060, 663, 16177.07, 14.55, 12.27
12:10:19, 1073.80, 14.24, 1807, 3050, 5058, 5671, 11189, 5419, 13861, 8008, 7023, 666, 16217.32, 14.50, 12.27
12:10:20, 1073.30, 14.24, 2590, 4851, 8056, 9666, 10923, 5100, 13687, 6879, 7171, 696, 16190.48, 14.54, 12.27
12:10:20, 1074.10, 14.24, 2464, 4164, 7384, 7487, 13368, 5440, 16367, 7530, 7739, 841, 16203.89, 14.52, 12.27
12:10:21, 1075.00, 14.24, 2391, 4495, 7296, 8708, 9210, 4726, 11421, 6862, 6554, 598, 16230.77, 14.48, 12.27
12:10:21, 1076.30, 14.23, 2863, 4865, 8977, 9397, 11222, 5428, 13896, 7605, 6979, 661, 16217.32, 14.50, 12.23
12:10:21, 1076.20, 14.23, 2349, 3698, 7085, 7191, 9579, 4712, 12653, 6104, 7069, 712, 16217.32, 14.50, 12.23
12:10:22, 1073.90, 14.21, 2717, 4270, 8133, 8000, 14592, 6888, 17581, 10460, 7810, 794, 16244.23, 14.47, 12.23
12:10:22, 1074.10, 14.21, 2513, 3857, 7400, 6723, 10699, 4765, 11722, 6677, 6859, 687, 16190.48, 14.54, 12.27
12:10:23, 1074.80, 14.21, 2135, 3394, 6319, 6654, 13297, 5456, 15124, 7290, 7788, 844, 16244.23, 14.47, 12.27
12:10:23, 1075.50, 14.20, 2233, 3663, 6112, 6446, 10448, 5193, 12417, 7990, 6667, 631, 16244.23, 14.47, 12.30
12:10:23, 1076.50, 14.19, 2496, 3926, 7308, 7289, 11993, 5277, 15554, 7219, 7447, 769, 16217.32, 14.50, 12.30
12:10:24, 1075.00, 14.18, 1931, 3016, 5406, 5431, 10955, 5018, 13630, 7095, 7128, 743, 16244.23, 14.47, 12.30
12:10:24, 1073.90, 14.18, 2407, 4002, 6786, 7192, 11942, 5315, 14627, 7366, 7342, 753, 16271.19, 14.43, 12.30
12:10:25, 1073.60, 14.19, 2157, 3362, 6154, 6132, 14226, 6122, 17185, 8805, 7817, 858, 16230.77, 14.48, 12.30
12:10:25, 1074.50, 14.19, 2813, 4523, 8972, 9049, 13003, 5604, 15635, 7927, 7512, 787, 16217.32, 14.50, 12.31
12:10:26, 1076.10, 14.20, 2559, 4293, 7530, 7702, 12002, 5380, 14393, 7239, 7154, 703, 16230.77, 14.48, 12.31
12:10:26, 1076.00, 14.19, 2268, 3683, 6600, 6875, 12973, 5587, 15517, 7566, 7406, 751, 16244.23, 14.47, 12.31
12:10:26, 1075.40, 14.19, 2168, 3573, 6057, 6416, 13116, 6028, 15159, 8611, 7557, 737, 16271.19, 14.43, 12.22
12:10:27, 1074.10, 14.19, 1922, 3112, 5176, 5681, 16146, 6503, 20667, 9341, 8210, 923, 16257.70, 14.45, 12.22
12:10:27, 1073.50, 14.19, 2012, 3719, 5979, 7319, 13663, 6235, 16462, 9483, 7489, 766, 16271.19, 14.43, 12.22
12:10:28, 1074.50, 14.21, 2234, 4015, 6555, 7534, 12421, 5773, 15151, 8462, 7365, 718, 16257.70, 14.45, 12.22
12:10:28, 1075.60, 14.21, 3762, 7297, 12113, 14070, 10729, 5314, 13004, 7304, 7066, 636, 16257.70, 14.45, 12.22
12:10:28, 1076.30, 14.20, 3177, 6404, 9839, 13887, 11108, 5280, 15005, 6994, 7273, 701, 16257.70, 14.45, 12.20
12:10:29, 1076.10, 14.19, 2666, 4708, 7664, 8715, 18868, 9099, 23795, 12284, 9715, 1041, 16298.20, 14.40, 12.20
12:10:29, 1074.50, 14.19, 1733, 3297, 5022, 7039, 12795, 7014, 15081, 9912, 7142, 664, 16284.69, 14.42, 12.22
12:10:30, 1073.70, 14.19, 2420, 4766, 7501, 10286, 11423, 6318, 17342, 7846, 7928, 748, 16284.69, 14.42, 12.22
12:10:30, 1074.10, 14.17, 2371, 5104, 7769, 11757, 11735, 6985, 18045, 9073, 7610, 722, 16257.70, 14.45, 12.22
12:10:30, 1075.90, 14.17, 2790, 6229, 9329, 13069, 12709, 7490, 19444, 9256, 8137, 763, 16298.20, 14.40, 12.18
12:10:31, 1076.40, 14.16, 2885, 6658, 10324, 16408, 11281, 7227, 15388, 8676, 7862, 685, 16271.19, 14.43, 12.18
12:10:31, 1075.70, 14.15, 2766, 6830, 9245, 15622, 15215, 10151, 21432, 12147, 8920, 849, 16284.69, 14.42, 12.17
12:10:32, 1075.20, 14.14, 2893, 6587, 9629, 13741, 17290, 12274, 22318, 14956, 9613, 893, 16284.69, 14.42, 12.17
12:10:32, 1074.10, 14.13, 3191, 8044, 11688, 18522, 13268, 9328, 18583, 10110, 9115, 794, 16271.19, 14.43, 12.17
12:10:33, 1075.30, 14.13, 2771, 6673, 9168, 13967, 12797, 9181, 17333, 9964, 8914, 778, 16311.73, 14.38, 12.17
12:10:33, 1077.80, 14.12, 2559, 5705, 8546, 11596, 13313, 10486, 17525, 11657, 9531, 761, 16284.69, 14.42, 12.17
12:10:33, 1076.60, 14.11, 2455, 5415, 6974, 11120, 17080, 15391, 21666, 18306, 11401, 934, 16271.19, 14.43, 12.15
12:10:34, 1075.50, 14.10, 3326, 8232, 9701, 17180, 13854, 11245, 18506, 12151, 10705, 865, 16271.19, 14.43, 12.15
12:10:34, 1074.70, 14.10, 3210, 6922, 9039, 12455, 19385, 19847, 21506, 25361, 14090, 1086, 16298.20, 14.40, 12.13
12:10:35, 1074.30, 14.10, 5577, 10882, 12912, 19594, 15467, 18186, 20980, 20999, 17178, 1168, 16298.20, 14.40, 12.13
12:10:35, 1076.10, 14.09, 3852, 7357, 9794, 12134, 21469, 22255, 24642, 23649, 15855, 1204, 16298.20, 14.40, 12.13
12:10:35, 1077.60, 14.09, 3523, 6142, 8417, 9814, 23257, 23528, 24749, 29151, 25138, 1579, 16298.20, 14.40, 12.12
12:10:36, 1076.50, 14.08, 6527, 10531, 13027, 20410, 12703, 14675, 16640, 16697, 16446, 1065, 16298.20, 14.40, 12.12
12:10:36, 1075.40, 14.08, 4328, 7391, 10987, 12372, 18968, 20767, 24451, 27277, 24495, 1447, 16325.27, 14.36, 12.11
12:10:37, 1074.90, 14.08, 6154, 9753, 13635, 18023, 13854, 14096, 15491, 19260, 27224, 1335, 16311.73, 14.38, 12.11
12:10:37, 1074.70, 14.07, 5512, 8827, 12923, 15045, 12404, 12270, 12910, 18389, 27260, 1393, 16298.20, 14.40, 12.11
12:10:38, 1076.10, 14.08, 3965, 6068, 8382, 10703, 20775, 20788, 22692, 26353, 31431, 1909, 16311.73, 14.38, 12.10
12:10:38, 1076.40, 14.07, 5692, 9255, 13672, 14991, 21402, 21339, 21638, 27371, 36000, 2790, 16338.83, 14.35, 12.10
12:10:38, 1076.10, 14.07, 5682, 9164, 13062, 15449, 14135, 14121, 15203, 19995, 28908, 1397, 16298.20, 14.40, 12.12
12:10:39, 1076.00, 14.08, 5580, 9594, 13333, 15163, 15453, 15475, 17549, 19280, 32558, 1550, 16338.83, 14.35, 12.12
12:10:39, 1075.30, 14.08, 4315, 7547, 11182, 10942, 27586, 26312, 28611, 31937, 36000, 3071, 16298.20, 14.40, 12.12
12:10:40, 1075.70, 14.09, 5896, 10048, 14413, 14021, 18551, 18387, 16171, 27373, 35978, 2369, 16325.27, 14.36, 12.16
12:10:40, 1076.30, 14.08, 4268, 7426, 10178, 11690, 16566, 16315, 15439, 23704, 35910, 1952, 16325.27, 14.36, 12.16
12:10:40, 1076.30, 14.08, 9178, 16071, 22175, 22019, 19047, 19168, 16625, 28099, 36000, 3013, 16338.83, 14.35, 12.16
12:10:41, 1076.50, 14.07, 5795, 10539, 12996, 16175, 17191, 17435, 17357, 26100, 36000, 2441, 16352.39, 14.33, 12.16
12:10:41, 1076.30, 14.08, 4578, 7986, 12316, 12449, 17405, 18184, 16709, 26935, 34322, 2047, 16365.98, 14.31, 12.16
12:10:42, 1075.10, 14.08, 6048, 10785, 14411, 15279, 13073, 15294, 16193, 19767, 35065, 2181, 16338.83, 14.35, 12.14
12:10:42, 1075.30, 14.08, 5671, 9847, 14200, 13888, 20058, 20529, 18510, 27087, 34404, 2378, 16352.39, 14.33, 12.14
12:10:43, 1076.30, 14.09, 4987, 8718, 12829, 13041, 15880, 15599, 14287, 22483, 33957, 1959, 16352.39, 14.33, 12.17
12:10:43, 1076.40, 14.08, 4725, 8073, 10253, 13264, 16103, 16849, 14531, 26025, 35683, 3314, 16352.39, 14.33, 12.17
12:10:43, 1077.20, 14.08, 3426, 5759, 8327, 8936, 22829, 22846, 23054, 25852, 32541, 2604, 16352.39, 14.33, 12.17
12:10:44, 1075.90, 14.08, 4486, 7714, 10834, 11639, 23699, 23935, 20121, 31312, 35763, 4103, 16352.39, 14.33, 12.16
12:10:44, 1074.30, 14.07, 5342, 8533, 10842, 15558, 25593, 25722, 25036, 30027, 35638, 4250, 16352.39, 14.33, 12.16
12:10:45, 1075.50, 14.07, 5004, 8829, 12846, 13935, 19779, 20143, 18735, 24696, 32941, 3677, 16379.58, 14.29, 12.30
12:10:45, 1076.40, 14.06, 5607, 9730, 14275, 14660, 16652, 17148, 14987, 22651, 33817, 2086, 16379.58, 14.29, 12.30
12:10:45, 1076.10, 14.06, 9930, 18209, 20627, 23349, 11426, 12008, 11195, 18001, 32626, 1988, 16352.39, 14.33, 12.30
12:10:46, 1076.00, 14.05, 5855, 10230, 14679, 14427, 22335, 22301, 19937, 28110, 35497, 2892, 16352.39, 14.33, 12.37
12:10:46, 1074.90, 14.06, 8256, 14291, 18765, 19050, 19093, 19136, 17291, 26554, 36000, 2976, 16365.98, 14.31, 12.37
12:10:47, 1073.70, 14.06, 3138, 5705, 6939, 8327, 15087, 16706, 14990, 26112, 36000, 2894, 16379.58, 14.29, 12.36
12:10:47, 1075.60, 14.05, 4300, 7900, 12333, 11844, 21222, 22328, 18575, 29039, 35863, 3896, 16406.81, 14.26, 12.36
12:10:48, 1075.90, 14.06, 4343, 7410, 8441, 12900, 18347, 19510, 17241, 31136, 36000, 3273, 16379.58, 14.29, 12.36
12:10:48, 1075.60, 14.05, 7277, 14293, 21401, 21649, 19768, 19479, 15598, 27819, 35213, 2650, 16365.98, 14.31, 12.34
12:10:48, 1075.40, 14.04, 4156, 7297, 9624, 10973, 20050, 20074, 19685, 28500, 36000, 2833, 16379.58, 14.29, 12.34
12:10:49, 1074.50, 14.03, 10875, 21743, 25760, 27423, 18100, 18423, 15584, 27860, 35621, 3557, 16379.58, 14.29, 12.29
12:10:49, 1075.50, 14.04, 6216, 10363, 14175, 14310, 18122, 18031, 15953, 26538, 35843, 2744, 16352.39, 14.33, 12.29
12:10:50, 1075.20, 14.04, 4242, 7653, 9563, 11786, 12725, 12845, 11117, 20334, 34521, 2364, 16379.58, 14.29, 12.23
12:10:50, 1075.10, 14.03, 9071, 16468, 20224, 20817, 19327, 20261, 17281, 32191, 36000, 4161, 16379.58, 14.29, 12.23
12:10:50, 1075.80, 14.03, 4772, 8765, 10900, 12242, 18508, 18463, 17255, 25577, 35774, 2586, 16379.58, 14.29, 12.23
12:10:51, 1075.20, 14.03, 5847, 10023, 13767, 14564, 17956, 18403, 15975, 28402, 36000, 3226, 16379.58, 14.29, 12.23
12:10:51, 1074.60, 14.04, 7581, 15453, 18316, 20154, 15877, 16010, 14441, 23651, 35973, 2930, 16393.19, 14.28, 12.23
12:10:52, 1075.00, 14.05, 7541, 12842, 16760, 18577, 25089, 26109, 23450, 31206, 35825, 6327, 16406.81, 14.26, 12.23
12:10:52, 1074.90, 14.05, 5635, 10885, 12958, 14144, 25278, 24798, 21238, 32500, 36000, 3486, 16393.19, 14.28, 12.23
12:10:53, 1076.00, 14.05, 6958, 12395, 15128, 16106, 22591, 23811, 20533, 30911, 36000, 5597, 16379.58, 14.29, 12.23
12:10:53, 1075.40, 14.05, 5224, 9108, 12680, 12998, 13177, 13488, 11525, 18851, 31225, 1871, 16406.81, 14.26, 12.25
12:10:53, 1074.80, 14.05, 4492, 8164, 9811, 12598, 16829, 16834, 15990, 23897, 35879, 2770, 16420.45, 14.24, 12.25
12:10:54, 1074.80, 14.05, 5161, 9400, 13665, 13639, 11904, 12278, 10726, 19794, 35538, 2425, 16420.45, 14.24, 12.29
12:10:54, 1074.90, 14.05, 4649, 8120, 10942, 12231, 20500, 20897, 19080, 28647, 36000, 3922, 16393.19, 14.28, 12.29
12:10:55, 1075.60, 14.05, 5061, 8754, 11932, 13064, 22874, 23233, 23711, 26901, 35638, 3612, 16406.81, 14.26, 12.29
12:10:55, 1076.30, 14.05, 4795, 8803, 11713, 12012, 24810, 24950, 23254, 29772, 36000, 5923, 16379.58, 14.29, 12.30
12:10:55, 1075.80, 14.06, 6963, 12845, 16194, 16867, 11413, 12794, 10998, 18663, 35969, 2306, 16406.81, 14.26, 12.30
12:10:56, 1075.20, 14.06, 4916, 9267, 11195, 12681, 16971, 16775, 15904, 22274, 35259, 2334, 16461.46, 14.19, 12.34
12:10:56, 1075.10, 14.06, 5024, 9027, 12289, 12844, 14370, 14572, 12630, 23391, 36000, 2758, 16406.81, 14.26, 12.34
12:10:57, 1075.00, 14.07, 5741, 10163, 12568, 14301, 20300, 20824, 18671, 30424, 36000, 3550, 16420.45, 14.24, 12.34
12:10:57, 1075.50, 14.08, 8042, 14663, 19624, 19182, 18839, 19438, 16437, 25532, 33998, 3168, 16461.46, 14.19, 12.35
12:10:57, 1076.10, 14.08, 4439, 7715, 10125, 11288, 18208, 18229, 15739, 28688, 36000, 3310, 16434.11, 14.22, 12.35
12:10:58, 1075.80, 14.08, 4259, 7241, 10443, 10510, 22565, 22670, 20127, 30609, 36000, 3726, 16434.11, 14.22, 12.35
12:10:58, 1075.20, 14.08, 7317, 14312, 17203, 18854, 17180, 17155, 14673, 25129, 36000, 2627, 16406.81, 14.26, 12.35
12:10:59, 1075.30, 14.08, 10953, 18846, 23292, 23807, 20983, 20929, 18881, 32206, 36000, 3181, 16461.46, 14.19, 12.35
12:10:59, 1074.50, 14.08, 6696, 13248, 14668, 16492, 18246, 18430, 15622, 29585, 36000, 3579, 16447.78, 14.21, 12.35
12:11:00, 1074.60, 14.09, 5573, 10346, 14830, 14468, 29667, 29447, 26057, 31696, 35776, 3923, 16434.11, 14.22, 12.35
12:11:00, 1075.00, 14.09, 3865, 7011, 8948, 9777, 21875, 22699, 20362, 31048, 36000, 4477, 16434.11, 14.22, 12.39
12:11:00, 1074.20, 14.09, 6526, 12595, 14773, 16189, 19117, 19333, 17290, 25912, 35483, 4435, 16420.45, 14.24, 12.39
12:11:01, 1074.70, 14.09, 4259, 7187, 10119, 10703, 19511, 19699, 18406, 27573, 36000, 2779, 16434.11, 14.22, 12.39
12:11:01, 1073.70, 14.09, 4987, 9061, 13966, 12596, 29854, 30974, 25873, 34344, 36000, 5778, 16461.46, 14.19, 12.41
12:11:02, 1073.80, 14.08, 5297, 9376, 12104, 14428, 18530, 18576, 16421, 27226, 36000, 2826, 16434.11, 14.22, 12.41
12:11:02, 1074.90, 14.08, 6552, 11636, 15528, 16784, 14130, 14232, 12617, 21349, 35296, 2311, 16420.45, 14.24, 12.43
12:11:02, 1074.70, 14.08, 4394, 7550, 11416, 11898, 18459, 18308, 16832, 24890, 35331, 2642, 16447.78, 14.21, 12.43
12:11:03, 1073.50, 14.08, 5064, 8666, 13026, 13903, 14693, 15232, 12579, 22873, 34507, 2356, 16420.45, 14.24, 12.43
12:11:03, 1072.40, 14.08, 4655, 8077, 10499, 12931, 19937, 19752, 22618, 26818, 35813, 2382, 16447.78, 14.21, 12.45
12:11:04, 1072.80, 14.08, 5465, 9495, 13808, 13120, 20767, 20793, 22674, 27476, 35458, 2453, 16461.46, 14.19, 12.45
12:11:04, 1073.80, 14.08, 4398, 7419, 10651, 10790, 25738, 25742, 19965, 33489, 36000, 3322, 16447.78, 14.21, 12.45
12:11:05, 1074.60, 14.08, 5297, 9051, 14199, 14593, 15934, 15901, 15445, 22010, 34027, 2020, 16434.11, 14.22, 12.45
12:11:05, 1074.60, 14.08, 4653, 7744, 10810, 13053, 14603, 14617, 14642, 19903, 29385, 1546, 16447.78, 14.21, 12.43
12:11:05, 1074.10, 14.08, 4515, 7757, 12133, 13502, 20625, 20217, 22107, 23807, 29915, 1938, 16434.11, 14.22, 12.43
12:11:06, 1072.90, 14.08, 5160, 8382, 11508, 12565, 13653, 14244, 13559, 19624, 32258, 1595, 16447.78, 14.21, 12.43
12:11:06, 1073.00, 14.08, 6210, 9934, 14316, 17366, 16874, 17059, 19554, 24426, 29784, 1528, 16475.15, 14.17, 12.41
12:11:07, 1072.20, 14.08, 6712, 11084, 14566, 17120, 17242, 16859, 17324, 22072, 35097, 1907, 16475.15, 14.17, 12.41
12:11:07, 1071.60, 14.07, 4567, 7330, 9786, 12516, 16560, 17146, 16712, 23457, 33382, 1819, 16461.46, 14.19, 12.39
12:11:07, 1073.10, 14.06, 6344, 10893, 14524, 18160, 19260, 20132, 21928, 23314, 27583, 1833, 16461.46, 14.19, 12.39
12:11:08, 1072.10, 14.07, 4174, 6763, 9152, 11237, 17948, 17760, 19029, 23368, 33563, 1724, 16461.46, 14.19, 12.39
12:11:08, 1073.70, 14.06, 5528, 9448, 13062, 14035, 21789, 21912, 24683, 27256, 28146, 2302, 16461.46, 14.19, 12.38
12:11:09, 1073.50, 14.05, 4338, 7353, 10973, 12484, 15581, 15669, 15714, 20303, 30875, 1596, 16475.15, 14.17, 12.38
12:11:09, 1071.80, 14.04, 5243, 8037, 10627, 14401, 20663, 20845, 23190, 28630, 31950, 1880, 16488.87, 14.15, 12.35
12:11:10, 1073.60, 14.01, 3676, 6478, 8415, 11181, 23414, 23874, 26302, 28939, 28340, 2065, 16475.15, 14.17, 12.35
12:11:10, 1073.10, 14.02, 4914, 7399, 9167, 14526, 10873, 11200, 12192, 14525, 19844, 1086, 16461.46, 14.19, 12.35
12:11:10, 1075.30, 14.01, 4238, 6960, 9827, 11099, 16966, 17667, 20998, 22227, 21199, 1275, 16488.87, 14.15, 12.36
12:11:11, 1081.10, 14.00, 5290, 9282, 11515, 17609, 12840, 13836, 14970, 15094, 17579, 1033, 16475.15, 14.17, 12.36
12:11:11, 1085.90, 13.99, 3411, 5779, 7407, 10805, 10905, 10679, 13067, 16758, 16031, 880, 16502.59, 14.14, 12.37
12:11:12, 1092.50, 13.99, 5018, 9068, 10805, 17821, 13258, 14431, 15699, 14991, 15987, 947, 16502.59, 14.14, 12.37
12:11:12, 1098.20, 13.98, 5959, 11110, 14040, 19079, 15170, 15509, 17592, 18203, 17796, 970, 16502.59, 14.14, 12.37
12:11:12, 1103.40, 13.97, 3677, 6487, 8733, 12423, 13961, 15137, 16277, 15845, 15677, 902, 16488.87, 14.15, 12.36
12:11:13, 1109.10, 13.96, 3474, 6203, 7792, 13736, 11824, 12771, 14784, 13707, 12605, 760, 16488.87, 14.15, 12.36
12:11:13, 1114.50, 13.95, 2648, 4698, 6481, 8808, 8353, 8689, 9579, 9150, 10941, 616, 16488.87, 14.15, 12.36
12:11:14, 1120.00, 13.94, 4520, 9269, 10963, 20169, 9805, 10630, 11695, 10729, 12101, 681, 16502.59, 14.14, 12.36
12:11:14, 1126.40, 13.93, 4415, 8526, 10731, 16171, 7876, 7981, 8718, 8395, 10456, 596, 16530.08, 14.10, 12.36
12:11:15, 1133.10, 13.93, 2497, 4585, 6005, 10144, 8623, 9130, 10027, 9218, 10106, 576, 16488.87, 14.15, 12.37
12:11:15, 1138.10, 13.92, 2975, 5659, 7507, 12270, 11745, 12359, 14081, 11922, 11882, 692, 16502.59, 14.14, 12.37
12:11:15, 1143.50, 13.92, 3942, 7702, 10383, 14320, 11060, 11852, 12862, 11842, 11630, 665, 16516.33, 14.12, 12.38
12:11:16, 1149.00, 13.91, 1722, 3253, 4475, 6821, 17567, 18648, 20777, 18908, 14130, 830, 16502.59, 14.14, 12.38
12:11:16, 1154.30, 13.90, 2342, 4354, 6155, 9276, 25179, 27177, 29268, 28443, 19873, 1120, 16516.33, 14.12, 12.38
12:11:17, 1160.20, 13.90, 3146, 7437, 9083, 17150, 13765, 14180, 15043, 13939, 12294, 689, 16516.33, 14.12, 12.38
12:11:17, 1167.30, 13.90, 2258, 4522, 6280, 10125, 11637, 11991, 13178, 10247, 12257, 682, 16502.59, 14.14, 12.38
12:11:17, 1173.70, 13.90, 2679, 5342, 7648, 11313, 9076, 8917, 9225, 9542, 10402, 560, 16502.59, 14.14, 12.39
12:11:18, 1179.20, 13.90, 1803, 3475, 5061, 7608, 9651, 9590, 10308, 8384, 10150, 565, 16530.08, 14.10, 12.39
12:11:18, 1185.00, 13.90, 3816, 8047, 11729, 16939, 11756, 11923, 11956, 11123, 11994, 648, 16488.87, 14.15, 12.39
12:11:19, 1191.70, 13.90, 3465, 7788, 10534, 18276, 7588, 7176, 7605, 5926, 9960, 535, 16530.08, 14.10, 12.38
12:11:19, 1199.70, 13.90, 1968, 3806, 5811, 8828, 9092, 9211, 9389, 9060, 10323, 560, 16516.33, 14.12, 12.38
12:11:19, 1206.40, 13.90, 2504, 4952, 7231, 10956, 9631, 9555, 9924, 7825, 10224, 562, 16502.59, 14.14, 12.36
12:11:20, 1212.80, 13.89, 1971, 3989, 5932, 8772, 7391, 6962, 6877, 5711, 9677, 516, 16502.59, 14.14, 12.36
12:11:20, 1218.20, 13.89, 2327, 4577, 6938, 10843, 8079, 7783, 7785, 6158, 9311, 510, 16543.85, 14.09, 12.35
12:11:21, 1224.40, 13.88, 3952, 8197, 11800, 19004, 9001, 8602, 8836, 7139, 9666, 524, 16543.85, 14.09, 12.35
12:11:21, 1231.50, 13.89, 1581, 3225, 4974, 7276, 12452, 11859, 12147, 10096, 11629, 629, 16530.08, 14.10, 12.35
12:11:22, 1238.70, 13.89, 1680, 3506, 5319, 8080, 9832, 9356, 9419, 7153, 10079, 550, 16530.08, 14.10, 12.35
12:11:22, 1245.30, 13.90, 2369, 5066, 7662, 12279, 8411, 7976, 7798, 6099, 9251, 503, 16530.08, 14.10, 12.35
12:11:22, 1251.60, 13.90, 1971, 4091, 6319, 10231, 10623, 10261, 10319, 7842, 9471, 534, 16543.85, 14.09, 12.34
12:11:23, 1256.90, 13.89, 1735, 3606, 5751, 8705, 10278, 9447, 9683, 7515, 9237, 527, 16543.85, 14.09, 12.34
12:11:23, 1263.70, 13.88, 1436, 3039, 4706, 7506, 13626, 11592, 15230, 8226, 9993, 607, 16516.33, 14.12, 12.34
12:11:24, 1270.30, 13.88, 1494, 3329, 5184, 8736, 6302, 5655, 5366, 3995, 7794, 430, 16557.63, 14.07, 12.32
12:11:24, 1277.00, 13.88, 1661, 3633, 5849, 9248, 8382, 7738, 8079, 5317, 7883, 453, 16502.59, 14.14, 12.32
12:11:24, 1283.80, 13.88, 1321, 2996, 4806, 8152, 10302, 8408, 9328, 5869, 8380, 494, 16530.08, 14.10, 12.26
12:11:25, 1290.20, 13.87, 1698, 3946, 6221, 10805, 8548, 7486, 7716, 5093, 7956, 463, 16530.08, 14.10, 12.26
12:11:25, 1295.90, 13.87, 1162, 2499, 4157, 6288, 6449, 5361, 5556, 3507, 6788, 395, 16543.85, 14.09, 12.26
12:11:26, 1301.90, 13.86, 1660, 3906, 6429, 10610, 11970, 10237, 11540, 6793, 8480, 519, 16543.85, 14.09, 12.21
12:11:26, 1309.00, 13.85, 1046, 2287, 3901, 6041, 7221, 5841, 6385, 3738, 7153, 418, 16543.85, 14.09, 12.21
12:11:27, 1317.00, 13.84, 1359, 3135, 5189, 8743, 8274, 6918, 7275, 4492, 6763, 409, 16530.08, 14.10, 12.20
12:11:27, 1324.40, 13.83, 1055, 2352, 4050, 6510, 8025, 6556, 6716, 4046, 6920, 409, 16543.85, 14.09, 12.20
12:11:27, 1330.80, 13.82, 967, 2088, 3675, 5581, 8187, 6592, 6939, 4117, 6649, 397, 16557.63, 14.07, 12.20
12:11:28, 1335.70, 13.81, 1080, 2395, 4207, 6398, 7276, 5891, 5825, 3582, 6332, 372, 16530.08, 14.10, 12.16
12:11:28, 1341.90, 13.80, 1050, 2421, 4185, 6868, 9118, 7176, 7822, 4388, 6850, 412, 16543.85, 14.09, 12.16
12:11:29, 1349.70, 13.80, 977, 2170, 3871, 6060, 6650, 5320, 5364, 3082, 6113, 359, 16557.63, 14.07, 12.15
12:11:29, 1357.40, 13.79, 1093, 2572, 4498, 7722, 7909, 6238, 6556, 3652, 6368, 380, 16585.24, 14.03, 12.15
12:11:29, 1364.10, 13.79, 1020, 2345, 4201, 6894, 9024, 7205, 7469, 4190, 6641, 402, 16543.85, 14.09, 12.15
12:11:30, 1369.30, 13.78, 1041, 2405, 4303, 7048, 7129, 5633, 5454, 3162, 6140, 358, 16557.63, 14.07, 12.13
12:11:30, 1375.30, 13.77, 928, 2092, 3748, 6263, 7966, 6561, 6572, 3720, 6428, 383, 16585.24, 14.03, 12.13
12:11:31, 1381.60, 13.77, 936, 2100, 3871, 5982, 6346, 5067, 4665, 2736, 5884, 339, 16543.85, 14.09, 12.09
12:11:31, 1389.00, 13.77, 834, 1878, 3447, 5584, 7489, 6160, 5762, 3498, 6271, 367, 16571.43, 14.05, 12.09
12:11:32, 1395.80, 13.77, 1010, 2298, 4234, 6813, 6997, 5574, 5104, 2915, 6299, 361, 16585.24, 14.03, 12.09
12:11:32, 1401.90, 13.76, 940, 2210, 4046, 6733, 7291, 6024, 5333, 3342, 5991, 348, 16543.85, 14.09, 12.01
12:11:32, 1408.40, 13.75, 983, 2273, 4241, 6923, 8161, 6600, 5982, 3460, 6803, 390, 16557.63, 14.07, 12.01
12:11:33, 1415.10, 13.73, 795, 1795, 3387, 5501, 6142, 4941, 4462, 2493, 5441, 315, 16585.24, 14.03, 11.95
12:11:33, 1421.30, 13.72, 851, 1915, 3617, 5902, 8953, 7460, 6653, 3936, 6855, 398, 16585.24, 14.03, 11.95
12:11:34, 1429.00, 13.72, 781, 1746, 3375, 5259, 5613, 4479, 3663, 2152, 5621, 317, 16557.63, 14.07, 11.95
12:11:34, 1436.70, 13.71, 972, 2314, 4347, 7691, 9005, 7283, 6532, 3674, 6718, 391, 16571.43, 14.05, 11.90
12:11:34, 1443.10, 13.71, 712, 1605, 3119, 4960, 5300, 4145, 3419, 1911, 5341, 303, 16585.24, 14.03, 11.90
12:11:35, 1448.60, 13.70, 902, 2121, 4137, 6791, 8170, 6488, 5603, 3236, 6170, 359, 16599.06, 14.02, 11.88
12:11:35, 1454.20, 13.70, 764, 1754, 3431, 5562, 7204, 5637, 4975, 2675, 5918, 343, 16571.43, 14.05, 11.88
12:11:36, 1461.30, 13.70, 825, 1905, 3762, 5976, 6821, 5451, 4495, 2581, 5536, 320, 16585.24, 14.03, 11.84
12:11:36, 1469.10, 13.70, 641, 1445, 2888, 4693, 6375, 5066, 4123, 2328, 5503, 316, 16571.43, 14.05, 11.84
12:11:36, 1476.10, 13.70, 739, 1722, 3473, 5681, 5933, 4542, 3702, 1992, 5068, 293, 16571.43, 14.05, 11.84
12:11:37, 1481.50, 13.70, 611, 1388, 2814, 4583, 6354, 4859, 4141, 2170, 5125, 299, 16599.06, 14.02, 11.80
12:11:37, 1486.40, 13.70, 671, 1556, 3187, 5193, 6147, 4692, 3831, 2031, 5074, 295, 16599.06, 14.02, 11.80
12:11:38, 1493.20, 13.69, 669, 1555, 3214, 5216, 5856, 4458, 3576, 1928, 4845, 281, 16599.06, 14.02, 11.76
12:11:38, 1500.30, 13.69, 612, 1416, 2922, 4870, 6461, 4804, 4111, 2075, 4848, 288, 16571.43, 14.05, 11.76
12:11:39, 1507.90, 13.69, 588, 1343, 2807, 4525, 5955, 4427, 3664, 1833, 4695, 276, 16585.24, 14.03, 11.76
12:11:39, 1515.00, 13.69, 567, 1305, 2773, 4488, 5086, 3783, 2924, 1542, 4246, 248, 16599.06, 14.02, 11.72
12:11:39, 1521.80, 13.69, 560, 1301, 2763, 4582, 6077, 4393, 3726, 1786, 4488, 268, 16585.24, 14.03, 11.72
12:11:40, 1528.40, 13.68, 560, 1302, 2790, 4600, 5907, 4271, 3613, 1731, 4236, 255, 16585.24, 14.03, 11.70
12:11:40, 1535.80, 13.66, 521, 1207, 2611, 4280, 5361, 3868, 3082, 1529, 4090, 242, 16612.90, 14.00, 11.70
12:11:41, 1543.40, 13.60, 521, 1208, 2630, 4313, 5475, 3944, 3161, 1531, 4044, 242, 16626.76, 13.98, 11.70
12:11:41, 1551.60, 13.57, 510, 1187, 2615, 4308, 4978, 3589, 2713, 1376, 3806, 226, 16612.90, 14.00, 11.66
12:11:41, 1559.40, 13.54, 447, 1014, 2239, 3667, 4811, 3399, 2698, 1242, 3697, 221, 16626.76, 13.98, 11.66
12:11:42, 1565.50, 13.51, 503, 1172, 2625, 4393, 5442, 3784, 3025, 1427, 3734, 227, 16612.90, 14.00, 11.63
12:11:42, 1571.40, 13.49, 430, 975, 2189, 3573, 4323, 3032, 2285, 1084, 3349, 200, 16626.76, 13.98, 11.63
12:11:43, 1577.70, 13.47, 449, 1032, 2328, 3871, 5305, 3669, 2914, 1352, 3619, 220, 16599.06, 14.02, 11.63
12:11:43, 1585.90, 13.46, 437, 1001, 2278, 3767, 4606, 3187, 2428, 1121, 3331, 201, 16599.06, 14.02, 11.58
12:11:44, 1593.70, 13.44, 411, 940, 2156, 3583, 4783, 3264, 2545, 1153, 3331, 203, 16599.06, 14.02, 11.58
12:11:44, 1600.50, 13.41, 407, 922, 2138, 3508, 4192, 2900, 2054, 978, 3158, 190, 16599.06, 14.02, 11.54
12:11:44, 1606.30, 13.39, 406, 928, 2167, 3649, 4626, 3097, 2379, 1065, 3153, 192, 16599.06, 14.02, 11.54
12:11:45, 1612.70, 13.37, 367, 823, 1922, 3176, 4070, 2760, 2031, 912, 3012, 182, 16626.76, 13.98, 11.54
12:11:45, 1620.00, 13.35, 396, 908, 2150, 3610, 4455, 2994, 2199, 1006, 3052, 186, 16640.63, 13.96, 11.48
12:11:46, 1628.20, 13.34, 354, 794, 1883, 3161, 4044, 2704, 1983, 867, 2900, 176, 16640.63, 13.96, 11.48
12:11:46, 1636.00, 13.33, 368, 838, 2008, 3383, 4438, 2923, 2177, 957, 2928, 180, 16612.90, 14.00, 11.44
12:11:46, 1643.00, 13.31, 328, 729, 1756, 2928, 3697, 2474, 1719, 755, 2746, 166, 16640.63, 13.96, 11.44
12:11:47, 1650.00, 13.30, 342, 771, 1870, 3167, 4149, 2739, 1956, 863, 2801, 172, 16640.63, 13.96, 11.44
12:11:47, 1657.70, 13.28, 315, 702, 1710, 2882, 3710, 2440, 1725, 736, 2664, 162, 16612.90, 14.00, 11.41
12:11:48, 1665.80, 13.27, 315, 704, 1728, 2919, 3749, 2488, 1679, 745, 2654, 161, 16640.63, 13.96, 11.41
12:11:48, 1674.50, 13.26, 314, 704, 1742, 2975, 3876, 2521, 1767, 755, 2622, 161, 16654.51, 13.95, 11.41
12:11:49, 1682.40, 13.24, 293, 648, 1613, 2746, 3586, 2354, 1569, 676, 2547, 154, 16626.76, 13.98, 11.41
12:11:49, 1689.40, 13.23, 297, 662, 1661, 2839, 3702, 2409, 1612, 690, 2547, 155, 16640.63, 13.96, 11.41
12:11:49, 1696.10, 13.22, 287, 635, 1606, 2762, 3539, 2310, 1505, 650, 2460, 149, 16654.51, 13.95, 11.40
12:11:50, 1702.70, 13.21, 269, 591, 1497, 2563, 3283, 2136, 1376, 585, 2388, 144, 16654.51, 13.95, 11.40
12:11:50, 1710.80, 13.20, 267, 592, 1509, 2623, 3612, 2320, 1547, 646, 2446, 149, 16640.63, 13.96, 11.39
12:11:51, 1718.80, 13.19, 270, 595, 1531, 2649, 3352, 2166, 1381, 580, 2350, 142, 16654.51, 13.95, 11.39
12:11:51, 1726.20, 13.18, 246, 538, 1389, 2430, 3232, 2087, 1315, 548, 2299, 139, 16654.51, 13.95, 11.36
12:11:51, 1732.50, 13.17, 261, 574, 1497, 2613, 3487, 2222, 1425, 590, 2333, 142, 16626.76, 13.98, 11.36
12:11:52, 1739.00, 13.16, 243, 529, 1382, 2421, 3081, 1991, 1211, 506, 2226, 134, 16654.51, 13.95, 11.36
12:11:52, 1746.10, 13.16, 237, 517, 1354, 2390, 3235, 2073, 1278, 533, 2238, 135, 16668.40, 13.93, 11.32
12:11:53, 1754.40, 13.14, 232, 506, 1333, 2346, 3006, 1945, 1138, 480, 2185, 131, 16668.40, 13.93, 11.32
12:11:53, 1762.30, 13.14, 226, 492, 1307, 2331, 3153, 2012, 1209, 503, 2177, 131, 16654.51, 13.95, 11.28
12:11:54, 1769.20, 13.13, 223, 483, 1290, 2280, 2947, 1902, 1081, 458, 2127, 127, 16654.51, 13.95, 11.28
12:11:54, 1776.60, 13.12, 216, 467, 1251, 2241, 2995, 1906, 1120, 460, 2112, 126, 16682.31, 13.91, 11.28
12:11:54, 1784.00, 13.10, 211, 455, 1228, 2185, 2824, 1816, 1003, 425, 2069, 123, 16710.18, 13.88, 11.27
12:11:55, 1792.70, 13.09, 203, 438, 1187, 2142, 2827, 1800, 1023, 416, 2047, 122, 16682.31, 13.91, 11.27
12:11:55, 1800.60, 13.08, 201, 431, 1177, 2127, 2795, 1771, 992, 404, 2027, 121, 16696.24, 13.89, 11.22
12:11:56, 1809.20, 13.06, 198, 428, 1174, 2134, 2863, 1804, 1017, 409, 2024, 121, 16710.18, 13.88, 11.22
12:11:56, 1816.40, 13.04, 196, 420, 1164, 2121, 2796, 1763, 970, 393, 1996, 119, 16682.31, 13.91, 11.22
12:11:56, 1822.90, 13.03, 192, 413, 1141, 2084, 2774, 1746, 961, 385, 1979, 118, 16696.24, 13.89, 11.12
12:11:57, 1829.80, 13.01, 188, 405, 1126, 2066, 2714, 1705, 917, 371, 1952, 116, 16696.24, 13.89, 11.12
12:11:57, 1837.20, 13.00, 180, 387, 1079, 1987, 2613, 1652, 872, 351, 1920, 113, 16682.31, 13.91, 11.05
12:11:58, 1844.90, 12.98, 179, 385, 1081, 2003, 2670, 1663, 890, 354, 1910, 113, 16696.24, 13.89, 11.05
12:11:58, 1852.30, 12.97, 174, 373, 1050, 1945, 2553, 1604, 830, 331, 1881, 111, 16710.18, 13.88, 11.05
12:11:59, 1858.50, 12.95, 171, 368, 1040, 1939, 2592, 1620, 842, 336, 1873, 110, 16710.18, 13.88, 11.02
12:11:59, 1865.10, 12.94, 171, 368, 1046, 1948, 2574, 1597, 833, 327, 1857, 109, 16710.18, 13.88, 11.02
12:11:59, 1872.00, 12.93, 164, 352, 1002, 1869, 2458, 1538, 773, 309, 1824, 107, 16738.11, 13.84, 10.99
12:12:00, 1879.40, 12.92, 162, 348, 995, 1867, 2483, 1538, 782, 307, 1819, 106, 16682.31, 13.91, 10.99
12:12:00, 1887.40, 12.92, 159, 342, 982, 1834, 2387, 1494, 718, 292, 1786, 104, 16752.09, 13.82, 10.99
12:12:01, 1895.10, 12.91, 154, 330, 954, 1805, 2400, 1480, 737, 286, 1780, 104, 16752.09, 13.82, 10.98
12:12:01, 1902.30, 12.89, 155, 332, 965, 1816, 2397, 1481, 716, 285, 1758, 102, 16724.14, 13.86, 10.98
12:12:01, 1909.50, 12.88, 149, 318, 930, 1761, 2312, 1416, 690, 268, 1715, 100, 16724.14, 13.86, 10.98
12:12:02, 1917.10, 12.84, 146, 311, 912, 1732, 2306, 1419, 679, 266, 1706, 99, 16752.09, 13.82, 10.98
12:12:02, 1924.90, 12.83, 145, 310, 913, 1735, 2269, 1386, 654, 257, 1676, 97, 16724.14, 13.86, 10.98
12:12:03, 1932.80, 12.83, 138, 293, 868, 1657, 2182, 1334, 620, 242, 1648, 95, 16752.09, 13.82, 10.97
12:12:03, 1940.90, 12.82, 137, 292, 869, 1667, 2215, 1342, 631, 243, 1641, 95, 16752.09, 13.82, 10.97
12:12:03, 1947.80, 12.81, 134, 283, 849, 1628, 2134, 1289, 594, 230, 1599, 92, 16752.09, 13.82, 10.97
12:12:04, 1954.00, 12.80, 129, 274, 822, 1581, 2096, 1270, 577, 223, 1585, 91, 16738.11, 13.84, 10.97
12:12:04, 1961.50, 12.80, 130, 275, 831, 1601, 2120, 1274, 584, 224, 1578, 91, 16766.09, 13.81, 10.97
12:12:05, 1969.40, 12.79, 127, 268, 813, 1571, 2077, 1246, 565, 216, 1553, 90, 16738.11, 13.84, 10.96
12:12:05, 1977.40, 12.79, 124, 262, 800, 1552, 2067, 1235, 556, 212, 1536, 88, 16794.13, 13.77, 10.96
12:12:06, 1983.80, 12.78, 124, 260, 796, 1545, 2054, 1225, 545, 208, 1520, 88, 16766.09, 13.81, 10.97
12:12:06, 1990.20, 12.77, 122, 256, 787, 1530, 2018, 1202, 528, 203, 1499, 86, 16794.13, 13.77, 10.97
12:12:06, 1996.50, 12.77, 118, 248, 765, 1492, 1977, 1176, 514, 196, 1482, 85, 16794.13, 13.77, 10.97
12:12:07, 2004.10, 12.76, 118, 248, 768, 1500, 2001, 1185, 517, 198, 1470, 85, 16766.09, 13.81, 10.96
12:12:07, 2012.30, 12.75, 115, 242, 752, 1470, 1932, 1144, 490, 187, 1443, 83, 16780.11, 13.79, 10.96
12:12:08, 2020.20, 12.74, 112, 234, 732, 1438, 1918, 1129, 483, 183, 1430, 82, 16780.11, 13.79, 10.96
12:12:08, 2027.70, 12.74, 112, 233, 734, 1442, 1912, 1121, 474, 181, 1411, 81, 16780.11, 13.79, 10.96
12:12:08, 2035.10, 12.72, 108, 226, 712, 1403, 1852, 1085, 454, 173, 1381, 79, 16780.11, 13.79, 10.95
12:12:09, 2042.30, 12.72, 106, 220, 699, 1382, 1840, 1073, 449, 170, 1367, 78, 16808.18, 13.75, 10.95
12:12:09, 2050.60, 12.72, 104, 217, 689, 1362, 1804, 1052, 431, 165, 1351, 77, 16808.18, 13.75, 10.95
12:12:10, 2058.60, 12.71, 102, 212, 676, 1344, 1783, 1035, 424, 160, 1333, 76, 16808.18, 13.75, 10.95
12:12:10, 2066.60, 12.70, 100, 209, 670, 1334, 1770, 1025, 416, 157, 1320, 75, 16780.11, 13.79, 10.95
12:12:11, 2073.80, 12.70, 99, 205, 660, 1317, 1754, 1010, 409, 154, 1301, 74, 16794.13, 13.77, 10.94
12:12:11, 2080.40, 12.69, 97, 201, 652, 1302, 1726, 993, 398, 150, 1284, 73, 16808.18, 13.75, 10.94
12:12:11, 2087.60, 12.69, 95, 197, 641, 1282, 1703, 977, 389, 147, 1270, 72, 16808.18, 13.75, 10.94
12:12:12, 2096.10, 12.69, 94, 193, 632, 1267, 1685, 964, 380, 144, 1255, 71, 16822.23, 13.74, 10.94
12:12:12, 2103.70, 12.69, 92, 189, 620, 1246, 1653, 944, 367, 139, 1237, 70, 16822.23, 13.74, 10.94
12:12:13, 2110.70, 12.67, 90, 186, 612, 1233, 1639, 932, 361, 137, 1222, 69, 16822.23, 13.74, 10.94
12:12:13, 2117.20, 12.67, 89, 182, 601, 1211, 1605, 913, 348, 132, 1208, 69, 16850.39, 13.70, 10.94
12:12:13, 2123.80, 12.66, 87, 178, 592, 1196, 1591, 903, 343, 130, 1196, 68, 16836.30, 13.72, 10.94
12:12:14, 2131.60, 12.66, 86, 176, 587, 1189, 1578, 893, 337, 128, 1185, 67, 16836.30, 13.72, 10.93
12:12:14, 2139.50, 12.66, 84, 172, 575, 1167, 1553, 876, 329, 124, 1168, 66, 16864.50, 13.68, 10.93
12:12:15, 2147.30, 12.65, 83, 169, 569, 1160, 1547, 870, 326, 123, 1154, 65, 16850.39, 13.70, 10.93
12:12:15, 2154.30, 12.65, 82, 166, 561, 1146, 1527, 854, 318, 120, 1141, 65, 16836.30, 13.72, 10.93
12:12:16, 2161.20, 12.64, 80, 163, 554, 1131, 1508, 842, 311, 117, 1126, 64, 16836.30, 13.72, 10.93
12:12:16, 2168.10, 12.63, 79, 160, 545, 1116, 1487, 829, 304, 115, 1114, 63, 16836.30, 13.72, 10.92
12:12:16, 2175.90, 12.62, 77, 156, 534, 1096, 1458, 810, 294, 111, 1098, 62, 16836.30, 13.72, 10.92
12:12:17, 2183.50, 12.61, 76, 153, 524, 1079, 1436, 797, 286, 109, 1086, 61, 16878.62, 13.67, 10.92
12:12:17, 2191.30, 12.61, 75, 150, 518, 1069, 1425, 789, 281, 107, 1075, 61, 16850.39, 13.70, 10.92
12:12:18, 2198.40, 12.61, 73, 147, 509, 1052, 1401, 772, 274, 104, 1058, 60, 16850.39, 13.70, 10.92
12:12:18, 2205.30, 12.60, 72, 144, 501, 1038, 1385, 763, 268, 102, 1047, 59, 16850.39, 13.70, 10.91
12:12:18, 2212.00, 12.60, 71, 143, 497, 1032, 1377, 755, 265, 101, 1034, 58, 16878.62, 13.67, 10.91
12:12:19, 2219.70, 12.59, 70, 140, 489, 1017, 1353, 742, 258, 98, 1022, 57, 16864.50, 13.68, 10.91
12:12:19, 2226.70, 12.59, 69, 137, 482, 1004, 1344, 735, 254, 97, 1011, 57, 16878.62, 13.67, 10.91
12:12:20, 2233.00, 12.60, 68, 136, 479, 1000, 1335, 727, 250, 95, 1000, 56, 16864.50, 13.68, 10.91
12:12:20, 2239.70, 12.61, 67, 132, 468, 978, 1302, 708, 240, 92, 986, 55, 16878.62, 13.67, 10.91
12:12:20, 2246.00, 12.62, 66, 130, 460, 965, 1294, 702, 238, 91, 978, 55, 16892.74, 13.65, 10.91
12:12:21, 2253.30, 12.63, 65, 128, 457, 956, 1275, 691, 231, 89, 967, 54, 16906.89, 13.63, 10.91
12:12:21, 2260.80, 12.64, 64, 125, 447, 940, 1257, 679, 226, 87, 955, 53, 16892.74, 13.65, 10.91
12:12:22, 2267.90, 12.64, 63, 123, 443, 933, 1250, 673, 223, 86, 947, 53, 16921.05, 13.62, 10.91
12:12:22, 2275.10, 12.63, 62, 121, 437, 922, 1234, 662, 217, 84, 937, 52, 16878.62, 13.67, 10.90
12:12:23, 2282.10, 12.62, 61, 119, 431, 912, 1221, 653, 214, 82, 926, 52, 16906.89, 13.63, 10.90
12:12:23, 2289.00, 12.61, 60, 117, 425, 900, 1201, 642, 208, 81, 914, 51, 16906.89, 13.63, 10.90
12:12:23, 2296.10, 12.60, 59, 115, 418, 887, 1190, 634, 205, 79, 907, 51, 16906.89, 13.63, 10.90
12:12:24, 2303.80, 12.59, 58, 113, 413, 879, 1177, 625, 201, 78, 897, 50, 16906.89, 13.63, 10.89
12:12:24, 2311.30, 12.58, 57, 110, 405, 865, 1159, 615, 195, 76, 885, 49, 16935.23, 13.60, 10.89
12:12:25, 2318.30, 12.57, 56, 108, 399, 854, 1147, 607, 192, 75, 871, 49, 16921.05, 13.62, 10.89
12:12:25, 2324.70, 12.56, 55, 106, 394, 844, 1131, 597, 187, 73, 860, 48, 16921.05, 13.62, 10.89
12:12:25, 2331.20, 12.55, 54, 104, 387, 830, 1114, 587, 183, 72, 851, 47, 16892.74, 13.65, 10.89
12:12:26, 2338.10, 12.55, 53, 102, 381, 819, 1099, 578, 179, 70, 840, 47, 16921.05, 13.62, 10.89
12:12:26, 2345.00, 12.54, 53, 101, 376, 811, 1091, 572, 176, 69, 832, 46, 16921.05, 13.62, 10.89
12:12:27, 2351.70, 12.53, 52, 99, 372, 802, 1076, 562, 172, 68, 822, 46, 16935.23, 13.60, 10.89
12:12:27, 2357.90, 12.53, 51, 97, 366, 791, 1061, 554, 168, 66, 812, 45, 16963.63, 13.56, 10.88
12:12:28, 2363.80, 12.53, 50, 95, 360, 780, 1044, 544, 163, 65, 801, 44, 16935.23, 13.60, 10.88
12:12:28, 2370.50, 12.53, 49, 93, 355, 769, 1032, 536, 161, 64, 794, 44, 16935.23, 13.60, 10.88
12:12:28, 2379.10, 12.51, 49, 91, 349, 758, 1020, 528, 157, 63, 783, 43, 16963.63, 13.56, 10.88
12:12:29, 2386.00, 12.51, 48, 90, 344, 750, 1009, 521, 154, 62, 773, 43, 16963.63, 13.56, 10.88
12:12:29, 2392.30, 12.50, 47, 88, 340, 741, 997, 513, 151, 60, 762, 42, 16935.23, 13.60, 10.88
12:12:30, 2398.90, 12.49, 46, 87, 335, 731, 984, 505, 148, 59, 752, 42, 16949.42, 13.58, 10.88
12:12:30, 2406.20, 12.49, 46, 85, 329, 720, 969, 496, 145, 58, 742, 41, 16977.85, 13.55, 10.88
12:12:31, 2413.70, 12.49, 45, 83, 324, 710, 957, 489, 142, 57, 731, 40, 16977.85, 13.55, 10.88
12:12:31, 2421.10, 12.48, 44, 82, 320, 702, 948, 484, 139, 56, 722, 40, 16963.63, 13.56, 10.88
12:12:31, 2428.00, 12.47, 44, 81, 315, 693, 933, 475, 136, 55, 712, 39, 16977.85, 13.55, 10.87
12:12:32, 2434.80, 12.47, 43, 79, 311, 684, 924, 469, 134, 54, 703, 39, 16963.63, 13.56, 10.87
12:12:32, 2441.80, 12.46, 42, 77, 305, 672, 906, 459, 130, 53, 692, 38, 16992.08, 13.53, 10.88
12:12:33, 2448.50, 12.46, 41, 76, 299, 662, 894, 452, 127, 52, 683, 38, 16992.08, 13.53, 10.88
12:12:33, 2455.50, 12.45, 41, 74, 296, 655, 884, 446, 125, 51, 676, 37, 16963.63, 13.56, 10.87
12:12:33, 2462.60, 12.45, 40, 73, 291, 646, 872, 439, 122, 50, 666, 37, 16963.63, 13.56, 10.87
12:12:34, 2469.30, 12.45, 40, 72, 286, 636, 860, 432, 119, 49, 657, 36, 16977.85, 13.55, 10.87
12:12:34, 2475.70, 12.45, 39, 70, 282, 628, 849, 425, 117, 48, 649, 36, 16992.08, 13.53, 10.86
12:12:35, 2481.80, 12.44, 38, 69, 278, 620, 838, 419, 114, 47, 641, 35, 16992.08, 13.53, 10.86
12:12:35, 2488.50, 12.44, 38, 68, 273, 611, 825, 413, 112, 46, 633, 35, 16992.08, 13.53, 10.86
12:12:36, 2495.50, 12.44, 37, 66, 268, 601, 815, 406, 110, 46, 624, 34, 17006.34, 13.51, 10.86
12:12:36, 2502.40, 12.43, 37, 65, 265, 594, 806, 401, 108, 45, 616, 34, 17020.60, 13.49, 10.86
12:12:36, 2508.50, 12.43, 36, 64, 261, 586, 794, 394, 105, 44, 608, 33, 17006.34, 13.51, 10.86
12:12:37, 2515.30, 12.43, 35, 63, 256, 577, 782, 387, 103, 43, 600, 33, 17006.34, 13.51, 10.86
12:12:37, 2521.80, 12.42, 35, 61, 252, 569, 771, 381, 101, 42, 592, 33, 17020.60, 13.49, 10.86
12:12:38, 2529.00, 12.41, 34, 60, 248, 561, 761, 376, 99, 42, 584, 32, 17020.60, 13.49, 10.86
12:12:38, 2535.90, 12.41, 34, 59, 244, 553, 750, 369, 96, 41, 576, 32, 17020.60, 13.49, 10.86
12:12:38, 2542.80, 12.40, 33, 58, 240, 546, 741, 364, 94, 40, 570, 31, 17034.88, 13.48, 10.85
12:12:39, 2550.10, 12.40, 33, 57, 236, 539, 730, 358, 92, 39, 562, 31, 17034.88, 13.48, 10.85
12:12:39, 2557.30, 12.39, 32, 55, 232, 529, 718, 351, 90, 38, 554, 30, 17020.60, 13.49, 10.85
12:12:40, 2563.90, 12.39, 31, 54, 228, 522, 709, 346, 88, 38, 546, 30, 17049.18, 13.46, 10.85
12:12:40, 2571.10, 12.38, 31, 53, 224, 514, 698, 340, 86, 37, 539, 29, 17049.18, 13.46, 10.85
12:12:40, 2577.60, 12.38, 30, 52, 220, 507, 689, 335, 84, 36, 532, 29, 17063.49, 13.44, 10.85
12:12:41, 2584.10, 12.38, 30, 51, 217, 500, 680, 330, 83, 36, 525, 29, 17063.49, 13.44, 10.85
12:12:41, 2590.70, 12.37, 29, 50, 214, 492, 669, 324, 81, 35, 517, 28, 17049.18, 13.46, 10.85
12:12:42, 2596.40, 12.37, 29, 49, 210, 485, 660, 319, 79, 34, 512, 28, 17063.49, 13.44, 10.85
12:12:42, 2602.70, 12.37, 29, 48, 207, 479, 651, 314, 77, 34, 505, 28, 17049.18, 13.46, 10.85
12:12:43, 2609.30, 12.36, 28, 47, 203, 471, 641, 309, 76, 33, 498, 27, 17049.18, 13.46, 10.85
12:12:43, 2614.90, 12.36, 28, 47, 200, 465, 634, 305, 74, 33, 492, 27, 17034.88, 13.48, 10.85
12:12:43, 2619.50, 12.36, 27, 46, 198, 460, 626, 301, 73, 32, 486, 26, 17063.49, 13.44, 10.85
12:12:44, 2620.10, 12.36, 27, 45, 195, 455, 621, 298, 72, 32, 482, 26, 17063.49, 13.44, 10.85
12:12:44, 2620.10, 12.36, 27, 45, 195, 454, 622, 299, 72, 32, 483, 26, 17077.82, 13.42, 10.85
12:12:45, 2617.90, 12.36, 27, 45, 196, 456, 623, 299, 73, 32, 483, 26, 17063.49, 13.44, 10.85
12:12:45, 2613.40, 12.36, 27, 45, 196, 456, 624, 300, 73, 32, 482, 26, 17077.82, 13.42, 10.85
12:12:45, 2608.10, 12.37, 27, 46, 198, 460, 631, 304, 74, 33, 488, 27, 17077.82, 13.42, 10.85
12:12:46, 2601.20, 12.37, 28, 47, 201, 466, 639, 308, 76, 33, 494, 27, 17063.49, 13.44, 10.85
12:12:46, 2594.20, 12.37, 28, 48, 204, 471, 646, 312, 77, 34, 498, 27, 17077.82, 13.42, 10.85
12:12:47, 2585.70, 12.36, 29, 48, 207, 478, 657, 318, 79, 34, 506, 28, 17120.89, 13.37, 10.85
12:12:47, 2577.50, 12.37, 29, 50, 212, 487, 669, 324, 81, 35, 515, 28, 17077.82, 13.42, 10.85
12:12:48, 2569.70, 12.36, 30, 51, 216, 495, 679, 330, 83, 36, 522, 29, 17077.82, 13.42, 10.85
12:12:48, 2560.60, 12.37, 31, 52, 220, 504, 693, 338, 86, 37, 532, 29, 17106.52, 13.39, 10.85
12:12:48, 2551.50, 12.37, 31, 54, 225, 514, 706, 345, 88, 38, 540, 30, 17077.82, 13.42, 10.85
12:12:49, 2542.70, 12.38, 32, 55, 230, 524, 718, 351, 90, 39, 549, 30, 17120.89, 13.37, 10.85
12:12:49, 2533.90, 12.38, 33, 57, 235, 534, 730, 359, 93, 39, 559, 31, 17120.89, 13.37, 10.85
12:12:50, 2525.20, 12.39, 33, 57, 239, 538, 734, 358, 93, 40, 567, 31, 17120.89, 13.37, 10.85
12:12:50, 2516.10, 12.40, 33, 58, 241, 543, 757, 373, 98, 41, 576, 32, 17092.16, 13.41, 10.85
12:12:50, 2507.40, 12.40, 35, 61, 251, 565, 774, 383, 101, 43, 586, 32, 17135.28, 13.35, 10.85
12:12:51, 2497.10, 12.41, 36, 63, 257, 575, 787, 390, 104, 44, 596, 33, 17120.89, 13.37, 10.85
12:12:51, 2490.30, 12.41, 36, 64, 262, 586, 800, 398, 107, 45, 606, 33, 17135.28, 13.35, 10.85
12:12:52, 2481.70, 12.41, 37, 66, 266, 595, 812, 405, 109, 46, 612, 34, 17120.89, 13.37, 10.84
12:12:52, 2473.00, 12.42, 38, 67, 272, 605, 824, 412, 112, 47, 621, 34, 17106.52, 13.39, 10.84
12:12:53, 2464.50, 12.42, 38, 69, 276, 614, 838, 419, 115, 48, 631, 35, 17120.89, 13.37, 10.84
12:12:53, 2455.90, 12.42, 39, 70, 282, 624, 853, 428, 118, 49, 641, 35, 17120.89, 13.37, 10.84
12:12:53, 2447.10, 12.42, 40, 72, 287, 635, 863, 434, 121, 50, 648, 36, 17149.68, 13.34, 10.84
12:12:54, 2438.20, 12.42, 41, 74, 293, 645, 879, 443, 125, 51, 658, 36, 17135.28, 13.35, 10.85
12:12:54, 2429.40, 12.42, 42, 76, 300, 657, 894, 452, 128, 52, 667, 37, 17149.68, 13.34, 10.85
12:12:55, 2420.00, 12.42, 43, 78, 306, 669, 911, 462, 131, 54, 678, 38, 17149.68, 13.34, 10.85
12:12:55, 2410.60, 12.42, 44, 80, 313, 683, 931, 473, 136, 55, 688, 38, 17149.68, 13.34, 10.85
12:12:55, 2401.80, 12.42, 45, 82, 320, 695, 948, 483, 140, 57, 698, 39, 17135.28, 13.35, 10.85
12:12:56, 2393.10, 12.42, 46, 84, 326, 708, 964, 494, 144, 58, 710, 40, 17149.68, 13.34, 10.84
12:12:56, 2385.00, 12.42, 47, 87, 333, 722, 982, 504, 149, 60, 721, 40, 17120.89, 13.37, 10.84
12:12:57, 2376.80, 12.41, 48, 88, 340, 734, 997, 513, 152, 61, 730, 41, 17149.68, 13.34, 10.85
12:12:57, 2368.00, 12.41, 48, 90, 345, 743, 1009, 522, 156, 62, 739, 41, 17149.68, 13.34, 10.85
12:12:58, 2359.20, 12.41, 50, 93, 353, 758, 1032, 535, 162, 64, 752, 42, 17164.10, 13.32, 10.85
12:12:58, 2350.50, 12.41, 51, 95, 359, 770, 1043, 542, 164, 66, 761, 43, 17149.68, 13.34, 10.84
12:12:58, 2342.80, 12.41, 51, 96, 364, 778, 1055, 550, 168, 67, 771, 43, 17178.53, 13.30, 10.84
12:12:59, 2334.70, 12.40, 52, 99, 371, 791, 1074, 561, 172, 69, 781, 44, 17192.98, 13.28, 10.85
12:12:59, 2326.30, 12.41, 53, 101, 377, 802, 1090, 571, 176, 70, 791, 44, 17192.98, 13.28, 10.85
12:13:00, 2317.30, 12.41, 54, 103, 385, 815, 1106, 581, 181, 72, 803, 45, 17164.10, 13.32, 10.85
12:13:00, 2308.20, 12.41, 55, 105, 391, 826, 1122, 590, 186, 73, 814, 46, 17164.10, 13.32, 10.86
12:13:00, 2299.50, 12.41, 57, 108, 399, 839, 1141, 602, 191, 75, 826, 46, 17207.45, 13.27, 10.86
12:13:01, 2290.50, 12.41, 58, 110, 405, 851, 1156, 612, 196, 77, 838, 47, 17178.53, 13.30, 10.86
12:13:01, 2281.10, 12.41, 59, 113, 411, 864, 1170, 622, 201, 79, 850, 48, 17192.98, 13.28, 10.86
12:13:02, 2271.50, 12.42, 60, 115, 419, 881, 1192, 634, 208, 81, 865, 49, 17178.53, 13.30, 10.86
12:13:02, 2262.30, 12.42, 61, 118, 428, 897, 1210, 648, 212, 83, 876, 49, 17207.45, 13.27, 10.86
12:13:02, 2253.50, 12.42, 63, 122, 440, 917, 1241, 667, 221, 86, 891, 50, 17192.98, 13.28, 10.86
12:13:03, 2244.90, 12.43, 65, 126, 452, 939, 1268, 684, 228, 89, 909, 51, 17207.45, 13.27, 10.86
12:13:03, 2236.60, 12.43, 66, 129, 461, 955, 1281, 696, 232, 91, 921, 52, 17221.93, 13.25, 10.86
12:13:04, 2228.30, 12.42, 68, 132, 468, 966, 1300, 708, 237, 93, 932, 53, 17207.45, 13.27, 10.86
12:13:04, 2219.20, 12.43, 69, 135, 478, 984, 1327, 724, 245, 96, 945, 53, 17207.45, 13.27, 10.87
12:13:05, 2210.00, 12.42, 71, 139, 488, 1002, 1349, 738, 252, 99, 959, 54, 17178.53, 13.30, 10.87
12:13:05, 2200.80, 12.43, 73, 142, 499, 1019, 1375, 753, 262, 102, 973, 55, 17236.42, 13.23, 10.87
12:13:05, 2192.20, 12.42, 74, 146, 507, 1032, 1389, 763, 266, 104, 985, 56, 17207.45, 13.27, 10.87
12:13:06, 2183.40, 12.42, 75, 149, 516, 1050, 1418, 780, 278, 107, 1000, 57, 17192.98, 13.28, 10.87
12:13:06, 2174.60, 12.42, 77, 153, 528, 1070, 1438, 796, 282, 110, 1013, 58, 17221.93, 13.25, 10.88
12:13:07, 2165.30, 12.42, 79, 157, 537, 1085, 1466, 811, 294, 113, 1030, 59, 17236.42, 13.23, 10.88
12:13:07, 2155.90, 12.42, 81, 161, 551, 1110, 1497, 829, 305, 117, 1045, 60, 17236.42, 13.23, 10.88
12:13:07, 2146.30, 12.43, 83, 166, 563, 1127, 1527, 850, 313, 121, 1062, 61, 17207.45, 13.27, 10.88
12:13:08, 2136.60, 12.43, 85, 169, 574, 1147, 1544, 861, 324, 123, 1076, 62, 17221.93, 13.25, 10.88
12:13:08, 2127.50, 12.44, 86, 173, 581, 1160, 1561, 876, 329, 127, 1092, 63, 17221.93, 13.25, 10.88
12:13:09, 2119.50, 12.44, 89, 178, 597, 1186, 1603, 898, 344, 131, 1111, 64, 17250.93, 13.21, 10.88
12:13:09, 2110.80, 12.44, 90, 181, 603, 1195, 1601, 904, 342, 133, 1121, 64, 17265.46, 13.20, 10.88
12:13:10, 2102.10, 12.45, 91, 184, 611, 1209, 1632, 921, 356, 137, 1135, 65, 17221.93, 13.25, 10.88
12:13:10, 2093.10, 12.46, 94, 190, 628, 1235, 1666, 943, 366, 142, 1152, 66, 17236.42, 13.23, 10.88
12:13:10, 2084.20, 12.45, 96, 194, 635, 1249, 1670, 956, 369, 144, 1168, 67, 17236.42, 13.23, 10.88
12:13:11, 2075.40, 12.45, 98, 198, 645, 1272, 1696, 974, 382, 148, 1190, 68, 17236.42, 13.23, 10.88
12:13:11, 2066.70, 12.45, 100, 203, 658, 1289, 1724, 996, 391, 154, 1200, 69, 17236.42, 13.23, 10.89
12:13:12, 2057.40, 12.45, 102, 207, 670, 1303, 1740, 1005, 401, 156, 1207, 70, 17280.00, 13.18, 10.89
12:13:12, 2047.90, 12.45, 104, 212, 679, 1327, 1769, 1032, 412, 162, 1232, 71, 17250.93, 13.21, 10.90
12:13:12, 2039.00, 12.45, 108, 220, 704, 1359, 1837, 1063, 435, 170, 1255, 73, 17265.46, 13.20, 10.90
12:13:13, 2030.60, 12.45, 111, 227, 722, 1390, 1863, 1086, 449, 175, 1270, 74, 17265.46, 13.20, 10.90
12:13:13, 2021.10, 12.45, 114, 232, 735, 1414, 1901, 1105, 464, 181, 1290, 75, 17294.56, 13.16, 10.89
12:13:14, 2011.30, 12.45, 117, 238, 749, 1433, 1921, 1127, 472, 186, 1307, 76, 17250.93, 13.21, 10.89
12:13:14, 2001.80, 12.45, 118, 242, 756, 1448, 1940, 1141, 487, 190, 1328, 77, 17280.00, 13.18, 10.90
12:13:15, 1992.50, 12.46, 122, 249, 777, 1475, 1987, 1168, 505, 198, 1346, 79, 17280.00, 13.18, 10.90
12:13:15, 1984.60, 12.46, 124, 254, 787, 1488, 1982, 1176, 507, 200, 1357, 79, 17250.93, 13.21, 10.90
12:13:15, 1976.50, 12.46, 125, 256, 789, 1501, 2011, 1193, 525, 205, 1376, 81, 17265.46, 13.20, 10.90
12:13:16, 1967.80, 12.45, 131, 269, 828, 1548, 2112, 1248, 553, 221, 1414, 83, 17265.46, 13.20, 10.90
12:13:16, 1958.70, 12.45, 134, 275, 839, 1575, 2086, 1251, 557, 220, 1428, 84, 17294.56, 13.16, 10.91
12:13:17, 1949.10, 12.45, 136, 280, 850, 1593, 2176, 1295, 589, 235, 1478, 87, 17280.00, 13.18, 10.91
12:13:17, 1939.90, 12.45, 143, 295, 889, 1641, 2195, 1323, 599, 241, 1508, 89, 17280.00, 13.18, 10.91
12:13:17, 1931.20, 12.44, 143, 294, 882, 1656, 2203, 1333, 621, 244, 1493, 88, 17294.56, 13.16, 10.91
12:13:18, 1921.80, 12.45, 149, 305, 913, 1683, 2270, 1368, 637, 258, 1510, 90, 17309.13, 13.14, 10.91
12:13:18, 1913.10, 12.45, 151, 312, 925, 1709, 2290, 1388, 661, 263, 1541, 91, 17280.00, 13.18, 10.91
12:13:19, 1903.70, 12.46, 157, 322, 952, 1750, 2370, 1439, 684, 279, 1563, 93, 17294.56, 13.16, 10.91
12:13:19, 1894.50, 12.46, 159, 327, 960, 1756, 2355, 1439, 693, 280, 1581, 94, 17294.56, 13.16, 10.91
12:13:19, 1885.20, 12.46, 164, 338, 988, 1802, 2438, 1492, 727, 296, 1618, 97, 17294.56, 13.16, 10.92
12:13:20, 1876.40, 12.46, 170, 349, 1018, 1849, 2488, 1521, 758, 306, 1635, 98, 17309.13, 13.14, 10.92
12:13:20, 1867.60, 12.46, 174, 358, 1036, 1873, 2546, 1566, 780, 321, 1666, 100, 17338.32, 13.11, 10.92
12:13:21, 1858.80, 12.45, 179, 367, 1057, 1905, 2523, 1569, 780, 321, 1672, 100, 17323.72, 13.13, 10.92
12:13:21, 1849.90, 12.46, 177, 365, 1043, 1887, 2521, 1573, 788, 326, 1686, 101, 17309.13, 13.14, 10.92
12:13:22, 1841.30, 12.46, 188, 387, 1101, 1968, 2680, 1668, 854, 357, 1721, 104, 17294.56, 13.16, 10.93
12:13:22, 1833.10, 12.46, 188, 383, 1087, 1946, 2522, 1596, 806, 337, 1703, 102, 17309.13, 13.14, 10.93
12:13:22, 1825.20, 12.46, 187, 386, 1085, 1943, 2686, 1671, 877, 366, 1744, 106, 17323.72, 13.13, 10.95
12:13:23, 1816.80, 12.46, 204, 413, 1169, 2055, 2724, 1736, 899, 384, 1768, 107, 17309.13, 13.14, 10.95
12:13:23, 1807.80, 12.46, 195, 400, 1113, 1990, 2655, 1668, 885, 371, 1762, 107, 17323.72, 13.13, 10.95
12:13:24, 1798.20, 12.46, 211, 426, 1197, 2076, 2863, 1805, 975, 420, 1813, 112, 17323.72, 13.13, 10.95
12:13:24, 1788.70, 12.46, 218, 437, 1221, 2131, 2838, 1811, 989, 419, 1829, 112, 17338.32, 13.11, 10.95
12:13:24, 1779.60, 12.46, 214, 432, 1193, 2080, 2837, 1804, 988, 427, 1848, 113, 17352.94, 13.09, 10.95
12:13:25, 1771.70, 12.46, 227, 462, 1274, 2203, 2998, 1917, 1074, 463, 1902, 118, 17323.72, 13.13, 10.95
12:13:25, 1763.20, 12.46, 227, 457, 1251, 2165, 2863, 1849, 1023, 448, 1888, 115, 17338.32, 13.11, 10.95
12:13:26, 1753.90, 12.46, 225, 457, 1250, 2133, 2956, 1885, 1072, 471, 1916, 119, 17323.72, 13.13, 10.95
12:13:26, 1745.10, 12.46, 242, 484, 1317, 2248, 3041, 1988, 1133, 503, 1976, 122, 17338.32, 13.11, 10.95
12:13:27, 1736.00, 12.46, 243, 489, 1317, 2266, 3026, 1961, 1136, 500, 1972, 122, 17352.94, 13.09, 10.95
12:13:27, 1727.90, 12.46, 253, 511, 1374, 2308, 3213, 2049, 1232, 542, 2025, 127, 17338.32, 13.11, 10.95
12:13:27, 1719.60, 12.45, 273, 543, 1461, 2447, 3232, 2090, 1265, 554, 2032, 128, 17352.94, 13.09, 10.96
12:13:28, 1711.70, 12.45, 260, 522, 1385, 2307, 3093, 2009, 1189, 540, 2006, 125, 17338.32, 13.11, 10.96
12:13:28, 1703.40, 12.45, 277, 560, 1480, 2461, 3367, 2210, 1338, 599, 2156, 134, 17352.94, 13.09, 10.96
12:13:29, 1694.10, 12.45, 287, 578, 1506, 2534, 3276, 2173, 1296, 601, 2091, 130, 17352.94, 13.09, 10.95
12:13:29, 1685.20, 12.46, 271, 551, 1425, 2354, 3216, 2108, 1282, 593, 2101, 131, 17352.94, 13.09, 10.95
12:13:29, 1676.20, 12.46, 309, 620, 1605, 2640, 3680, 2425, 1544, 707, 2254, 142, 17352.94, 13.09, 10.97
12:13:30, 1667.20, 12.46, 329, 647, 1687, 2716, 3635, 2339, 1503, 704, 2201, 140, 17367.58, 13.07, 10.97
12:13:30, 1657.90, 12.47, 309, 620, 1585, 2577, 3584, 2386, 1550, 718, 2237, 142, 17352.94, 13.09, 10.97
12:13:31, 1648.40, 12.47, 360, 694, 1811, 2872, 3629, 2437, 1578, 734, 2288, 146, 17382.23, 13.06, 10.96
12:13:31, 1639.10, 12.48, 342, 688, 1732, 2745, 3822, 2499, 1648, 797, 2279, 147, 17367.58, 13.07, 10.96
12:13:32, 1630.20, 12.48, 351, 682, 1730, 2740, 3639, 2428, 1633, 771, 2312, 147, 17382.23, 13.06, 10.99
12:13:32, 1621.80, 12.49, 366, 724, 1809, 2851, 3764, 2580, 1691, 823, 2330, 149, 17367.58, 13.07, 10.99
12:13:32, 1613.20, 12.49, 373, 735, 1835, 2851, 3900, 2571, 1762, 861, 2375, 154, 17352.94, 13.09, 10.99
12:13:33, 1605.00, 12.50, 389, 763, 1881, 2961, 3981, 2688, 1851, 901, 2417, 156, 17382.23, 13.06, 11.02
12:13:33, 1595.50, 12.50, 412, 794, 1982, 2998, 3882, 2647, 1820, 907, 2389, 156, 17396.89, 13.04, 11.02
12:13:34, 1586.70, 12.51, 396, 776, 1889, 2922, 4174, 2755, 2000, 981, 2515, 166, 17382.23, 13.06, 11.05
12:13:34, 1578.20, 12.52, 431, 833, 2051, 3092, 3962, 2670, 1879, 950, 2462, 160, 17396.89, 13.04, 11.05
12:13:34, 1570.60, 12.52, 445, 850, 2094, 3102, 4413, 2918, 2188, 1098, 2561, 171, 17367.58, 13.07, 11.05
12:13:35, 1561.60, 12.52, 467, 896, 2182, 3202, 4218, 2884, 2064, 1059, 2583, 169, 17352.94, 13.09, 11.09
12:13:35, 1552.00, 12.53, 428, 845, 1978, 3026, 3851, 2668, 1916, 973, 2511, 163, 17382.23, 13.06, 11.09
12:13:36, 1542.50, 12.54, 471, 892, 2140, 3182, 4198, 2993, 2194, 1141, 2579, 170, 17396.89, 13.04, 11.15
12:13:36, 1533.20, 12.55, 489, 940, 2206, 3262, 4392, 3035, 2257, 1189, 2672, 177, 17396.89, 13.04, 11.15
12:13:36, 1524.50, 12.55, 576, 1068, 2580, 3664, 5102, 3434, 2745, 1448, 2797, 191, 17382.23, 13.06, 11.15
12:13:37, 1515.80, 12.55, 581, 1067, 2582, 3604, 5086, 3359, 2672, 1456, 2779, 191, 17411.58, 13.02, 11.20
12:13:37, 1506.50, 12.56, 584, 1095, 2551, 3680, 5122, 3599, 2840, 1520, 2901, 196, 17396.89, 13.04, 11.20
12:13:38, 1496.90, 12.56, 564, 1041, 2418, 3490, 4269, 2995, 2329, 1246, 2658, 177, 17411.58, 13.02, 11.24
12:13:38, 1488.10, 12.57, 617, 1138, 2663, 3668, 5452, 3666, 3180, 1655, 2975, 209, 17396.89, 13.04, 11.24
12:13:39, 1479.80, 12.58, 704, 1229, 2967, 3972, 5264, 3601, 3054, 1656, 2916, 202, 17396.89, 13.04, 11.24
12:13:39, 1471.30, 12.58, 656, 1183, 2731, 3811, 4972, 3428, 2872, 1589, 2846, 195, 17411.58, 13.02, 11.28
12:13:39, 1464.20, 12.58, 627, 1162, 2628, 3603, 5623, 3710, 3214, 1794, 3019, 213, 17382.23, 13.06, 11.28
12:13:40, 1455.30, 12.59, 656, 1166, 2655, 3734, 4585, 3221, 2749, 1503, 2786, 192, 17411.58, 13.02, 11.32
12:13:40, 1446.40, 12.59, 669, 1191, 2730, 3607, 5102, 3703, 3272, 1777, 3045, 208, 17411.58, 13.02, 11.32
12:13:41, 1438.20, 12.59, 679, 1207, 2677, 3714, 5421, 3672, 3325, 1853, 3029, 217, 17470.46, 12.95, 11.39
12:13:41, 1429.40, 12.60, 755, 1340, 3003, 4093, 5826, 4046, 3658, 2069, 3208, 227, 17426.28, 13.00, 11.39
12:13:41, 1421.10, 12.61, 709, 1270, 2773, 3716, 5469, 4115, 3596, 2157, 3092, 219, 17411.58, 13.02, 11.39
12:13:42, 1412.80, 12.62, 1044, 1650, 4057, 4835, 5530, 3928, 3517, 2019, 3184, 226, 17411.58, 13.02, 11.42
12:13:42, 1404.30, 12.62, 716, 1281, 2746, 3714, 5283, 3711, 3569, 1989, 3108, 221, 17440.99, 12.99, 11.42
12:13:43, 1395.10, 12.62, 993, 1606, 3729, 4700, 5641, 4023, 3741, 2189, 3223, 232, 17455.72, 12.97, 11.45
12:13:43, 1385.50, 12.64, 699, 1237, 2612, 3504, 4591, 3310, 3104, 1785, 3023, 207, 17426.28, 13.00, 11.45
12:13:44, 1377.30, 12.64, 1096, 1805, 4149, 4929, 6751, 4769, 4730, 2834, 3562, 265, 17426.28, 13.00, 11.45
12:13:44, 1369.90, 12.65, 736, 1286, 2701, 3486, 4497, 3126, 3038, 1795, 3016, 210, 17411.58, 13.02, 11.47
12:13:44, 1362.70, 12.66, 1000, 1621, 3685, 4375, 7311, 5410, 5705, 3337, 3803, 293, 17440.99, 12.99, 11.47
12:13:45, 1354.20, 12.66, 985, 1646, 3595, 4340, 7863, 4916, 5490, 3324, 3848, 305, 17440.99, 12.99, 11.51
12:13:45, 1346.20, 12.67, 813, 1388, 2886, 3681, 5585, 3768, 3882, 2383, 3298, 239, 17440.99, 12.99, 11.51
12:13:46, 1338.50, 12.68, 1037, 1716, 3723, 4495, 8255, 5486, 5876, 3636, 4146, 322, 17455.72, 12.97, 11.51
12:13:46, 1330.90, 12.69, 858, 1480, 3031, 3724, 5079, 3450, 3490, 2220, 3305, 236, 17440.99, 12.99, 11.53
12:13:46, 1323.20, 12.69, 1219, 1853, 4218, 4770, 6176, 4434, 4713, 2881, 3737, 275, 17426.28, 13.00, 11.53
12:13:47, 1315.20, 12.70, 1192, 1912, 4205, 4883, 4875, 3519, 3469, 2289, 3371, 234, 17440.99, 12.99, 11.55
12:13:47, 1306.10, 12.71, 1021, 1656, 3521, 4083, 9430, 5638, 7158, 4458, 4458, 380, 17455.72, 12.97, 11.55
12:13:48, 1297.90, 12.71, 964, 1631, 3263, 3986, 6972, 4381, 5195, 3225, 4079, 311, 17426.28, 13.00, 11.55
12:13:48, 1289.80, 12.73, 1071, 1790, 3650, 4221, 5005, 3897, 3753, 2652, 3697, 253, 17426.28, 13.00, 11.59
12:13:49, 1283.00, 12.73, 1221, 1916, 4126, 4636, 8060, 5116, 6021, 4047, 4333, 332, 17440.99, 12.99, 11.59
12:13:49, 1274.80, 12.74, 1271, 2084, 4405, 4913, 6996, 4680, 5208, 3549, 4339, 321, 17455.72, 12.97, 11.63
12:13:49, 1266.10, 12.75, 973, 1641, 3161, 3788, 5295, 3748, 4146, 2808, 3984, 277, 17440.99, 12.99, 11.63
12:13:50, 1256.90, 12.76, 1337, 2216, 4447, 4924, 6250, 4264, 4907, 3282, 4520, 311, 17485.22, 12.93, 11.63
12:13:50, 1247.10, 12.76, 1393, 2274, 4703, 5067, 9205, 5432, 7038, 4835, 5189, 390, 17440.99, 12.99, 11.68
12:13:51, 1239.20, 12.77, 1295, 2233, 4320, 4999, 7738, 4934, 6491, 4272, 4984, 350, 17500.00, 12.92, 11.68
12:13:51, 1232.60, 12.77, 1082, 1894, 3467, 3953, 10188, 5642, 7700, 5294, 5558, 410, 17470.46, 12.95, 11.69
12:13:51, 1225.10, 12.78, 1609, 2636, 5168, 5550, 6943, 4791, 6111, 4065, 4974, 346, 17440.99, 12.99, 11.69
12:13:52, 1216.50, 12.79, 2148, 3848, 8062, 8817, 6567, 4664, 5722, 4038, 5299, 353, 17455.72, 12.97, 11.69
12:13:52, 1207.40, 12.79, 1105, 1937, 3424, 3964, 11516, 6386, 9246, 6765, 6484, 497, 17485.22, 12.93, 11.72
12:13:53, 1198.00, 12.80, 1548, 2744, 5183, 6137, 6139, 4102, 5820, 3860, 4990, 337, 17500.00, 12.92, 11.72
12:13:53, 1189.60, 12.81, 2316, 4316, 7936, 9313, 11682, 6416, 11438, 7113, 6255, 497, 17455.72, 12.97, 11.75
12:13:53, 1181.70, 12.81, 1325, 2341, 4290, 5009, 10984, 6070, 11189, 6586, 6313, 471, 17455.72, 12.97, 11.75
12:13:54, 1172.60, 12.82, 2519, 4662, 8919, 10983, 8521, 5955, 8647, 6038, 5632, 393, 17500.00, 12.92, 11.75
12:13:54, 1164.00, 12.83, 1274, 2347, 3990, 5055, 7081, 4779, 7332, 4923, 5396, 370, 17485.22, 12.93, 11.77
12:13:55, 1154.80, 12.83, 1051, 1782, 2867, 3475, 12497, 7362, 12926, 8978, 6612, 509, 17485.22, 12.93, 11.77
12:13:55, 1146.60, 12.84, 1430, 2672, 4348, 5870, 13962, 6902, 16198, 7902, 6892, 553, 17485.22, 12.93, 11.79
12:13:56, 1139.30, 12.88, 1607, 2900, 4736, 5778, 16920, 10552, 18168, 13023, 7959, 638, 17485.22, 12.93, 11.79
12:13:56, 1131.60, 12.88, 1521, 2764, 4431, 5373, 21274, 12083, 23884, 14495, 9092, 770, 17470.46, 12.95, 11.80
12:13:56, 1122.10, 12.89, 1383, 2627, 4151, 5826, 12667, 6521, 14245, 7818, 6881, 534, 17455.72, 12.97, 11.80
12:13:57, 1113.00, 12.90, 2586, 5009, 8161, 10101, 11445, 6936, 13224, 8752, 6779, 513, 17485.22, 12.93, 11.80
12:13:57, 1104.90, 12.90, 1728, 3259, 5047, 6739, 12900, 7559, 17722, 8644, 8184, 681, 17470.46, 12.95, 11.84
12:13:58, 1096.90, 12.91, 1799, 3665, 5627, 7818, 14377, 8835, 18403, 11686, 7698, 651, 17470.46, 12.95, 11.84
12:13:58, 1090.20, 12.92, 1980, 4022, 6163, 8422, 6637, 4253, 7771, 5131, 6345, 449, 17470.46, 12.95, 11.85
12:13:58, 1081.60, 12.93, 2469, 5360, 8020, 11662, 13208, 11163, 17013, 14826, 7532, 657, 17455.72, 12.97, 11.85
12:13:59, 1072.60, 12.94, 2792, 5850, 8813, 12906, 19114, 12085, 22869, 16116, 10298, 1085, 17470.46, 12.95, 11.85
12:13:59, 1063.10, 12.95, 2042, 4148, 5994, 7941, 23694, 16691, 26495, 21699, 13419, 1610, 17500.00, 12.92, 11.98
12:14:00, 1052.80, 12.96, 2534, 5872, 8352, 13034, 13916, 11154, 16244, 13400, 11165, 1262, 17485.22, 12.93, 11.98
12:14:00, 1045.50, 12.98, 2176, 4663, 6574, 10170, 12925, 5891, 19514, 8479, 9114, 1356, 17500.00, 12.92, 12.08
12:14:01, 1038.40, 12.99, 3154, 7008, 9869, 12773, 15210, 10062, 22197, 11550, 10521, 1671, 17500.00, 12.92, 12.08
12:14:01, 1030.70, 13.00, 2740, 5847, 8001, 11056, 19499, 11995, 27231, 15475, 11802, 2580, 17500.00, 12.92, 12.08
12:14:01, 1021.90, 13.01, 4972, 9632, 12670, 15009, 24885, 23220, 33668, 31345, 15705, 4888, 17500.00, 12.92, 12.14
12:14:02, 1020.30, 13.01, 3672, 8194, 10581, 15753, 19630, 13672, 28312, 18187, 17483, 6475, 17470.46, 12.95, 12.14
12:14:02, 1020.00, 13.03, 3683, 8612, 11008, 16442, 20959, 16253, 29105, 20636, 16165, 6021, 17500.00, 12.92, 12.26
12:14:03, 1020.10, 13.04, 4315, 10013, 13711, 18101, 22471, 17036, 31552, 22147, 15814, 5783, 17455.72, 12.97, 12.26
12:14:03, 1020.30, 13.06, 5064, 12331, 15337, 20613, 22069, 25103, 31097, 35946, 18216, 6408, 17500.00, 12.92, 12.26
12:14:03, 1020.30, 13.07, 5367, 12497, 11767, 22070, 16825, 20354, 33473, 19460, 18876, 6372, 17514.79, 12.90, 12.23
12:14:04, 1020.20, 13.08, 4202, 6616, 6435, 16745, 12510, 15808, 28055, 14904, 20246, 6738, 17485.22, 12.93, 12.23
12:14:04, 1019.90, 13.10, 4234, 7138, 6868, 17589, 11482, 14284, 24532, 13607, 21126, 7140, 17485.22, 12.93, 12.18
12:14:05, 1020.00, 13.11, 3968, 5648, 5903, 13951, 13563, 18165, 29176, 16670, 23715, 7341, 17500.00, 12.92, 12.18
12:14:05, 1019.90, 13.12, 4811, 6798, 6748, 17511, 10525, 15241, 23873, 13424, 27955, 8795, 17470.46, 12.95, 12.18
12:14:06, 1020.30, 13.14, 6857, 7941, 8142, 19877, 16479, 23869, 33470, 19725, 36000, 11395, 17470.46, 12.95, 12.09
12:14:06, 1020.00, 13.14, 7581, 8080, 7753, 22576, 9734, 26284, 19150, 21020, 36000, 15882, 17514.79, 12.90, 12.09
12:14:06, 1020.40, 13.16, 11229, 8042, 11511, 19377, 9930, 29174, 16059, 23328, 36000, 28790, 17455.72, 12.97, 11.98
12:14:07, 1020.10, 13.16, 10919, 5764, 10715, 11141, 13229, 29506, 15659, 26499, 36000, 36000, 17470.46, 12.95, 11.98
12:14:07, 1020.30, 13.18, 13476, 7572, 20909, 15097, 14886, 19630, 15661, 19217, 36000, 36000, 17470.46, 12.95, 11.98
12:14:08, 1020.40, 13.19, 11841, 9039, 19520, 13160, 17667, 25744, 16298, 31241, 36000, 36000, 17455.72, 12.97, 11.79
12:14:08, 1020.50, 13.19, 15731, 10235, 23829, 15181, 21559, 18480, 20843, 22364, 36000, 36000, 17470.46, 12.95, 11.79
12:14:08, 1020.50, 13.19, 11932, 9437, 22209, 13932, 28921, 17385, 32144, 24350, 36000, 36000, 17455.72, 12.97, 11.63
12:14:09, 1020.30, 13.19, 5209, 6658, 12581, 11507, 16216, 9530, 24489, 12167, 36000, 36000, 17440.99, 12.99, 11.63
12:14:09, 1020.00, 13.19, 3911, 6303, 8270, 12448, 15297, 11498, 35631, 13925, 36000, 36000, 17470.46, 12.95, 11.63
12:14:10, 1019.90, 13.19, 3600, 5697, 6834, 12069, 10084, 10579, 19319, 11710, 36000, 29075, 17411.58, 13.02, 11.49
12:14:10, 1019.80, 13.20, 3867, 4989, 6564, 9510, 9244, 10620, 13192, 12485, 36000, 21890, 17426.28, 13.00, 11.49
12:14:11, 1020.20, 13.20, 4061, 4925, 6641, 8723, 8809, 10428, 11849, 12782, 35359, 19532, 17426.28, 13.00, 11.48
12:14:11, 1019.90, 13.20, 4828, 5392, 7784, 9551, 7642, 11223, 9193, 13135, 17034, 6063, 17396.89, 13.04, 11.48
12:14:11, 1020.00, 13.21, 6320, 6589, 7839, 10989, 9165, 27093, 10484, 19298, 13404, 4973, 17367.58, 13.07, 11.48
12:14:12, 1019.60, 13.19, 10636, 16468, 14929, 12939, 27505, 29577, 32632, 33151, 12865, 5053, 17411.58, 13.02, 11.49
12:14:12, 1020.00, 13.19, 6576, 12551, 17742, 17097, 20675, 8117, 29831, 13030, 11146, 4562, 17382.23, 13.06, 11.49
12:14:13, 1019.90, 13.19, 2605, 3915, 4742, 7240, 7068, 6675, 12379, 7931, 15490, 6264, 17382.23, 13.06, 11.48
12:14:13, 1020.10, 13.20, 3215, 4806, 5050, 10996, 9052, 13999, 21213, 11907, 25575, 8299, 17382.23, 13.06, 11.48
12:14:13, 1019.90, 13.21, 12038, 10216, 14807, 21249, 19009, 32673, 24073, 36000, 36000, 36000, 17382.23, 13.06, 11.43
12:14:14, 1020.00, 13.22, 14790, 20622, 28700, 34035, 35991, 27963, 36000, 36000, 36000, 36000, 17382.23, 13.06, 11.43
12:14:14, 1020.30, 13.23, 12042, 16847, 28590, 31649, 31976, 36000, 31052, 36000, 36000, 36000, 17396.89, 13.04, 11.43
12:14:15, 1020.30, 13.23, 18579, 13378, 24011, 17102, 24273, 32717, 25816, 35272, 36000, 36000, 17382.23, 13.06, 11.34
12:14:15, 1020.40, 13.23, 11854, 8260, 19490, 12818, 17691, 18205, 14862, 22411, 36000, 36000, 17367.58, 13.07, 11.34
12:14:15, 1020.40, 13.23, 15311, 10056, 21732, 13627, 19536, 22375, 16088, 26868, 36000, 36000, 17411.58, 13.02, 11.24
12:14:16, 1020.20, 13.23, 12548, 9232, 18572, 11720, 21651, 28510, 18952, 35070, 36000, 36000, 17382.23, 13.06, 11.24
12:14:16, 1020.10, 13.23, 14000, 15301, 28474, 25053, 36000, 30012, 35952, 36000, 36000, 36000, 17382.23, 13.06, 11.24
12:14:17, 1020.30, 13.22, 14238, 25373, 32365, 36000, 36000, 35678, 36000, 36000, 36000, 36000, 17367.58, 13.07, 11.14
12:14:17, 1020.50, 13.22, 14309, 25742, 32285, 36000, 36000, 28166, 36000, 36000, 36000, 36000, 17367.58, 13.07, 11.14
12:14:18, 1020.00, 13.22, 13919, 21083, 30918, 36000, 36000, 29796, 35324, 36000, 36000, 36000, 17382.23, 13.06, 11.05
12:14:18, 1019.90, 13.22, 12819, 10590, 23033, 16579, 25138, 31755, 18576, 31663, 36000, 36000, 17338.32, 13.11, 11.05
12:14:18, 1020.00, 13.22, 12295, 10272, 22857, 15764, 25326, 30565, 18268, 30292, 36000, 36000, 17411.58, 13.02, 11.05
12:14:19, 1020.30, 13.21, 13415, 11429, 23651, 18934, 35195, 27278, 25169, 35766, 36000, 36000, 17382.23, 13.06, 10.96
12:14:19, 1019.80, 13.21, 14958, 21664, 30601, 35860, 35974, 33360, 35945, 36000, 36000, 36000, 17352.94, 13.09, 10.96
12:14:20, 1019.90, 13.22, 14158, 22131, 27840, 30172, 36000, 36000, 36000, 36000, 36000, 36000, 17352.94, 13.09, 10.89
12:14:20, 1020.00, 13.21, 14062, 20239, 28265, 29485, 33352, 30892, 26911, 36000, 36000, 36000, 17323.72, 13.13, 10.89
12:14:20, 1020.40, 13.21, 13883, 12407, 26809, 23186, 27585, 26000, 18929, 27790, 36000, 36000, 17352.94, 13.09, 10.89
12:14:21, 1020.30, 13.21, 13220, 9831, 24876, 18271, 29180, 25751, 19371, 29688, 36000, 36000, 17352.94, 13.09, 10.83
12:14:21, 1019.90, 13.19, 14081, 13853, 25932, 22635, 24802, 29214, 21505, 36000, 36000, 36000, 17367.58, 13.07, 10.83
12:14:22, 1020.00, 13.19, 14594, 11230, 22081, 18678, 22939, 32941, 26786, 36000, 36000, 36000, 17352.94, 13.09, 10.79
12:14:22, 1019.80, 13.19, 13015, 18666, 21087, 28892, 17819, 34097, 28935, 35947, 36000, 26235, 17323.72, 13.13, 10.79
12:14:23, 1020.00, 13.19, 9529, 11863, 11960, 26760, 21524, 28708, 35977, 30282, 35529, 9886, 17352.94, 13.09, 10.79
12:14:23, 1020.10, 13.19, 5723, 9461, 7834, 22808, 15798, 21916, 33977, 18696, 20627, 7072, 17352.94, 13.09, 10.73
12:14:23, 1020.20, 13.19, 4252, 8510, 7166, 23842, 15756, 15381, 34641, 14122, 15774, 5934, 17338.32, 13.11, 10.73
12:14:24, 1020.10, 13.18, 2669, 5579, 5828, 13124, 14530, 8206, 30911, 10070, 12180, 4844, 17323.72, 13.13, 10.75
12:14:24, 1019.70, 13.18, 2880, 4725, 6884, 8281, 10521, 5564, 15429, 7941, 11669, 4856, 17338.32, 13.11, 10.75
12:14:25, 1019.90, 13.19, 2867, 3799, 5923, 5367, 9473, 5519, 10356, 8016, 11624, 5024, 17382.23, 13.06, 10.75
12:14:25, 1020.00, 13.18, 3121, 3942, 6607, 5579, 8807, 5317, 9999, 7688, 11540, 5029, 17352.94, 13.09, 10.76
12:14:25, 1019.80, 13.19, 2813, 3986, 6049, 6151, 11940, 5899, 18263, 8384, 11498, 4791, 17338.32, 13.11, 10.76
12:14:26, 1020.10, 13.20, 2693, 4935, 6465, 9919, 13314, 7101, 26067, 9196, 11620, 4742, 17323.72, 13.13, 10.80
12:14:26, 1020.40, 13.20, 2589, 5155, 6076, 11713, 12316, 7365, 25655, 9091, 11729, 4831, 17367.58, 13.07, 10.80
12:14:27, 1020.00, 13.20, 2523, 4944, 5346, 11221, 13116, 8507, 28380, 9595, 12251, 5079, 17338.32, 13.11, 10.80
12:14:27, 1020.00, 13.21, 3190, 7598, 7792, 19229, 19619, 11971, 35510, 12924, 13012, 5326, 17352.94, 13.09, 10.84
12:14:28, 1020.40, 13.22, 3142, 7580, 7715, 18656, 20436, 12429, 35973, 13202, 13219, 5382, 17367.58, 13.07, 10.84
12:14:28, 1020.30, 13.22, 3143, 7570, 7705, 18613, 19838, 12067, 36000, 13070, 13077, 5331, 17367.58, 13.07, 10.88
12:14:28, 1020.30, 13.22, 3097, 7410, 7575, 18485, 19245, 11711, 35885, 12905, 12976, 5315, 17338.32, 13.11, 10.88
12:14:29, 1020.10, 13.22, 3068, 7294, 7485, 18459, 19078, 11607, 35893, 12852, 12951, 5307, 17396.89, 13.04, 10.91
12:14:29, 1020.30, 13.23, 3052, 7225, 7476, 18471, 19004, 11548, 35799, 12843, 12928, 5290, 17382.23, 13.06, 10.91
12:14:30, 1020.40, 13.25, 3062, 7263, 7552, 18549, 19159, 11694, 35861, 12934, 12945, 5293, 17352.94, 13.09, 10.91
12:14:30, 1020.20, 13.25, 3080, 7334, 7630, 18590, 19283, 11789, 35899, 12991, 12965, 5296, 17367.58, 13.07, 10.95
12:14:30, 1020.30, 13.26, 3077, 7327, 7587, 18559, 19164, 11696, 35814, 12929, 12945, 5297, 17382.23, 13.06, 10.95
12:14:31, 1020.20, 13.26, 3064, 7269, 7516, 18523, 18966, 11545, 35823, 12832, 12920, 5294, 17382.23, 13.06, 10.98
12:14:31, 1020.30, 13.27, 3036, 7170, 7463, 18457, 18796, 11404, 35856, 12736, 12869, 5272, 17352.94, 13.09, 10.98
12:14:32, 1020.20, 13.28, 3007, 7061, 7441, 18453, 18651, 11238, 35798, 12603, 12802, 5243, 17352.94, 13.09, 10.98
12:14:32, 1020.20, 13.28, 2986, 6987, 7441, 18466, 18557, 11128, 35776, 12536, 12767, 5229, 17396.89, 13.04, 11.00
12:14:33, 1020.20, 13.30, 2988, 6996, 7469, 18496, 18545, 11121, 35685, 12544, 12767, 5224, 17382.23, 13.06, 11.00
12:14:33, 1020.00, 13.31, 2978, 6967, 7426, 18366, 18506, 11079, 35724, 12514, 12757, 5227, 17367.58, 13.07, 11.03
12:14:33, 1020.20, 13.31, 2941, 6842, 7348, 18042, 18216, 10824, 35435, 12325, 12693, 5253, 17367.58, 13.07, 11.03
12:14:34, 1020.30, 13.32, 2899, 6724, 7294, 17759, 17754, 10434, 34514, 12161, 12633, 5494, 17367.58, 13.07, 11.03
12:14:34, 1020.20, 13.33, 2605, 6071, 6667, 15780, 17470, 10165, 33789, 12291, 14514, 8394, 17382.23, 13.06, 11.05
12:14:35, 1020.30, 13.35, 2770, 6335, 7088, 16159, 16899, 9782, 33270, 11933, 13595, 8104, 17367.58, 13.07, 11.05
