Secchi Depth (cm) = 0845
Forel Ule Scale = 10
pH Colour Scale = 99
SmartSecchi S/N = A0000001
Latitude (degs N) = 56.53946
Longitude (degs E) = -5.40363
Date = 2023-05-25
Time (UTC), Pressure (mbar) MS5803, Temp (deg C) MS5803, 415nm, 445nm, 480nm, 515nm, 555nm, 590nm, 630nm, 680nm, Clear, NIR, Resistance 10KTHERM, Temp (deg C) 10KTHERM, Temp (deg C) TMP117
10:31:30, 1018.40, 14.74, 705, 972, 1417, 1625, 1818, 1922, 2184, 2422, 8006, 3410, 15600.60, 15.32, 15.75
10:31:30, 1020.80, 14.83, 726, 992, 1387, 1599, 1856, 1994, 2140, 2489, 9591, 4402, 15651.96, 15.25, 15.58
10:31:30, 1022.20, 14.93, 12664, 20030, 28166, 32106, 28616, 32755, 34479, 36000, 30155, 12205, 15639.10, 15.26, 15.58
10:31:31, 1022.30, 14.92, 2209, 2973, 4229, 4403, 3143, 2748, 3826, 3512, 8947, 3355, 15626.25, 15.28, 15.40
10:31:31, 1020.20, 14.85, 1782, 2462, 3335, 3648, 2153, 2004, 2510, 2526, 7008, 2338, 15626.25, 15.28, 15.40
10:31:32, 1022.50, 14.94, 4983, 4864, 8119, 7014, 8379, 10003, 8608, 12721, 13066, 5500, 15639.10, 15.26, 15.27
10:31:32, 1022.90, 14.96, 7552, 8325, 11872, 14044, 14454, 19165, 18441, 24269, 35888, 11451, 15651.96, 15.25, 15.27
10:31:33, 1023.40, 14.98, 7405, 10520, 13652, 17042, 16160, 19563, 22106, 26114, 36000, 24271, 15690.61, 15.20, 15.27
10:31:33, 1023.20, 14.99, 3626, 5891, 6990, 11541, 10492, 11411, 17442, 13367, 36000, 36000, 15651.96, 15.25, 15.16
10:31:33, 1023.50, 14.98, 2198, 3891, 5041, 7010, 8405, 6330, 12999, 8782, 36000, 36000, 15664.83, 15.23, 15.16
10:31:34, 1030.00, 14.99, 2261, 3401, 5096, 5519, 8153, 6511, 10159, 8879, 29748, 26566, 15677.71, 15.21, 14.99
10:31:34, 1035.10, 14.81, 5028, 7240, 11143, 11088, 6972, 4454, 8514, 6465, 33131, 18520, 15716.44, 15.16, 14.99
10:31:35, 1035.90, 14.58, 2815, 3739, 6993, 5776, 10302, 5257, 12936, 8536, 35787, 27854, 15729.38, 15.14, 14.99
10:31:35, 1036.50, 14.36, 4089, 4314, 9968, 6622, 13609, 6212, 17624, 11476, 36000, 29750, 15755.29, 15.11, 12.19
10:31:35, 1037.50, 14.21, 2984, 3539, 7396, 5410, 12328, 6739, 15086, 11263, 36000, 26712, 15729.38, 15.14, 12.19
10:31:36, 1037.40, 14.10, 3574, 4109, 8625, 6341, 21739, 11749, 24165, 19088, 36000, 29677, 15768.26, 15.09, 11.41
10:31:36, 1037.20, 14.01, 2415, 4100, 6850, 7190, 15478, 6806, 20615, 12722, 36000, 31322, 15781.25, 15.07, 11.41
10:31:37, 1038.10, 13.94, 2524, 5739, 8339, 11528, 10983, 7579, 16127, 8983, 36000, 23433, 15755.29, 15.11, 11.41
10:31:37, 1038.30, 13.84, 2229, 5389, 5771, 12744, 12820, 14413, 21242, 11578, 36000, 21658, 15742.33, 15.13, 11.09
10:31:38, 1037.30, 13.77, 3360, 4725, 4118, 12442, 9924, 14596, 17124, 11784, 36000, 10555, 15781.25, 15.07, 11.09
10:31:38, 1036.70, 13.72, 7151, 9066, 9459, 18757, 10518, 14802, 18530, 17871, 36000, 5670, 15807.26, 15.04, 10.97
10:31:38, 1036.70, 13.66, 4688, 7275, 8758, 11966, 10340, 16964, 16488, 20119, 24449, 2849, 15833.33, 15.01, 10.97
10:31:39, 1035.80, 13.60, 6755, 8356, 12536, 15790, 17713, 23726, 23412, 28581, 25104, 3373, 15833.33, 15.01, 10.97
10:31:39, 1036.40, 13.53, 9583, 15616, 19239, 22336, 14834, 18331, 19600, 25360, 18635, 2577, 15833.33, 15.01, 10.97
10:31:40, 1037.30, 13.51, 7191, 10570, 13491, 17266, 19221, 18146, 22111, 27902, 16281, 2329, 15859.46, 14.97, 10.97
10:31:40, 1037.90, 13.48, 8369, 13802, 15044, 18818, 16390, 17222, 14191, 23362, 11453, 1870, 15859.46, 14.97, 10.95
10:31:40, 1038.00, 13.44, 6957, 11372, 14245, 16525, 19170, 22022, 13704, 25531, 12410, 2141, 15898.73, 14.92, 10.95
10:31:41, 1038.00, 13.42, 8652, 13913, 14650, 19739, 20016, 22360, 16715, 25684, 12434, 2236, 15859.46, 14.97, 10.92
10:31:41, 1036.70, 13.41, 6981, 10111, 13285, 12610, 18286, 18825, 22620, 28746, 11441, 2057, 15872.53, 14.95, 10.92
10:31:42, 1036.00, 13.40, 6670, 12043, 12794, 15675, 18261, 17390, 21779, 30988, 12035, 2162, 15885.63, 14.94, 10.92
10:31:42, 1036.90, 13.40, 7007, 13113, 14562, 18496, 18850, 18393, 24568, 31423, 12286, 2057, 15898.73, 14.92, 10.91
10:31:43, 1037.20, 13.38, 6516, 12185, 13378, 18032, 20764, 21162, 22968, 31931, 12951, 2245, 15898.73, 14.92, 10.91
10:31:43, 1037.20, 13.35, 8550, 15854, 16225, 23546, 17113, 18032, 21311, 28084, 12067, 2016, 15898.73, 14.92, 10.91
10:31:43, 1037.10, 13.33, 7019, 11446, 12185, 16951, 19766, 20569, 23268, 29094, 13667, 2326, 15898.73, 14.92, 10.91
10:31:44, 1036.90, 13.31, 8115, 10478, 13809, 15626, 20078, 20360, 15545, 26740, 12138, 2095, 15924.99, 14.88, 10.91
10:31:44, 1036.10, 13.28, 7168, 11597, 12388, 17033, 18252, 19705, 14565, 24523, 12211, 2146, 15964.47, 14.83, 10.87
10:31:45, 1036.10, 13.27, 7962, 8571, 13245, 13758, 18447, 19226, 16940, 26472, 12462, 2214, 15924.99, 14.88, 10.87
10:31:45, 1036.40, 13.26, 8687, 12355, 15764, 16532, 17315, 17059, 17257, 25230, 12330, 2042, 15951.29, 14.85, 10.87
10:31:45, 1037.00, 13.26, 6694, 13210, 13500, 17505, 18099, 18582, 19282, 30850, 11804, 2055, 15924.99, 14.88, 10.87
10:31:46, 1037.90, 13.25, 11220, 13104, 17437, 18597, 18281, 15214, 20650, 26008, 16444, 2232, 15964.47, 14.83, 10.86
10:31:46, 1037.80, 13.24, 5830, 7604, 10557, 11878, 23185, 22071, 25585, 32714, 19188, 2641, 15964.47, 14.83, 10.86
10:31:47, 1037.70, 13.23, 7284, 8551, 13771, 16041, 17210, 19895, 18574, 28283, 13591, 2188, 15977.66, 14.81, 10.86
10:31:47, 1037.50, 13.22, 6579, 9054, 12338, 14819, 19706, 23047, 17319, 28458, 14573, 2405, 15977.66, 14.81, 10.89
10:31:48, 1036.60, 13.22, 10442, 13908, 18912, 21587, 16742, 18919, 17163, 25607, 14808, 2207, 15990.86, 14.80, 10.89
10:31:48, 1037.10, 13.22, 6423, 12171, 13338, 17370, 17174, 19722, 16346, 28680, 13731, 2257, 15977.66, 14.81, 10.91
10:31:48, 1038.40, 13.23, 9704, 15744, 17574, 22651, 20616, 18930, 22991, 29850, 17043, 2338, 15990.86, 14.80, 10.91
10:31:49, 1039.40, 13.21, 9188, 11742, 16608, 20094, 21003, 18333, 22595, 26563, 20070, 2270, 15990.86, 14.80, 10.91
10:31:49, 1039.30, 13.20, 7942, 9762, 13960, 16643, 23035, 18906, 27363, 31856, 17041, 2314, 15990.86, 14.80, 10.94
10:31:50, 1038.80, 13.18, 6054, 8369, 11723, 14095, 23644, 21724, 26447, 31431, 18038, 2453, 16030.53, 14.75, 10.94
10:31:50, 1038.90, 13.17, 6837, 9801, 13885, 16101, 20393, 19184, 22962, 28701, 16919, 2284, 16017.29, 14.76, 10.98
10:31:50, 1038.60, 13.17, 7757, 11683, 14666, 18951, 19431, 17997, 20312, 25594, 19707, 2257, 16030.53, 14.75, 10.98
10:31:51, 1034.20, 13.17, 8972, 12293, 15988, 21008, 19021, 19341, 20257, 28441, 14976, 2444, 16030.53, 14.75, 10.98
10:31:51, 1030.10, 13.15, 7490, 11161, 15104, 17487, 13644, 22792, 14086, 25795, 15529, 3350, 16030.53, 14.75, 10.98
10:31:52, 1030.50, 13.12, 7111, 11136, 13943, 16288, 13570, 25256, 20901, 29231, 22250, 4240, 16057.06, 14.71, 10.98
10:31:52, 1028.70, 13.09, 7490, 11098, 14540, 18310, 14198, 26073, 23418, 29589, 31061, 5464, 16030.53, 14.75, 10.96
10:31:53, 1026.90, 13.07, 7888, 10578, 13560, 18143, 17729, 21950, 27022, 34946, 36000, 9820, 16070.33, 14.69, 10.96
10:31:53, 1026.60, 13.05, 7655, 9988, 11046, 20489, 15649, 20109, 22879, 24383, 31973, 14719, 16030.53, 14.75, 10.95
10:31:53, 1026.90, 13.03, 6910, 8786, 10551, 16141, 16979, 18827, 25549, 28809, 36000, 16465, 16070.33, 14.69, 10.95
10:31:54, 1027.00, 13.01, 8456, 10936, 14286, 20325, 10381, 22390, 21777, 24900, 36000, 9067, 16057.06, 14.71, 10.95
10:31:54, 1029.00, 12.98, 4878, 5237, 7364, 8159, 19062, 18050, 21446, 23851, 21350, 4416, 16043.79, 14.73, 10.95
10:31:55, 1026.10, 12.95, 8040, 9060, 14238, 16980, 20673, 23626, 21534, 33001, 16338, 4548, 16070.33, 14.69, 10.95
10:31:55, 1028.80, 12.93, 6971, 9331, 13114, 14475, 13809, 15350, 15586, 18019, 22402, 6552, 16030.53, 14.75, 10.95
10:31:55, 1030.80, 12.92, 8436, 14329, 17113, 22356, 20570, 19008, 24437, 31282, 15336, 3530, 16057.06, 14.71, 10.95
10:31:56, 1031.90, 12.89, 1574, 2029, 2540, 3314, 6719, 7369, 8675, 10343, 14371, 3514, 16057.06, 14.71, 10.95
10:31:56, 1033.70, 12.86, 1544, 1826, 2461, 3045, 3587, 4221, 4418, 5078, 10890, 2142, 16083.63, 14.68, 10.95
10:31:57, 1035.30, 12.86, 5420, 5708, 9075, 7639, 9543, 12014, 11216, 14198, 12155, 3324, 16096.94, 14.66, 10.95
10:31:57, 1038.20, 12.85, 4453, 7581, 9981, 11459, 16148, 15061, 18806, 24362, 13224, 3160, 16110.26, 14.64, 10.97
10:31:58, 1038.40, 12.85, 4082, 7306, 9754, 13039, 19355, 21363, 24905, 29599, 13162, 3095, 16110.26, 14.64, 10.97
10:31:58, 1037.30, 12.85, 4430, 7727, 9342, 11855, 19693, 14872, 23838, 25564, 15027, 3323, 16123.60, 14.62, 10.97
10:31:58, 1038.30, 12.86, 6743, 11191, 13351, 16630, 16224, 19324, 20320, 29631, 11343, 2450, 16163.68, 14.57, 10.91
10:31:59, 1038.30, 12.86, 7494, 9856, 13245, 14618, 6400, 8201, 7361, 10304, 8658, 1584, 16123.60, 14.62, 10.91
10:31:59, 1037.70, 12.85, 1484, 2032, 2696, 3141, 2730, 3020, 3338, 3639, 7498, 1085, 16110.26, 14.64, 10.89
10:32:00, 1037.50, 12.86, 1442, 2047, 2643, 3230, 3343, 3477, 3978, 4523, 8752, 1251, 16136.94, 14.61, 10.89
10:32:00, 1038.20, 12.86, 3335, 5672, 6691, 10434, 21455, 21005, 25146, 28794, 12893, 2287, 16136.94, 14.61, 10.91
10:32:01, 1038.90, 12.87, 6037, 10503, 10852, 14501, 18134, 18966, 22420, 28738, 12246, 2080, 16163.68, 14.57, 10.91
10:32:01, 1038.90, 12.88, 6358, 11744, 12063, 15659, 21363, 21638, 22462, 33093, 12496, 2100, 16163.68, 14.57, 10.91
10:32:01, 1039.00, 12.89, 6724, 12854, 14279, 18923, 19782, 21949, 18574, 28701, 11855, 1943, 16123.60, 14.62, 10.91
10:32:02, 1039.30, 12.90, 5957, 10615, 11898, 16888, 20483, 22421, 17321, 28631, 11979, 1990, 16163.68, 14.57, 10.91
10:32:02, 1044.40, 12.91, 6729, 11123, 12315, 16558, 17043, 17156, 15066, 23058, 10578, 1518, 16150.31, 14.59, 10.92
10:32:03, 1061.10, 12.90, 6091, 11679, 12252, 17863, 18697, 17380, 22051, 28080, 10046, 1117, 16190.48, 14.54, 10.92
10:32:03, 1074.00, 12.86, 6497, 11553, 15609, 21985, 17648, 18088, 20705, 27142, 8892, 893, 16163.68, 14.57, 10.92
10:32:03, 1083.00, 12.83, 19420, 23327, 25968, 26395, 12434, 13033, 12955, 18084, 8082, 675, 16150.31, 14.59, 10.91
10:32:04, 1098.10, 12.80, 6956, 12078, 14700, 14954, 8780, 8441, 9623, 12116, 6633, 463, 16163.68, 14.57, 10.91
10:32:04, 1111.40, 12.73, 3607, 6240, 7781, 10484, 17395, 16904, 18630, 24317, 7525, 617, 16190.48, 14.54, 10.89
10:32:05, 1127.70, 12.70, 1166, 1837, 2725, 3411, 3490, 3332, 3382, 3358, 4762, 267, 16217.32, 14.50, 10.89
10:32:05, 1141.10, 12.67, 1170, 1907, 2935, 3559, 3864, 3620, 3738, 3533, 4603, 258, 16177.07, 14.55, 10.89
10:32:06, 1151.30, 12.65, 2874, 5346, 8523, 10902, 6434, 5946, 6596, 7005, 4668, 288, 16217.32, 14.50, 10.88
10:32:06, 1166.50, 12.62, 2181, 4342, 7088, 8800, 11162, 9626, 11753, 10262, 5838, 380, 16217.32, 14.50, 10.88
10:32:06, 1177.40, 12.61, 1722, 3237, 5171, 6305, 15125, 13017, 14666, 12954, 7061, 450, 16203.89, 14.52, 10.87
10:32:07, 1184.70, 12.59, 3068, 5544, 9130, 10815, 14950, 15727, 15857, 16601, 6680, 443, 16217.32, 14.50, 10.87
10:32:07, 1199.80, 12.58, 1376, 2669, 4276, 5668, 11169, 9678, 10807, 10126, 5425, 352, 16230.77, 14.48, 10.86
10:32:08, 1212.00, 12.57, 2311, 4489, 7849, 10341, 11089, 9555, 10671, 9642, 5407, 347, 16244.23, 14.47, 10.86
10:32:08, 1222.70, 12.56, 2025, 4273, 7468, 9693, 6931, 5599, 6740, 4903, 5007, 285, 16203.89, 14.52, 10.86
10:32:08, 1235.20, 12.55, 1247, 2857, 4560, 7003, 8737, 7759, 8874, 5849, 6131, 347, 16230.77, 14.48, 10.87
10:32:09, 1248.20, 12.54, 1347, 2937, 4868, 7274, 7973, 7162, 7289, 5621, 6540, 350, 16271.19, 14.43, 10.87
10:32:09, 1259.90, 12.53, 1398, 3022, 5142, 7619, 8024, 7314, 7249, 6094, 6799, 357, 16203.89, 14.52, 10.86
10:32:10, 1274.40, 12.52, 1680, 3912, 6633, 9345, 11458, 9996, 10878, 8930, 6637, 378, 16271.19, 14.43, 10.86
10:32:10, 1285.30, 12.52, 990, 2220, 3731, 5765, 6346, 5291, 5602, 3665, 4935, 269, 16284.69, 14.42, 10.86
10:32:11, 1298.40, 12.51, 1234, 2928, 4928, 8087, 6647, 5756, 5840, 3799, 5714, 301, 16257.70, 14.45, 10.83
10:32:11, 1312.00, 12.50, 1736, 4007, 6332, 11366, 9580, 8671, 8196, 6284, 7991, 405, 16230.77, 14.48, 10.83
10:32:11, 1323.00, 12.49, 1457, 3083, 4950, 8441, 9912, 9020, 8364, 6282, 9638, 451, 16271.19, 14.43, 10.81
10:32:12, 1338.90, 12.49, 1138, 2449, 4149, 6671, 6788, 5880, 5377, 3735, 6309, 318, 16298.20, 14.40, 10.81
10:32:12, 1350.70, 12.49, 1295, 3099, 5505, 8834, 7035, 5932, 5603, 3639, 5499, 288, 16271.19, 14.43, 10.81
10:32:13, 1362.90, 12.48, 974, 2353, 4198, 6918, 8010, 6699, 6516, 3916, 5417, 294, 16271.19, 14.43, 10.80
10:32:13, 1376.60, 12.47, 874, 1984, 3383, 6150, 7238, 6149, 5460, 3518, 6290, 318, 16311.73, 14.38, 10.80
10:32:13, 1388.00, 12.46, 860, 1858, 3268, 5522, 6777, 5766, 4921, 3268, 6669, 325, 16271.19, 14.43, 10.84
10:32:14, 1402.00, 12.46, 1030, 2246, 4064, 6540, 6450, 5442, 4658, 2891, 6347, 311, 16298.20, 14.40, 10.84
10:32:14, 1414.60, 12.46, 967, 2158, 3984, 6279, 6472, 5354, 4544, 2747, 5950, 294, 16298.20, 14.40, 10.80
10:32:15, 1425.40, 12.45, 758, 1696, 3120, 5143, 6835, 5607, 4848, 2790, 5663, 287, 16311.73, 14.38, 10.80
10:32:15, 1438.60, 12.44, 702, 1587, 2912, 4985, 5607, 4491, 3857, 2124, 4896, 248, 16338.83, 14.35, 10.80
10:32:16, 1448.80, 12.44, 804, 1866, 3648, 5701, 7209, 5861, 4752, 2912, 5309, 272, 16338.83, 14.35, 10.80
10:32:16, 1458.50, 12.44, 721, 1710, 3417, 5249, 6198, 4854, 4044, 2535, 4526, 235, 16325.27, 14.36, 10.80
10:32:16, 1471.80, 12.44, 768, 1925, 3896, 6016, 6114, 4535, 3697, 2270, 4114, 216, 16338.83, 14.35, 10.79
10:32:17, 1483.40, 12.43, 672, 1667, 3446, 5277, 6995, 4986, 4482, 2536, 4055, 221, 16298.20, 14.40, 10.79
10:32:17, 1496.60, 12.43, 582, 1394, 2857, 4454, 4745, 3519, 2921, 1497, 3777, 195, 16311.73, 14.38, 10.79
10:32:18, 1507.60, 12.42, 616, 1488, 3054, 5008, 5497, 4258, 3200, 1857, 4660, 232, 16325.27, 14.36, 10.81
10:32:18, 1519.40, 12.41, 641, 1499, 2932, 5142, 5577, 4378, 3255, 1775, 5270, 256, 16379.58, 14.29, 10.81
10:32:18, 1533.50, 12.40, 637, 1431, 2843, 4892, 5960, 4937, 3534, 1891, 5821, 276, 16352.39, 14.33, 10.82
10:32:19, 1545.40, 12.40, 561, 1244, 2531, 4271, 4635, 3705, 2582, 1367, 5242, 250, 16352.39, 14.33, 10.82
10:32:19, 1555.80, 12.39, 562, 1236, 2503, 4384, 5045, 4134, 2915, 1442, 5387, 258, 16379.58, 14.29, 10.82
10:32:20, 1568.60, 12.39, 491, 1090, 2233, 3925, 4257, 3348, 2341, 1138, 4716, 228, 16352.39, 14.33, 10.82
10:32:20, 1578.10, 12.38, 535, 1220, 2521, 4465, 4689, 3570, 2432, 1292, 4574, 221, 16393.19, 14.28, 10.82
10:32:21, 1590.40, 12.38, 494, 1169, 2487, 4233, 5198, 3882, 2725, 1378, 4203, 210, 16379.58, 14.29, 10.83
10:32:21, 1602.70, 12.38, 474, 1132, 2498, 4096, 5200, 3855, 2646, 1352, 3988, 201, 16365.98, 14.31, 10.83
10:32:21, 1612.70, 12.37, 446, 1065, 2395, 3863, 4814, 3486, 2339, 1218, 3829, 192, 16352.39, 14.33, 10.82
10:32:22, 1622.90, 12.37, 418, 1008, 2240, 3773, 4256, 3071, 2063, 992, 3755, 186, 16406.81, 14.26, 10.82
10:32:22, 1632.20, 12.36, 450, 1070, 2343, 4049, 4419, 3227, 2101, 1017, 4171, 203, 16379.58, 14.29, 10.82
10:32:23, 1640.10, 12.36, 404, 924, 2040, 3545, 4352, 3307, 2122, 998, 4446, 215, 16406.81, 14.26, 10.83
10:32:23, 1651.80, 12.36, 391, 888, 1980, 3396, 3947, 3009, 1885, 868, 4418, 212, 16393.19, 14.28, 10.83
10:32:23, 1662.80, 12.35, 389, 887, 1981, 3456, 3753, 2749, 1676, 797, 4151, 200, 16406.81, 14.26, 10.82
10:32:24, 1670.30, 12.35, 391, 907, 2055, 3568, 4475, 3258, 2033, 974, 4200, 203, 16420.45, 14.24, 10.82
10:32:24, 1680.20, 12.35, 371, 887, 2023, 3524, 4095, 2898, 1839, 832, 3530, 176, 16393.19, 14.28, 10.82
10:32:25, 1690.20, 12.35, 339, 812, 1913, 3186, 3971, 2766, 1702, 796, 3433, 170, 16420.45, 14.24, 10.81
10:32:25, 1697.90, 12.35, 360, 877, 2087, 3478, 4008, 2761, 1678, 794, 3326, 165, 16406.81, 14.26, 10.81
10:32:26, 1705.10, 12.35, 334, 818, 1959, 3301, 3977, 2720, 1646, 782, 3195, 160, 16420.45, 14.24, 10.80
10:32:26, 1716.90, 12.35, 324, 801, 1930, 3293, 3853, 2606, 1625, 718, 3011, 152, 16393.19, 14.28, 10.80
10:32:26, 1729.40, 12.34, 310, 757, 1854, 3085, 3550, 2372, 1412, 642, 2957, 148, 16447.78, 14.21, 10.80
10:32:27, 1740.80, 12.33, 302, 735, 1804, 3060, 3778, 2563, 1498, 679, 3125, 155, 16420.45, 14.24, 10.81
10:32:27, 1753.50, 12.33, 293, 710, 1741, 3003, 3592, 2420, 1369, 626, 3243, 159, 16420.45, 14.24, 10.81
10:32:28, 1762.70, 12.32, 299, 712, 1753, 3029, 3438, 2346, 1308, 585, 3307, 161, 16434.11, 14.22, 10.81
10:32:28, 1772.00, 12.31, 289, 686, 1704, 2910, 3363, 2294, 1268, 561, 3284, 160, 16447.78, 14.21, 10.81
10:32:28, 1782.60, 12.31, 257, 610, 1506, 2689, 3194, 2128, 1186, 507, 3025, 148, 16447.78, 14.21, 10.81
10:32:29, 1792.00, 12.30, 260, 628, 1594, 2728, 3390, 2218, 1210, 540, 2931, 144, 16447.78, 14.21, 10.81
10:32:29, 1802.80, 12.30, 250, 610, 1571, 2664, 3011, 1928, 1059, 452, 2621, 130, 16488.87, 14.15, 10.81
10:32:30, 1813.70, 12.30, 236, 573, 1481, 2544, 3115, 2007, 1077, 469, 2711, 134, 16475.15, 14.17, 10.79
10:32:30, 1821.80, 12.29, 234, 562, 1445, 2548, 2980, 1944, 1029, 435, 2851, 140, 16488.87, 14.15, 10.79
10:32:31, 1833.80, 12.28, 233, 548, 1421, 2472, 2917, 1935, 968, 425, 3162, 152, 16488.87, 14.15, 10.80
10:32:31, 1844.60, 12.28, 232, 532, 1379, 2460, 2783, 1865, 920, 394, 3164, 152, 16475.15, 14.17, 10.80
10:32:31, 1856.60, 12.27, 213, 490, 1289, 2266, 2702, 1786, 864, 373, 3087, 148, 16502.59, 14.14, 10.80
10:32:32, 1868.30, 12.27, 212, 488, 1284, 2307, 2669, 1752, 849, 357, 2957, 142, 16530.08, 14.10, 10.79
10:32:32, 1878.50, 12.26, 201, 466, 1240, 2222, 2600, 1684, 813, 341, 2783, 135, 16475.15, 14.17, 10.79
10:32:33, 1890.80, 12.26, 200, 467, 1256, 2233, 2606, 1669, 802, 334, 2717, 132, 16530.08, 14.10, 10.80
10:32:33, 1902.20, 12.26, 194, 452, 1226, 2199, 2585, 1649, 775, 325, 2738, 132, 16543.85, 14.09, 10.80
10:32:34, 1913.30, 12.25, 185, 432, 1181, 2112, 2517, 1584, 740, 310, 2601, 126, 16502.59, 14.14, 10.80
10:32:34, 1923.60, 12.25, 181, 427, 1176, 2116, 2535, 1577, 739, 306, 2489, 121, 16502.59, 14.14, 10.80
10:32:34, 1931.70, 12.25, 171, 405, 1133, 2002, 2385, 1458, 684, 279, 2318, 114, 16502.59, 14.14, 10.80
10:32:35, 1943.80, 12.25, 174, 416, 1170, 2089, 2501, 1517, 705, 291, 2279, 112, 16516.33, 14.12, 10.80
10:32:35, 1954.00, 12.25, 165, 396, 1127, 1996, 2391, 1426, 651, 270, 2175, 107, 16488.87, 14.15, 10.80
10:32:36, 1964.10, 12.24, 160, 383, 1101, 1947, 2398, 1427, 652, 268, 2096, 103, 16557.63, 14.07, 10.80
10:32:36, 1976.90, 12.24, 153, 369, 1070, 1891, 2277, 1335, 604, 247, 2001, 99, 16530.08, 14.10, 10.80
10:32:36, 1987.70, 12.24, 152, 367, 1075, 1900, 2295, 1336, 600, 245, 1946, 96, 16543.85, 14.09, 10.80
10:32:37, 2002.00, 12.23, 143, 346, 1021, 1808, 2196, 1262, 560, 228, 1871, 93, 16543.85, 14.09, 10.79
10:32:37, 2010.80, 12.22, 139, 334, 996, 1772, 2168, 1245, 542, 221, 1879, 93, 16571.43, 14.05, 10.79
10:32:38, 2020.30, 12.22, 135, 322, 963, 1723, 2086, 1193, 520, 209, 1834, 91, 16557.63, 14.07, 10.80
10:32:38, 2032.20, 12.22, 132, 315, 951, 1697, 2085, 1182, 505, 205, 1803, 89, 16543.85, 14.09, 10.80
10:32:39, 2040.10, 12.21, 130, 310, 945, 1681, 2051, 1151, 490, 200, 1752, 87, 16557.63, 14.07, 10.80
10:32:39, 2052.40, 12.21, 125, 299, 914, 1633, 1992, 1108, 471, 190, 1675, 83, 16571.43, 14.05, 10.80
10:32:39, 2063.30, 12.21, 122, 290, 896, 1606, 1973, 1096, 452, 185, 1714, 85, 16599.06, 14.02, 10.80
10:32:40, 2070.60, 12.21, 119, 282, 871, 1574, 1926, 1076, 440, 179, 1735, 85, 16557.63, 14.07, 10.80
10:32:40, 2082.50, 12.21, 115, 271, 838, 1533, 1842, 1031, 421, 168, 1700, 84, 16557.63, 14.07, 10.80
10:32:41, 2088.20, 12.21, 116, 271, 847, 1535, 1848, 1029, 409, 167, 1731, 85, 16599.06, 14.02, 10.80
10:32:41, 2095.80, 12.21, 113, 264, 825, 1507, 1839, 1022, 407, 165, 1683, 83, 16585.24, 14.03, 10.80
10:32:41, 2108.10, 12.21, 107, 251, 791, 1446, 1798, 982, 386, 157, 1617, 80, 16585.24, 14.03, 10.80
10:32:42, 2116.20, 12.21, 106, 250, 797, 1446, 1743, 946, 374, 151, 1517, 75, 16612.90, 14.00, 10.81
10:32:42, 2129.40, 12.21, 103, 242, 778, 1411, 1732, 923, 363, 147, 1458, 72, 16571.43, 14.05, 10.81
10:32:43, 2140.00, 12.20, 101, 238, 773, 1403, 1729, 915, 355, 145, 1428, 71, 16612.90, 14.00, 10.80
10:32:43, 2151.00, 12.19, 95, 224, 731, 1327, 1652, 862, 333, 136, 1355, 68, 16626.76, 13.98, 10.80
10:32:44, 2162.80, 12.18, 92, 216, 710, 1292, 1630, 847, 324, 132, 1338, 67, 16626.76, 13.98, 10.80
10:32:44, 2169.30, 12.17, 93, 216, 715, 1309, 1616, 844, 321, 130, 1340, 67, 16612.90, 14.00, 10.80
10:32:44, 2177.90, 12.17, 90, 208, 691, 1270, 1550, 812, 306, 123, 1351, 67, 16612.90, 14.00, 10.80
10:32:45, 2187.60, 12.17, 88, 201, 669, 1244, 1542, 814, 297, 121, 1415, 70, 16640.63, 13.96, 10.80
10:32:45, 2194.70, 12.17, 86, 195, 649, 1215, 1476, 788, 285, 115, 1454, 72, 16626.76, 13.98, 10.80
10:32:46, 2206.30, 12.17, 85, 190, 635, 1194, 1453, 782, 272, 112, 1555, 77, 16599.06, 14.02, 10.80
10:32:46, 2213.80, 12.16, 85, 186, 628, 1181, 1409, 765, 259, 108, 1611, 80, 16654.51, 13.95, 10.79
10:32:46, 2223.10, 12.16, 82, 178, 600, 1136, 1371, 749, 249, 105, 1640, 81, 16640.63, 13.96, 10.79
10:32:47, 2231.20, 12.16, 81, 173, 588, 1118, 1360, 735, 242, 102, 1614, 80, 16640.63, 13.96, 10.80
10:32:47, 2237.00, 12.16, 78, 168, 575, 1092, 1325, 712, 238, 99, 1508, 75, 16612.90, 14.00, 10.80
10:32:48, 2241.70, 12.16, 78, 170, 583, 1108, 1361, 717, 243, 101, 1429, 70, 16640.63, 13.96, 10.80
10:32:48, 2241.70, 12.16, 76, 170, 586, 1107, 1367, 708, 244, 101, 1332, 66, 16654.51, 13.95, 10.79
10:32:49, 2242.90, 12.16, 76, 171, 592, 1112, 1376, 707, 246, 101, 1278, 63, 16682.31, 13.91, 10.79
10:32:49, 2251.90, 12.16, 74, 166, 575, 1085, 1349, 690, 241, 98, 1224, 61, 16668.40, 13.93, 10.80
10:32:49, 2260.40, 12.16, 75, 168, 587, 1102, 1346, 684, 236, 97, 1227, 61, 16668.40, 13.93, 10.80
10:32:50, 2270.70, 12.15, 73, 163, 571, 1076, 1329, 673, 228, 95, 1227, 61, 16682.31, 13.91, 10.80
10:32:50, 2277.60, 12.14, 72, 159, 562, 1061, 1314, 664, 223, 93, 1214, 60, 16682.31, 13.91, 10.80
10:32:51, 2286.20, 12.14, 68, 151, 532, 1012, 1264, 637, 215, 89, 1172, 58, 16654.51, 13.95, 10.80
10:32:51, 2296.10, 12.14, 68, 150, 535, 1017, 1281, 641, 213, 89, 1169, 58, 16710.18, 13.88, 10.80
10:32:51, 2303.30, 12.13, 67, 149, 535, 1015, 1247, 619, 206, 86, 1109, 55, 16696.24, 13.89, 10.80
10:32:52, 2312.20, 12.13, 65, 144, 520, 985, 1213, 593, 198, 83, 1061, 53, 16682.31, 13.91, 10.81
10:32:52, 2320.80, 12.13, 63, 140, 507, 962, 1206, 586, 194, 81, 1033, 51, 16696.24, 13.89, 10.81
10:32:53, 2330.30, 12.13, 62, 136, 497, 944, 1190, 574, 189, 80, 1008, 50, 16710.18, 13.88, 10.81
10:32:53, 2339.20, 12.12, 61, 134, 490, 933, 1173, 564, 184, 78, 994, 49, 16724.14, 13.86, 10.80
10:32:54, 2345.30, 12.12, 60, 131, 481, 917, 1147, 551, 180, 76, 983, 49, 16696.24, 13.89, 10.80
10:32:54, 2351.30, 12.11, 59, 129, 475, 909, 1141, 550, 176, 75, 1007, 50, 16696.24, 13.89, 10.80
10:32:54, 2352.10, 12.12, 59, 128, 472, 908, 1136, 553, 177, 75, 1025, 51, 16682.31, 13.91, 10.80
10:32:55, 2352.20, 12.12, 59, 128, 474, 913, 1141, 555, 176, 75, 1036, 51, 16724.14, 13.86, 10.80
10:32:55, 2351.80, 12.12, 59, 127, 471, 906, 1131, 548, 175, 74, 1020, 51, 16738.11, 13.84, 10.80
10:32:56, 2352.70, 12.13, 58, 126, 467, 897, 1129, 547, 175, 74, 995, 49, 16696.24, 13.89, 10.80
10:32:56, 2350.70, 12.14, 59, 128, 474, 909, 1152, 553, 176, 75, 995, 49, 16738.11, 13.84, 10.80
10:32:56, 2341.00, 12.14, 60, 131, 483, 916, 1153, 543, 174, 75, 926, 46, 16752.09, 13.82, 10.80
10:32:57, 2332.70, 12.13, 62, 134, 493, 922, 1143, 534, 162, 75, 908, 45, 16766.09, 13.81, 10.80
10:32:57, 2323.50, 12.13, 59, 127, 466, 862, 1059, 487, 142, 68, 894, 45, 16738.11, 13.84, 10.80
10:32:58, 2316.00, 12.12, 59, 126, 459, 845, 1068, 494, 143, 69, 906, 45, 16752.09, 13.82, 10.80
10:32:58, 2305.30, 12.11, 62, 131, 476, 876, 1113, 520, 150, 73, 938, 47, 16724.14, 13.86, 10.79
10:32:59, 2297.40, 12.11, 68, 142, 510, 939, 1189, 564, 159, 80, 988, 49, 16752.09, 13.82, 10.79
10:32:59, 2288.10, 12.10, 70, 147, 527, 969, 1229, 586, 166, 83, 1016, 51, 16752.09, 13.82, 10.80
10:32:59, 2277.60, 12.10, 75, 157, 560, 1033, 1291, 616, 175, 88, 1080, 54, 16738.11, 13.84, 10.80
10:33:00, 2269.70, 12.09, 73, 155, 549, 1005, 1236, 588, 171, 84, 1042, 52, 16752.09, 13.82, 10.80
10:33:00, 2258.80, 12.09, 71, 152, 535, 975, 1235, 589, 173, 85, 1038, 52, 16794.13, 13.77, 10.80
10:33:01, 2250.30, 12.09, 74, 155, 543, 985, 1249, 605, 177, 88, 1040, 52, 16780.11, 13.79, 10.80
10:33:01, 2241.90, 12.08, 79, 166, 578, 1049, 1327, 653, 188, 96, 1093, 55, 16780.11, 13.79, 10.80
10:33:01, 2233.30, 12.05, 84, 176, 609, 1102, 1382, 683, 198, 101, 1124, 57, 16766.09, 13.81, 10.80
10:33:02, 2225.30, 12.05, 83, 175, 604, 1093, 1357, 672, 199, 99, 1102, 56, 16794.13, 13.77, 10.78
10:33:02, 2212.60, 12.05, 83, 176, 603, 1088, 1354, 671, 202, 100, 1098, 55, 16794.13, 13.77, 10.78
10:33:03, 2201.80, 12.05, 80, 170, 582, 1041, 1291, 634, 196, 95, 1062, 54, 16808.18, 13.75, 10.78
10:33:03, 2192.00, 12.05, 82, 176, 599, 1066, 1383, 689, 210, 104, 1124, 57, 16808.18, 13.75, 10.80
10:33:04, 2182.30, 12.04, 93, 197, 662, 1179, 1517, 770, 230, 118, 1240, 63, 16836.30, 13.72, 10.80
10:33:04, 2172.50, 12.04, 101, 214, 715, 1281, 1624, 831, 249, 128, 1308, 66, 16794.13, 13.77, 10.80
10:33:04, 2161.30, 12.04, 108, 228, 755, 1350, 1694, 875, 260, 134, 1394, 70, 16766.09, 13.81, 10.80
10:33:05, 2151.00, 12.04, 112, 236, 778, 1388, 1741, 906, 271, 140, 1475, 74, 16822.23, 13.74, 10.80
10:33:05, 2138.70, 12.04, 112, 238, 778, 1384, 1716, 893, 273, 141, 1393, 70, 16850.39, 13.70, 10.80
10:33:06, 2128.70, 12.04, 109, 233, 757, 1341, 1676, 869, 273, 138, 1345, 68, 16822.23, 13.74, 10.80
10:33:06, 2119.10, 12.03, 110, 237, 765, 1353, 1657, 860, 276, 138, 1320, 67, 16836.30, 13.72, 10.81
10:33:07, 2109.50, 12.03, 104, 227, 731, 1284, 1517, 780, 260, 125, 1236, 63, 16822.23, 13.74, 10.81
10:33:07, 2100.60, 12.03, 96, 212, 681, 1185, 1460, 745, 257, 120, 1189, 60, 16836.30, 13.72, 10.81
10:33:07, 2087.80, 12.03, 95, 214, 684, 1185, 1476, 756, 270, 124, 1176, 60, 16850.39, 13.70, 10.81
10:33:08, 2078.10, 12.03, 98, 221, 701, 1209, 1500, 772, 273, 127, 1211, 62, 16850.39, 13.70, 10.81
10:33:08, 2066.20, 12.04, 104, 231, 729, 1255, 1603, 838, 291, 140, 1288, 66, 16836.30, 13.72, 10.81
10:33:09, 2054.90, 12.03, 118, 259, 806, 1396, 1766, 946, 323, 161, 1386, 71, 16836.30, 13.72, 10.81
10:33:09, 2044.40, 12.03, 131, 283, 870, 1510, 1905, 1044, 356, 183, 1431, 74, 16836.30, 13.72, 10.80
10:33:09, 2032.60, 12.03, 138, 297, 906, 1560, 1939, 1080, 365, 191, 1464, 75, 16836.30, 13.72, 10.80
10:33:10, 2022.80, 12.03, 148, 314, 951, 1635, 2080, 1161, 396, 208, 1555, 80, 16850.39, 13.70, 10.80
10:33:10, 2011.60, 12.02, 152, 329, 989, 1700, 2116, 1177, 407, 212, 1628, 83, 16878.62, 13.67, 10.81
10:33:11, 2000.20, 12.01, 153, 333, 996, 1708, 2189, 1226, 427, 223, 1691, 86, 16864.50, 13.68, 10.81
10:33:11, 1992.40, 12.01, 167, 356, 1055, 1803, 2182, 1257, 426, 228, 1727, 88, 16878.62, 13.67, 10.82
10:33:12, 1980.90, 12.01, 173, 370, 1092, 1861, 2312, 1326, 461, 245, 1795, 92, 16878.62, 13.67, 10.82
10:33:12, 1970.20, 12.00, 177, 385, 1124, 1916, 2392, 1366, 485, 256, 1871, 95, 16878.62, 13.67, 10.82
10:33:12, 1957.50, 12.00, 181, 399, 1157, 1966, 2478, 1408, 512, 267, 2006, 101, 16878.62, 13.67, 10.81
10:33:13, 1947.80, 12.00, 198, 437, 1248, 2128, 2546, 1465, 534, 282, 2015, 102, 16906.89, 13.63, 10.81
10:33:13, 1935.90, 12.00, 189, 414, 1179, 1990, 2442, 1419, 520, 277, 1892, 97, 16906.89, 13.63, 10.80
10:33:14, 1925.00, 12.00, 200, 439, 1237, 2092, 2675, 1564, 590, 317, 1939, 100, 16864.50, 13.68, 10.80
10:33:14, 1915.10, 12.00, 202, 446, 1256, 2121, 2581, 1512, 579, 309, 1877, 97, 16892.74, 13.65, 10.80
10:33:14, 1903.00, 12.00, 209, 469, 1302, 2208, 2684, 1571, 619, 332, 1900, 98, 16878.62, 13.67, 10.80
10:33:15, 1893.40, 12.01, 202, 451, 1243, 2092, 2466, 1459, 577, 309, 1766, 92, 16906.89, 13.63, 10.80
10:33:15, 1883.50, 12.01, 179, 396, 1097, 1828, 2081, 1218, 500, 254, 1579, 82, 16892.74, 13.65, 10.81
10:33:16, 1874.80, 12.01, 165, 369, 1024, 1679, 2097, 1229, 510, 257, 1590, 83, 16921.05, 13.62, 10.81
10:33:16, 1863.60, 12.01, 173, 387, 1064, 1750, 2121, 1245, 523, 263, 1616, 84, 16864.50, 13.68, 10.81
10:33:17, 1848.70, 12.01, 183, 419, 1139, 1876, 2268, 1329, 564, 286, 1756, 91, 16906.89, 13.63, 10.81
10:33:17, 1837.10, 12.01, 172, 389, 1055, 1713, 2004, 1178, 516, 256, 1566, 81, 16892.74, 13.65, 10.81
10:33:17, 1824.00, 12.01, 168, 377, 1019, 1633, 2067, 1227, 542, 272, 1609, 84, 16878.62, 13.67, 10.81
10:33:18, 1810.80, 12.01, 201, 457, 1210, 1972, 2503, 1517, 673, 346, 1893, 98, 16935.23, 13.60, 10.81
10:33:18, 1798.90, 12.01, 203, 458, 1205, 1963, 2296, 1401, 629, 324, 1733, 91, 16878.62, 13.67, 10.81
10:33:19, 1785.70, 12.00, 203, 453, 1185, 1907, 2312, 1424, 648, 338, 1747, 91, 16935.23, 13.60, 10.81
10:33:19, 1773.40, 12.00, 213, 476, 1230, 1977, 2310, 1425, 654, 345, 1795, 94, 16935.23, 13.60, 10.81
10:33:19, 1759.60, 12.00, 209, 467, 1201, 1908, 2314, 1435, 672, 353, 1785, 93, 16921.05, 13.62, 10.82
10:33:20, 1747.80, 12.00, 206, 453, 1159, 1817, 2199, 1368, 654, 343, 1719, 90, 16963.63, 13.56, 10.82
10:33:20, 1734.90, 12.00, 202, 448, 1140, 1770, 2140, 1332, 659, 340, 1642, 87, 16977.85, 13.55, 10.82
10:33:21, 1722.80, 12.00, 209, 470, 1182, 1832, 2338, 1494, 759, 398, 1641, 88, 16992.08, 13.53, 10.82
10:33:21, 1710.60, 12.00, 253, 573, 1425, 2208, 3019, 2051, 1031, 579, 1681, 93, 16963.63, 13.56, 10.82
10:33:22, 1696.30, 12.00, 315, 729, 1781, 2797, 3843, 2752, 1471, 834, 1818, 103, 16949.42, 13.58, 10.82
10:33:22, 1683.80, 12.01, 258, 575, 1407, 2175, 2385, 1551, 812, 438, 1720, 92, 16935.23, 13.60, 10.82
10:33:22, 1670.10, 12.01, 252, 565, 1367, 2083, 2591, 1711, 930, 505, 1791, 96, 16992.08, 13.53, 10.83
10:33:23, 1660.30, 12.01, 237, 524, 1263, 1911, 2378, 1549, 820, 447, 1877, 99, 16963.63, 13.56, 10.83
10:33:23, 1648.60, 12.01, 247, 544, 1301, 1966, 2368, 1553, 843, 459, 1870, 98, 16977.85, 13.55, 10.81
10:33:24, 1638.50, 12.01, 279, 621, 1469, 2212, 3088, 2175, 1211, 704, 1854, 102, 16977.85, 13.55, 10.81
10:33:24, 1623.50, 12.00, 360, 824, 1924, 2937, 3701, 2674, 1550, 905, 1976, 110, 16949.42, 13.58, 10.81
10:33:24, 1608.70, 12.00, 315, 707, 1634, 2445, 2786, 1912, 1067, 614, 2037, 108, 17006.34, 13.51, 10.81
10:33:25, 1597.30, 12.00, 289, 642, 1472, 2179, 2785, 1915, 1108, 639, 2041, 108, 16992.08, 13.53, 10.81
10:33:25, 1583.90, 12.00, 384, 866, 1945, 2928, 3581, 2613, 1562, 951, 2099, 116, 17006.34, 13.51, 10.83
10:33:26, 1569.30, 11.99, 337, 751, 1685, 2486, 2957, 2019, 1196, 681, 2530, 130, 17034.88, 13.48, 10.83
10:33:26, 1557.50, 11.99, 320, 703, 1565, 2296, 2688, 1836, 1123, 642, 2289, 119, 17049.18, 13.46, 10.83
10:33:27, 1542.90, 11.99, 334, 732, 1611, 2350, 3015, 2118, 1283, 766, 2408, 126, 16977.85, 13.55, 10.81
10:33:27, 1529.30, 11.99, 389, 861, 1870, 2721, 3208, 2248, 1376, 824, 2749, 143, 17034.88, 13.48, 10.81
10:33:27, 1515.70, 11.99, 406, 889, 1912, 2769, 3580, 2640, 1617, 1033, 2586, 138, 17049.18, 13.46, 10.83
10:33:28, 1501.90, 11.99, 417, 898, 1910, 2745, 3246, 2348, 1497, 924, 2704, 142, 17020.60, 13.49, 10.83
10:33:28, 1489.60, 11.99, 438, 940, 1978, 2863, 3437, 2506, 1626, 1013, 2883, 152, 17034.88, 13.48, 10.83
10:33:29, 1472.70, 11.99, 561, 1254, 2531, 3789, 5061, 3655, 2494, 1716, 3486, 187, 17034.88, 13.48, 10.84
10:33:29, 1460.90, 11.99, 508, 1092, 2220, 3225, 3691, 2733, 1832, 1183, 3264, 171, 17063.49, 13.44, 10.84
10:33:29, 1445.00, 11.99, 680, 1476, 2943, 4517, 4923, 3892, 2615, 1834, 3782, 202, 17063.49, 13.44, 10.85
10:33:30, 1432.10, 11.99, 900, 2033, 3949, 6150, 8277, 6439, 4594, 3298, 5068, 277, 17049.18, 13.46, 10.85
10:33:30, 1417.40, 11.99, 879, 1940, 3706, 5687, 5036, 3973, 2777, 1989, 3749, 202, 17063.49, 13.44, 10.84
10:33:31, 1404.90, 11.99, 585, 1216, 2381, 3362, 3807, 2956, 2106, 1450, 3322, 176, 17063.49, 13.44, 10.84
10:33:31, 1392.20, 11.99, 703, 1445, 2820, 3888, 5274, 4514, 3067, 2470, 3258, 183, 17077.82, 13.42, 10.84
10:33:32, 1378.10, 11.99, 636, 1297, 2489, 3475, 4084, 3237, 2398, 1699, 3587, 191, 17063.49, 13.44, 10.84
10:33:32, 1366.10, 11.99, 673, 1358, 2568, 3643, 4119, 3325, 2492, 1820, 3572, 192, 17077.82, 13.42, 10.84
10:33:32, 1348.10, 11.99, 654, 1304, 2451, 3375, 4238, 3430, 2638, 1933, 3839, 206, 17034.88, 13.48, 10.84
10:33:33, 1336.30, 11.99, 1729, 3700, 6435, 10135, 8003, 6823, 5241, 4478, 5120, 289, 17063.49, 13.44, 10.84
10:33:33, 1320.70, 12.00, 1673, 3664, 6239, 9441, 12205, 10027, 8443, 7246, 6348, 369, 17106.52, 13.39, 10.84
10:33:34, 1306.60, 12.00, 1465, 3250, 5647, 8283, 11611, 10021, 8361, 7268, 6005, 352, 17106.52, 13.39, 10.84
10:33:34, 1294.70, 11.99, 776, 1509, 2687, 3651, 4049, 3385, 2780, 2128, 4149, 221, 17120.89, 13.37, 10.84
10:33:35, 1279.20, 11.99, 922, 1801, 3154, 4316, 5696, 4943, 4160, 3266, 5134, 277, 17120.89, 13.37, 10.84
10:33:35, 1266.60, 11.99, 2176, 4655, 7652, 12202, 13705, 11596, 10491, 9083, 7412, 431, 17106.52, 13.39, 10.84
10:33:35, 1358.50, 11.99, 1687, 3575, 5867, 8484, 10072, 8725, 8215, 7590, 6747, 382, 17106.52, 13.39, 10.84
10:33:36, 1238.20, 11.98, 1956, 4165, 6851, 10745, 4728, 4134, 3686, 3016, 4980, 268, 17106.52, 13.39, 10.83
10:33:36, 1221.70, 11.98, 1035, 1905, 3189, 4143, 4950, 4505, 3891, 3384, 4997, 269, 17092.16, 13.41, 10.83
10:33:37, 1206.70, 11.98, 1150, 2138, 3506, 4713, 7983, 7627, 7188, 6435, 6326, 354, 17106.52, 13.39, 10.84
10:33:37, 1189.90, 11.98, 1499, 2721, 4425, 6297, 15431, 15065, 13404, 15021, 7084, 456, 17120.89, 13.37, 10.84
10:33:37, 1172.80, 11.98, 3864, 8528, 12975, 19401, 16658, 14561, 15884, 14786, 10849, 617, 17149.68, 13.34, 10.84
10:33:38, 1159.60, 11.98, 3304, 6668, 9517, 14555, 16327, 17603, 15398, 17438, 7796, 506, 17135.28, 13.35, 10.84
10:33:38, 1144.30, 11.98, 2899, 5677, 8450, 13313, 29205, 30660, 28760, 31049, 10751, 778, 17135.28, 13.35, 10.84
10:33:39, 1129.40, 11.98, 7837, 15844, 22670, 31746, 7679, 7810, 7617, 8125, 7486, 427, 17120.89, 13.37, 10.84
10:33:39, 1109.00, 11.98, 5541, 11081, 15073, 22261, 25824, 21635, 27043, 26907, 14299, 891, 17135.28, 13.35, 10.84
10:33:40, 1095.50, 11.98, 3508, 6930, 9737, 13754, 13973, 14542, 14372, 15396, 9667, 614, 17092.16, 13.41, 10.85
10:33:40, 1077.40, 11.98, 10086, 19037, 22703, 26541, 19841, 20245, 21894, 24710, 12223, 922, 17106.52, 13.39, 10.85
