Secchi Depth (cm) = 0154
Forel Ule Scale = 08
pH Colour Scale = 99
SmartSecchi S/N = A003
Latitude (degs N) = 50.21598
Longitude (degs E) = -5.02772
Date = 2023-02-03
Time (UTC), Pressure (mbar) MS5803, Temp (deg C) MS5803, 415nm, 445nm, 480nm, 515nm, 555nm, 590nm, 630nm, 680nm, Clear, NIR, Resistance 10KTHERM, Temp (deg C) 10KTHERM, Temp (deg C) TMP117
10:31:40, 1025.90, 15.74, 436, 616, 800, 902, 886, 949, 1059, 1275, 4885, 1950, 15197.05, 15.87, 14.74
10:31:40, 1026.00, 15.75, 432, 609, 791, 890, 882, 942, 1048, 1256, 4818, 1913, 15184.64, 15.89, 14.74
10:31:40, 1026.00, 15.76, 425, 598, 777, 874, 866, 925, 1028, 1231, 4744, 1881, 15197.05, 15.87, 14.74
10:31:41, 1025.80, 15.76, 424, 598, 775, 872, 866, 925, 1027, 1229, 4752, 1879, 15184.64, 15.89, 14.73
10:31:41, 1025.90, 15.77, 427, 603, 781, 879, 875, 934, 1035, 1236, 4780, 1880, 15172.24, 15.90, 14.73
10:31:42, 1026.00, 15.77, 433, 612, 792, 891, 885, 945, 1045, 1246, 4825, 1888, 15172.24, 15.90, 14.73
10:31:42, 1025.80, 15.77, 436, 616, 796, 896, 886, 947, 1046, 1246, 4833, 1887, 15172.24, 15.90, 14.73
10:31:42, 1026.10, 15.77, 438, 619, 800, 900, 888, 948, 1046, 1245, 4840, 1883, 15184.64, 15.89, 14.73
10:31:43, 1026.00, 15.78, 438, 619, 800, 901, 887, 948, 1044, 1242, 4843, 1881, 15209.46, 15.85, 14.76
10:31:43, 1026.10, 15.78, 437, 618, 799, 899, 886, 946, 1042, 1238, 4844, 1881, 15172.24, 15.90, 14.76
10:31:44, 1025.90, 15.78, 438, 619, 800, 901, 887, 948, 1044, 1241, 4860, 1887, 15209.46, 15.85, 14.76
10:31:44, 1025.90, 15.78, 439, 621, 802, 903, 886, 946, 1042, 1236, 4855, 1882, 15197.05, 15.87, 14.76
10:31:44, 1026.30, 15.78, 432, 610, 789, 888, 876, 937, 1034, 1228, 4818, 1867, 15172.24, 15.90, 14.76
10:31:45, 1025.70, 15.78, 435, 616, 796, 897, 887, 950, 1049, 1249, 4884, 1890, 15209.46, 15.85, 14.77
10:31:45, 1026.10, 15.78, 441, 625, 806, 909, 896, 961, 1061, 1263, 4910, 1899, 15184.64, 15.89, 14.77
10:31:46, 1025.80, 15.78, 442, 628, 810, 914, 905, 969, 1068, 1271, 4922, 1907, 15209.46, 15.85, 14.79
10:31:46, 1025.90, 15.78, 444, 630, 812, 918, 905, 968, 1068, 1267, 4892, 1899, 15197.05, 15.87, 14.79
10:31:47, 1025.90, 15.77, 442, 628, 809, 915, 902, 965, 1063, 1261, 4873, 1891, 15184.64, 15.89, 14.79
10:31:47, 1025.80, 15.77, 441, 625, 805, 911, 898, 962, 1060, 1258, 4878, 1894, 15197.05, 15.87, 14.78
10:31:47, 1026.00, 15.77, 444, 629, 809, 916, 900, 964, 1063, 1259, 4896, 1898, 15184.64, 15.89, 14.78
10:31:48, 1026.00, 15.77, 442, 626, 805, 910, 896, 959, 1057, 1251, 4915, 1904, 15172.24, 15.90, 14.78
10:31:48, 1026.00, 15.77, 446, 630, 812, 917, 907, 969, 1070, 1262, 4990, 1935, 15184.64, 15.89, 14.82
10:31:49, 1026.00, 15.77, 451, 637, 821, 927, 918, 977, 1083, 1273, 5046, 1957, 15159.86, 15.92, 14.82
10:31:49, 1026.00, 15.77, 451, 636, 821, 927, 912, 974, 1078, 1272, 5059, 1971, 15184.64, 15.89, 14.85
10:31:49, 1025.90, 15.77, 452, 637, 823, 929, 923, 986, 1091, 1287, 5077, 1982, 15197.05, 15.87, 14.85
10:31:50, 1025.80, 15.77, 460, 648, 836, 945, 933, 996, 1103, 1301, 5098, 1992, 15197.05, 15.87, 14.85
10:31:50, 1025.80, 15.77, 460, 648, 836, 944, 933, 996, 1103, 1303, 5088, 1994, 15209.46, 15.85, 14.87
10:31:51, 1026.00, 15.77, 462, 650, 839, 948, 943, 1005, 1117, 1318, 5125, 2017, 15197.05, 15.87, 14.87
10:31:51, 1026.00, 15.77, 463, 651, 843, 951, 946, 1005, 1123, 1325, 5152, 2035, 15184.64, 15.89, 14.88
10:31:52, 1025.90, 15.77, 462, 650, 841, 950, 939, 1004, 1124, 1337, 5107, 2050, 15184.64, 15.89, 14.88
10:31:52, 1025.90, 15.77, 450, 624, 812, 912, 918, 995, 1138, 1372, 5024, 2148, 15197.05, 15.87, 14.88
10:31:52, 1025.90, 15.77, 458, 629, 838, 949, 982, 1081, 1251, 1547, 5427, 2413, 15147.49, 15.94, 14.88
10:31:53, 1025.90, 15.77, 471, 644, 861, 984, 999, 1108, 1296, 1614, 5407, 2349, 15209.46, 15.85, 14.88
10:31:53, 1026.00, 15.77, 468, 639, 853, 980, 998, 1106, 1294, 1614, 5322, 2282, 15172.24, 15.90, 14.90
10:31:54, 1026.10, 15.77, 471, 646, 860, 993, 1007, 1125, 1327, 1664, 5429, 2321, 15184.64, 15.89, 14.90
10:31:54, 1026.00, 15.77, 474, 654, 869, 1009, 1019, 1141, 1355, 1703, 5485, 2352, 15184.64, 15.89, 14.91
10:31:54, 1025.80, 15.78, 483, 668, 882, 1024, 1041, 1151, 1362, 1688, 5417, 2286, 15184.64, 15.89, 14.91
10:31:55, 1026.00, 15.78, 503, 695, 915, 1045, 1023, 1102, 1279, 1522, 5286, 2187, 15172.24, 15.90, 14.91
10:31:55, 1026.00, 15.78, 477, 681, 871, 1007, 1031, 1040, 1187, 1277, 4823, 1730, 15172.24, 15.90, 14.91
10:31:56, 1025.90, 15.78, 502, 727, 933, 1046, 1069, 1051, 1218, 1367, 6200, 3083, 15172.24, 15.90, 14.91
10:31:56, 1025.90, 15.78, 537, 747, 989, 1080, 1176, 1236, 1357, 1571, 7617, 3763, 15172.24, 15.90, 14.91
10:31:56, 1025.90, 15.78, 695, 907, 1224, 1431, 1522, 1791, 1882, 2117, 10022, 4517, 15159.86, 15.92, 14.91
10:31:57, 1026.10, 15.78, 881, 1037, 1430, 1836, 1404, 1680, 1741, 1968, 9400, 3853, 15147.49, 15.94, 14.91
10:31:57, 1025.80, 15.78, 489, 678, 887, 970, 1016, 1001, 1145, 1221, 5230, 2063, 15184.64, 15.89, 14.91
10:31:58, 1026.00, 15.78, 513, 721, 937, 1025, 1015, 1002, 1145, 1222, 5071, 1946, 15159.86, 15.92, 14.91
10:31:58, 1025.80, 15.78, 510, 722, 935, 1035, 1028, 1014, 1163, 1239, 4953, 1872, 15159.86, 15.92, 14.94
10:31:59, 1025.80, 15.78, 508, 721, 933, 1039, 1031, 1015, 1172, 1245, 4844, 1806, 15197.05, 15.87, 14.94
10:31:59, 1026.20, 15.79, 512, 728, 940, 1050, 1037, 1019, 1178, 1251, 4864, 1808, 15172.24, 15.90, 14.94
10:31:59, 1025.80, 15.79, 512, 728, 941, 1049, 1035, 1017, 1174, 1247, 4893, 1823, 15172.24, 15.90, 14.93
10:32:00, 1025.80, 15.79, 511, 725, 937, 1042, 1030, 1013, 1167, 1240, 4921, 1832, 15172.24, 15.90, 14.93
10:32:00, 1025.90, 15.79, 512, 726, 938, 1044, 1031, 1015, 1168, 1242, 4926, 1832, 15135.14, 15.96, 14.93
10:32:01, 1025.70, 15.79, 513, 728, 940, 1047, 1035, 1016, 1172, 1246, 4923, 1825, 15122.79, 15.97, 14.93
10:32:01, 1025.90, 15.80, 510, 726, 936, 1041, 1028, 1008, 1162, 1236, 4937, 1839, 15147.49, 15.94, 14.93
10:32:01, 1025.80, 15.80, 507, 721, 931, 1032, 1021, 1003, 1155, 1229, 4960, 1855, 15147.49, 15.94, 14.95
10:32:02, 1025.90, 15.80, 508, 721, 931, 1033, 1022, 1004, 1156, 1230, 4980, 1865, 15135.14, 15.96, 14.95
10:32:02, 1025.90, 15.80, 508, 721, 931, 1031, 1027, 1009, 1163, 1237, 5092, 1940, 15147.49, 15.94, 14.99
10:32:03, 1025.90, 15.80, 504, 720, 932, 1034, 1050, 1027, 1237, 1293, 5708, 2268, 15122.79, 15.97, 14.99
10:32:03, 1025.80, 15.81, 533, 780, 1004, 1187, 1447, 1447, 1833, 1918, 8679, 3668, 15172.24, 15.90, 14.99
10:32:03, 1025.80, 15.81, 602, 856, 1109, 1357, 1235, 1315, 1585, 1731, 7050, 2726, 15135.14, 15.96, 15.13
10:32:04, 1025.90, 15.81, 621, 875, 1142, 1401, 1567, 1620, 2051, 2106, 9580, 3800, 15110.45, 15.99, 15.13
10:32:04, 1025.80, 15.81, 641, 912, 1192, 1484, 1392, 1461, 1807, 1885, 8042, 3079, 15085.83, 16.03, 15.41
10:32:05, 1025.80, 15.81, 588, 841, 1086, 1323, 1244, 1298, 1568, 1672, 6988, 2608, 15073.53, 16.04, 15.41
10:32:05, 1025.90, 15.81, 478, 684, 872, 1028, 1022, 1086, 1385, 1555, 5941, 2444, 15061.24, 16.06, 15.41
10:32:05, 1026.00, 15.81, 483, 689, 874, 1037, 1033, 1088, 1396, 1560, 6058, 2495, 15073.53, 16.04, 15.57
10:32:06, 1025.90, 15.81, 482, 689, 872, 1034, 1022, 1088, 1412, 1605, 5969, 2502, 15036.71, 16.09, 15.57
10:32:06, 1025.80, 15.81, 481, 686, 875, 1028, 1014, 1061, 1374, 1553, 5954, 2485, 15024.46, 16.11, 15.66
10:32:07, 1025.90, 15.81, 445, 637, 828, 943, 921, 946, 1204, 1364, 5501, 2373, 15036.71, 16.09, 15.66
10:32:07, 1025.90, 15.82, 414, 589, 776, 868, 879, 899, 1138, 1266, 5347, 2327, 15012.23, 16.13, 15.66
10:32:08, 1025.80, 15.82, 401, 567, 749, 836, 821, 826, 1018, 1112, 4804, 2075, 15012.23, 16.13, 15.63
10:32:08, 1025.90, 15.82, 392, 543, 717, 777, 805, 790, 930, 1027, 4160, 1675, 15000.00, 16.15, 15.63
10:32:08, 1026.10, 15.82, 458, 639, 839, 918, 965, 950, 1095, 1195, 4669, 1750, 15036.71, 16.09, 15.59
10:32:09, 1025.80, 15.83, 480, 671, 879, 965, 967, 955, 1094, 1191, 4634, 1706, 15024.46, 16.11, 15.59
10:32:09, 1025.90, 15.83, 492, 687, 901, 990, 976, 962, 1107, 1189, 4623, 1667, 15061.24, 16.06, 15.59
10:32:10, 1026.00, 15.83, 492, 684, 896, 986, 999, 981, 1138, 1210, 4801, 1727, 15036.71, 16.09, 15.58
10:32:10, 1026.00, 15.83, 503, 701, 918, 1014, 1001, 980, 1139, 1213, 4716, 1694, 15048.97, 16.08, 15.58
10:32:10, 1025.80, 15.83, 520, 731, 956, 1058, 1052, 1034, 1200, 1282, 4867, 1737, 15024.46, 16.11, 15.59
10:32:11, 1025.80, 15.83, 524, 737, 963, 1066, 1058, 1046, 1194, 1293, 5000, 1751, 15061.24, 16.06, 15.59
10:32:11, 1025.90, 15.83, 520, 728, 952, 1054, 1039, 1030, 1178, 1269, 4954, 1742, 15024.46, 16.11, 15.59
10:32:12, 1025.80, 15.83, 507, 706, 923, 1023, 1017, 1009, 1156, 1244, 4855, 1727, 15036.71, 16.09, 15.59
10:32:12, 1025.80, 15.83, 507, 708, 926, 1027, 1009, 999, 1140, 1235, 4794, 1715, 15036.71, 16.09, 15.59
10:32:12, 1026.00, 15.83, 499, 697, 911, 1004, 990, 982, 1117, 1218, 4779, 1730, 15061.24, 16.06, 15.59
10:32:13, 1025.90, 15.83, 497, 694, 908, 1000, 993, 983, 1121, 1219, 4769, 1734, 15061.24, 16.06, 15.59
10:32:13, 1025.80, 15.83, 495, 692, 905, 998, 990, 980, 1118, 1217, 4760, 1733, 15085.83, 16.03, 15.59
10:32:14, 1025.90, 15.83, 494, 691, 903, 996, 988, 978, 1116, 1216, 4762, 1740, 15061.24, 16.06, 15.60
10:32:14, 1026.00, 15.83, 492, 688, 900, 992, 983, 974, 1112, 1213, 4766, 1749, 15073.53, 16.04, 15.60
10:32:14, 1026.00, 15.83, 492, 686, 898, 989, 984, 976, 1113, 1216, 4774, 1754, 15061.24, 16.06, 15.59
10:32:15, 1026.00, 15.83, 491, 686, 897, 989, 983, 975, 1113, 1217, 4761, 1755, 15061.24, 16.06, 15.59
10:32:15, 1025.90, 15.83, 491, 686, 899, 991, 986, 979, 1116, 1222, 4766, 1758, 15085.83, 16.03, 15.59
10:32:16, 1026.00, 15.83, 492, 687, 900, 993, 986, 980, 1115, 1225, 4779, 1765, 15073.53, 16.04, 15.61
10:32:16, 1026.00, 15.83, 491, 686, 899, 990, 985, 980, 1115, 1226, 4797, 1772, 15061.24, 16.06, 15.61
10:32:17, 1026.00, 15.83, 492, 687, 901, 992, 987, 982, 1117, 1230, 4807, 1777, 15061.24, 16.06, 15.63
10:32:17, 1025.80, 15.83, 494, 689, 903, 996, 990, 987, 1119, 1236, 4837, 1784, 15085.83, 16.03, 15.63
10:32:17, 1025.90, 15.83, 494, 689, 904, 997, 991, 989, 1121, 1240, 4860, 1794, 15073.53, 16.04, 15.63
10:32:18, 1025.80, 15.83, 496, 692, 906, 1000, 995, 994, 1125, 1246, 4879, 1799, 15061.24, 16.06, 15.63
10:32:18, 1025.90, 15.82, 497, 694, 909, 1003, 998, 997, 1128, 1251, 4904, 1808, 15048.97, 16.08, 15.63
10:32:19, 1026.10, 15.82, 498, 696, 912, 1006, 1001, 1001, 1131, 1257, 4933, 1822, 15073.53, 16.04, 15.60
10:32:19, 1025.70, 15.82, 498, 696, 912, 1006, 1002, 1004, 1134, 1262, 4948, 1830, 15073.53, 16.04, 15.60
10:32:19, 1025.70, 15.82, 500, 698, 915, 1009, 1004, 1006, 1136, 1266, 4964, 1837, 15048.97, 16.08, 15.60
10:32:20, 1026.00, 15.82, 501, 699, 916, 1012, 1007, 1010, 1138, 1271, 4976, 1843, 15085.83, 16.03, 15.60
10:32:20, 1025.80, 15.82, 501, 700, 917, 1013, 1009, 1012, 1141, 1276, 4990, 1850, 15085.83, 16.03, 15.60
10:32:21, 1026.00, 15.82, 501, 700, 918, 1013, 1011, 1014, 1143, 1280, 5008, 1863, 15061.24, 16.06, 15.63
10:32:21, 1026.00, 15.82, 501, 700, 919, 1014, 1012, 1015, 1146, 1285, 5027, 1877, 15048.97, 16.08, 15.63
10:32:21, 1025.70, 15.82, 502, 701, 920, 1015, 1017, 1021, 1151, 1292, 5053, 1884, 15048.97, 16.08, 15.63
10:32:22, 1025.90, 15.82, 506, 708, 929, 1025, 1025, 1030, 1159, 1301, 5104, 1898, 15036.71, 16.09, 15.62
10:32:22, 1025.80, 15.82, 508, 710, 932, 1030, 1028, 1033, 1162, 1306, 5122, 1907, 15061.24, 16.06, 15.62
10:32:23, 1026.00, 15.82, 509, 712, 933, 1031, 1030, 1036, 1164, 1309, 5150, 1919, 15061.24, 16.06, 15.62
10:32:23, 1026.00, 15.82, 511, 714, 938, 1037, 1033, 1040, 1167, 1313, 5183, 1931, 15085.83, 16.03, 15.62
10:32:24, 1025.80, 15.83, 512, 715, 939, 1038, 1036, 1043, 1170, 1316, 5209, 1941, 15048.97, 16.08, 15.62
10:32:24, 1025.70, 15.83, 513, 716, 941, 1040, 1037, 1044, 1171, 1317, 5224, 1950, 15061.24, 16.06, 15.63
10:32:24, 1026.00, 15.82, 514, 717, 941, 1041, 1039, 1046, 1174, 1319, 5213, 1942, 15036.71, 16.09, 15.63
10:32:25, 1026.10, 15.82, 514, 717, 941, 1041, 1042, 1049, 1178, 1323, 5216, 1941, 15024.46, 16.11, 15.63
10:32:25, 1025.80, 15.82, 522, 731, 958, 1062, 1064, 1069, 1201, 1348, 5282, 1953, 15073.53, 16.04, 15.63
10:32:26, 1025.90, 15.82, 524, 735, 963, 1067, 1066, 1072, 1204, 1352, 5317, 1973, 15036.71, 16.09, 15.63
10:32:26, 1026.00, 15.82, 525, 735, 965, 1068, 1068, 1073, 1207, 1355, 5310, 1967, 15024.46, 16.11, 15.64
10:32:26, 1025.80, 15.81, 526, 736, 966, 1070, 1069, 1075, 1208, 1354, 5308, 1963, 15036.71, 16.09, 15.64
10:32:27, 1025.90, 15.81, 526, 736, 966, 1070, 1069, 1075, 1208, 1354, 5305, 1960, 15048.97, 16.08, 15.65
10:32:27, 1026.00, 15.80, 525, 735, 964, 1068, 1067, 1074, 1207, 1352, 5302, 1958, 15061.24, 16.06, 15.65
10:32:28, 1025.80, 15.80, 526, 736, 967, 1070, 1071, 1078, 1211, 1359, 5332, 1977, 15073.53, 16.04, 15.65
10:32:28, 1025.90, 15.80, 528, 737, 970, 1072, 1075, 1082, 1215, 1364, 5352, 1989, 15061.24, 16.06, 15.66
10:32:28, 1026.00, 15.79, 528, 738, 970, 1073, 1075, 1082, 1215, 1364, 5343, 1981, 15012.23, 16.13, 15.66
10:32:29, 1025.90, 15.79, 529, 738, 971, 1073, 1074, 1082, 1214, 1363, 5341, 1980, 15061.24, 16.06, 15.66
10:32:29, 1025.80, 15.79, 529, 738, 971, 1074, 1075, 1083, 1215, 1363, 5344, 1981, 15061.24, 16.06, 15.66
10:32:30, 1025.90, 15.79, 529, 737, 970, 1073, 1074, 1083, 1215, 1362, 5342, 1979, 15036.71, 16.09, 15.66
10:32:30, 1025.80, 15.79, 529, 738, 972, 1073, 1076, 1085, 1217, 1367, 5357, 1994, 15061.24, 16.06, 15.65
10:32:31, 1026.10, 15.79, 529, 735, 970, 1070, 1073, 1082, 1214, 1363, 5336, 1991, 15048.97, 16.08, 15.65
10:32:31, 1025.90, 15.79, 528, 735, 969, 1069, 1073, 1081, 1214, 1362, 5314, 1978, 15073.53, 16.04, 15.63
10:32:31, 1026.10, 15.79, 528, 735, 968, 1069, 1073, 1080, 1213, 1359, 5292, 1959, 15036.71, 16.09, 15.63
10:32:32, 1025.80, 15.79, 528, 735, 969, 1069, 1071, 1079, 1212, 1355, 5286, 1953, 15048.97, 16.08, 15.63
10:32:32, 1025.70, 15.79, 527, 733, 967, 1067, 1071, 1079, 1212, 1355, 5286, 1954, 15036.71, 16.09, 15.61
10:32:33, 1025.90, 15.79, 529, 734, 969, 1069, 1071, 1079, 1212, 1357, 5304, 1969, 15048.97, 16.08, 15.61
10:32:33, 1025.90, 15.80, 528, 731, 966, 1064, 1069, 1077, 1209, 1354, 5308, 1978, 15061.24, 16.06, 15.60
10:32:33, 1025.70, 15.80, 527, 729, 964, 1062, 1066, 1074, 1208, 1348, 5282, 1964, 15012.23, 16.13, 15.60
10:32:34, 1025.90, 15.80, 525, 727, 961, 1059, 1063, 1070, 1205, 1342, 5265, 1960, 15036.71, 16.09, 15.60
10:32:34, 1025.70, 15.80, 525, 726, 960, 1058, 1063, 1071, 1206, 1343, 5256, 1955, 15024.46, 16.11, 15.63
10:32:35, 1025.80, 15.80, 525, 727, 962, 1060, 1066, 1073, 1209, 1346, 5269, 1959, 15024.46, 16.11, 15.63
10:32:35, 1025.80, 15.81, 526, 728, 963, 1061, 1067, 1076, 1211, 1351, 5277, 1969, 15036.71, 16.09, 15.63
10:32:35, 1025.90, 15.81, 527, 728, 964, 1062, 1068, 1077, 1213, 1352, 5306, 1989, 15024.46, 16.11, 15.63
10:32:36, 1025.80, 15.81, 527, 728, 964, 1062, 1070, 1078, 1215, 1352, 5300, 1982, 15012.23, 16.13, 15.63
10:32:36, 1025.90, 15.81, 527, 728, 964, 1063, 1069, 1079, 1215, 1353, 5295, 1979, 15036.71, 16.09, 15.63
10:32:37, 1026.00, 15.81, 527, 728, 965, 1064, 1070, 1080, 1216, 1355, 5307, 1987, 14975.59, 16.18, 15.63
10:32:37, 1025.80, 15.81, 528, 728, 965, 1064, 1071, 1081, 1218, 1357, 5323, 2002, 15024.46, 16.11, 15.63
10:32:38, 1025.70, 15.81, 528, 728, 966, 1064, 1073, 1083, 1221, 1360, 5319, 1997, 15012.23, 16.13, 15.63
10:32:38, 1025.90, 15.81, 540, 755, 993, 1106, 1099, 1107, 1252, 1388, 5277, 1921, 15000.00, 16.15, 15.63
10:32:38, 1026.10, 15.81, 531, 740, 974, 1084, 1083, 1089, 1237, 1364, 5251, 1931, 15000.00, 16.15, 15.63
10:32:39, 1026.00, 15.81, 532, 738, 974, 1081, 1084, 1092, 1237, 1370, 5272, 1941, 15036.71, 16.09, 15.63
10:32:39, 1025.90, 15.81, 534, 740, 979, 1084, 1091, 1100, 1244, 1382, 5295, 1948, 15012.23, 16.13, 15.63
10:32:40, 1025.70, 15.80, 532, 738, 975, 1080, 1082, 1090, 1235, 1365, 5302, 1969, 15048.97, 16.08, 15.63
10:32:40, 1026.00, 15.80, 530, 732, 969, 1071, 1076, 1083, 1229, 1355, 5325, 2001, 15024.46, 16.11, 15.63
10:32:40, 1025.90, 15.80, 531, 733, 970, 1073, 1079, 1085, 1233, 1358, 5315, 1989, 15024.46, 16.11, 15.63
10:32:41, 1025.90, 15.80, 529, 734, 969, 1076, 1080, 1086, 1237, 1361, 5167, 1885, 15048.97, 16.08, 15.63
10:32:41, 1025.80, 15.79, 528, 741, 973, 1088, 1101, 1108, 1266, 1399, 5150, 1849, 15024.46, 16.11, 15.66
10:32:42, 1025.80, 15.79, 537, 763, 995, 1128, 1114, 1127, 1287, 1422, 5187, 1857, 15024.46, 16.11, 15.66
10:32:42, 1026.00, 15.79, 537, 762, 992, 1126, 1115, 1132, 1291, 1425, 5264, 1901, 15048.97, 16.08, 15.66
10:32:42, 1026.00, 15.79, 539, 761, 994, 1126, 1115, 1133, 1290, 1426, 5301, 1922, 15024.46, 16.11, 15.67
10:32:43, 1025.90, 15.78, 540, 759, 993, 1122, 1114, 1132, 1289, 1422, 5315, 1934, 15012.23, 16.13, 15.67
10:32:43, 1026.00, 15.78, 542, 761, 997, 1126, 1118, 1138, 1293, 1430, 5361, 1955, 15012.23, 16.13, 15.70
10:32:44, 1025.90, 15.78, 543, 764, 1001, 1130, 1124, 1145, 1300, 1442, 5385, 1967, 15024.46, 16.11, 15.70
10:32:44, 1025.90, 15.78, 546, 767, 1006, 1134, 1131, 1153, 1306, 1454, 5436, 1994, 15000.00, 16.15, 15.70
10:32:45, 1025.80, 15.78, 548, 768, 1010, 1136, 1134, 1156, 1308, 1460, 5459, 2007, 15012.23, 16.13, 15.63
10:32:45, 1026.00, 15.79, 548, 767, 1009, 1135, 1128, 1150, 1303, 1451, 5443, 2007, 15012.23, 16.13, 15.63
10:32:45, 1025.90, 15.79, 547, 764, 1005, 1130, 1122, 1143, 1298, 1438, 5441, 2008, 15024.46, 16.11, 15.60
10:32:46, 1026.00, 15.79, 545, 760, 1001, 1125, 1119, 1138, 1294, 1430, 5436, 2009, 15000.00, 16.15, 15.60
10:32:46, 1025.90, 15.79, 546, 760, 1000, 1123, 1116, 1128, 1288, 1398, 5492, 1997, 15000.00, 16.15, 15.60
10:32:47, 1025.80, 15.79, 573, 821, 1057, 1195, 1245, 1256, 1440, 1553, 6341, 2842, 14975.59, 16.18, 15.57
10:32:47, 1025.90, 15.80, 579, 877, 1143, 1392, 1427, 1528, 1743, 2026, 7643, 3093, 14963.40, 16.20, 15.57
10:32:47, 1025.80, 15.80, 537, 795, 1077, 1289, 1402, 1472, 1667, 1973, 7075, 2962, 15000.00, 16.15, 15.55
10:32:48, 1025.90, 15.80, 613, 881, 1133, 1307, 1275, 1306, 1464, 1604, 5829, 2060, 15000.00, 16.15, 15.55
10:32:48, 1025.70, 15.81, 610, 881, 1129, 1307, 1300, 1335, 1499, 1652, 5918, 2089, 15012.23, 16.13, 15.55
10:32:49, 1025.80, 15.81, 586, 862, 1106, 1294, 1229, 1245, 1430, 1600, 5407, 1885, 15012.23, 16.13, 15.55
10:32:49, 1025.90, 15.81, 543, 802, 1035, 1207, 1134, 1155, 1410, 1598, 5533, 2066, 14987.79, 16.16, 15.55
10:32:49, 1025.90, 15.81, 518, 802, 1039, 1211, 1325, 1355, 1697, 1989, 6504, 2691, 14987.79, 16.16, 15.58
10:32:50, 1025.80, 15.82, 555, 855, 1113, 1316, 1383, 1422, 1793, 2090, 6850, 2863, 14987.79, 16.16, 15.58
10:32:50, 1026.00, 15.82, 597, 919, 1201, 1423, 1580, 1628, 2051, 2407, 7382, 3017, 15036.71, 16.09, 15.58
10:32:51, 1025.80, 15.82, 664, 1016, 1345, 1594, 1671, 1759, 2174, 2600, 7856, 3165, 15036.71, 16.09, 15.61
10:32:51, 1025.80, 15.82, 651, 996, 1319, 1561, 1670, 1758, 2166, 2596, 7787, 3148, 14987.79, 16.16, 15.61
10:32:52, 1025.90, 15.82, 687, 1061, 1398, 1664, 1802, 1863, 2347, 2762, 8002, 3207, 15000.00, 16.15, 15.62
10:32:52, 1026.10, 15.82, 671, 1037, 1353, 1636, 1680, 1712, 2207, 2505, 7503, 3003, 15012.23, 16.13, 15.62
10:32:52, 1025.80, 15.82, 587, 905, 1177, 1403, 1456, 1482, 1883, 2137, 6841, 2747, 15024.46, 16.11, 15.62
10:32:53, 1025.90, 15.83, 586, 904, 1176, 1402, 1568, 1582, 2037, 2288, 7156, 2846, 15024.46, 16.11, 15.62
10:32:53, 1025.90, 15.82, 1216, 1870, 2603, 3327, 2894, 2650, 4141, 3793, 8676, 3609, 15000.00, 16.15, 15.62
10:32:54, 1025.50, 15.81, 671, 965, 1271, 1513, 1371, 1380, 1616, 1761, 6183, 2164, 15012.23, 16.13, 15.63
10:32:54, 1025.60, 15.81, 621, 912, 1190, 1361, 1427, 1413, 1669, 1831, 6529, 2327, 15000.00, 16.15, 15.63
10:32:54, 1025.60, 15.82, 769, 1095, 1448, 1748, 1873, 2075, 2272, 2621, 10392, 4120, 15000.00, 16.15, 15.63
10:32:55, 1026.00, 15.82, 871, 1183, 1630, 1830, 4123, 4615, 4911, 5907, 36000, 28767, 14987.79, 16.16, 15.62
10:32:55, 1025.70, 15.82, 485, 726, 952, 1206, 1028, 1233, 1781, 2151, 6173, 2748, 15000.00, 16.15, 15.62
10:32:56, 1025.70, 15.82, 544, 837, 1090, 1299, 1376, 1361, 1679, 1878, 7605, 2932, 15000.00, 16.15, 15.63
10:32:56, 1026.00, 15.82, 629, 905, 1168, 1365, 1282, 1323, 1496, 1667, 5746, 2028, 14987.79, 16.16, 15.63
10:32:56, 1025.80, 15.82, 593, 861, 1100, 1281, 1271, 1310, 1474, 1616, 5756, 1994, 14987.79, 16.16, 15.63
10:32:57, 1025.90, 15.83, 598, 873, 1117, 1306, 1267, 1297, 1475, 1608, 5668, 1966, 15012.23, 16.13, 15.62
10:32:57, 1025.90, 15.83, 588, 864, 1104, 1293, 1254, 1256, 1468, 1576, 5476, 1896, 14939.05, 16.23, 15.62
10:32:58, 1025.80, 15.83, 576, 841, 1080, 1250, 1223, 1217, 1425, 1522, 5373, 1868, 14963.40, 16.20, 15.59
10:32:58, 1025.60, 15.83, 558, 798, 1034, 1182, 1172, 1171, 1364, 1468, 5242, 1856, 14975.59, 16.18, 15.59
10:32:59, 1025.90, 15.83, 564, 795, 1039, 1177, 1159, 1150, 1336, 1421, 5368, 1919, 14975.59, 16.18, 15.59
10:32:59, 1025.70, 15.83, 574, 820, 1067, 1219, 1221, 1218, 1420, 1533, 5336, 1838, 15024.46, 16.11, 15.59
10:32:59, 1025.70, 15.83, 577, 828, 1076, 1232, 1228, 1225, 1429, 1542, 5350, 1839, 15012.23, 16.13, 15.59
10:33:00, 1025.80, 15.83, 578, 829, 1077, 1234, 1231, 1229, 1433, 1548, 5355, 1838, 15012.23, 16.13, 15.58
10:33:00, 1025.70, 15.83, 579, 829, 1078, 1234, 1235, 1233, 1437, 1553, 5357, 1836, 14975.59, 16.18, 15.58
10:33:01, 1025.70, 15.83, 579, 831, 1080, 1237, 1220, 1214, 1415, 1518, 5374, 1851, 14987.79, 16.16, 15.58
10:33:01, 1025.80, 15.83, 573, 816, 1059, 1209, 1204, 1197, 1395, 1490, 5372, 1865, 14987.79, 16.16, 15.58
10:33:01, 1025.90, 15.83, 574, 820, 1064, 1215, 1210, 1203, 1402, 1499, 5366, 1856, 15012.23, 16.13, 15.58
10:33:02, 1025.80, 15.84, 575, 822, 1067, 1219, 1213, 1207, 1407, 1507, 5362, 1852, 14963.40, 16.20, 15.57
10:33:02, 1025.90, 15.84, 575, 823, 1067, 1220, 1214, 1207, 1407, 1507, 5359, 1851, 15000.00, 16.15, 15.57
10:33:03, 1025.80, 15.84, 577, 825, 1070, 1225, 1217, 1211, 1411, 1513, 5362, 1850, 14987.79, 16.16, 15.57
10:33:03, 1025.80, 15.84, 576, 823, 1068, 1222, 1212, 1205, 1405, 1505, 5352, 1852, 14975.59, 16.18, 15.57
10:33:03, 1025.90, 15.84, 575, 821, 1065, 1218, 1211, 1205, 1404, 1504, 5351, 1852, 15000.00, 16.15, 15.57
10:33:04, 1025.80, 15.84, 576, 822, 1067, 1220, 1212, 1206, 1404, 1505, 5347, 1850, 14975.59, 16.18, 15.59
10:33:04, 1025.80, 15.84, 576, 822, 1066, 1219, 1211, 1205, 1404, 1503, 5348, 1852, 14987.79, 16.16, 15.59
10:33:05, 1025.60, 15.84, 575, 822, 1066, 1219, 1212, 1207, 1405, 1504, 5349, 1852, 15000.00, 16.15, 15.59
10:33:05, 1025.90, 15.84, 576, 823, 1067, 1220, 1212, 1206, 1405, 1503, 5352, 1854, 14963.40, 16.20, 15.61
10:33:06, 1025.90, 15.83, 576, 822, 1066, 1219, 1210, 1204, 1403, 1501, 5348, 1854, 15000.00, 16.15, 15.61
10:33:06, 1025.70, 15.83, 575, 820, 1063, 1216, 1208, 1202, 1400, 1497, 5343, 1856, 14963.40, 16.20, 15.61
10:33:06, 1025.70, 15.83, 575, 819, 1063, 1214, 1206, 1200, 1398, 1495, 5339, 1857, 15000.00, 16.15, 15.61
10:33:07, 1025.90, 15.83, 575, 819, 1063, 1215, 1209, 1204, 1402, 1500, 5338, 1855, 14975.59, 16.18, 15.61
10:33:07, 1025.80, 15.83, 575, 820, 1063, 1216, 1208, 1202, 1400, 1497, 5340, 1858, 14987.79, 16.16, 15.62
10:33:08, 1025.80, 15.83, 575, 821, 1065, 1217, 1210, 1204, 1402, 1500, 5343, 1856, 14987.79, 16.16, 15.62
10:33:08, 1025.90, 15.83, 576, 822, 1066, 1220, 1214, 1208, 1407, 1507, 5336, 1850, 14987.79, 16.16, 15.63
10:33:08, 1025.80, 15.83, 576, 823, 1067, 1221, 1214, 1209, 1407, 1508, 5333, 1849, 14926.90, 16.25, 15.63
10:33:09, 1025.80, 15.83, 576, 822, 1066, 1219, 1213, 1208, 1406, 1508, 5329, 1849, 14951.22, 16.22, 15.63
10:33:09, 1025.90, 15.83, 578, 822, 1067, 1220, 1215, 1212, 1409, 1512, 5337, 1849, 14939.05, 16.23, 15.65
10:33:10, 1025.80, 15.83, 579, 824, 1070, 1225, 1217, 1214, 1410, 1514, 5338, 1848, 15000.00, 16.15, 15.65
10:33:10, 1025.60, 15.83, 579, 825, 1070, 1225, 1216, 1213, 1410, 1512, 5335, 1846, 14951.22, 16.22, 15.66
10:33:10, 1025.80, 15.84, 579, 824, 1070, 1225, 1220, 1218, 1417, 1518, 5344, 1841, 14963.40, 16.20, 15.66
10:33:11, 1025.70, 15.84, 583, 832, 1077, 1237, 1228, 1227, 1427, 1529, 5360, 1840, 14987.79, 16.16, 15.66
10:33:11, 1025.90, 15.84, 583, 834, 1080, 1242, 1231, 1229, 1430, 1532, 5360, 1837, 14963.40, 16.20, 15.66
10:33:12, 1025.80, 15.84, 586, 837, 1085, 1248, 1242, 1243, 1446, 1554, 5367, 1833, 14975.59, 16.18, 15.66
10:33:12, 1025.90, 15.84, 589, 841, 1092, 1255, 1248, 1249, 1451, 1564, 5367, 1831, 14987.79, 16.16, 15.68
10:33:13, 1025.90, 15.84, 591, 844, 1097, 1260, 1252, 1254, 1456, 1571, 5366, 1830, 15012.23, 16.13, 15.68
10:33:13, 1025.80, 15.84, 591, 844, 1097, 1261, 1256, 1258, 1462, 1579, 5368, 1828, 15000.00, 16.15, 15.68
10:33:13, 1025.90, 15.85, 591, 844, 1098, 1261, 1255, 1257, 1461, 1576, 5365, 1827, 14987.79, 16.16, 15.68
10:33:14, 1025.80, 15.85, 592, 844, 1098, 1261, 1252, 1254, 1456, 1572, 5361, 1831, 15000.00, 16.15, 15.68
10:33:14, 1025.80, 15.85, 590, 842, 1094, 1258, 1251, 1253, 1455, 1570, 5351, 1830, 15000.00, 16.15, 15.69
10:33:15, 1025.70, 15.85, 591, 843, 1096, 1259, 1254, 1257, 1458, 1577, 5354, 1830, 15012.23, 16.13, 15.69
10:33:15, 1025.90, 15.85, 590, 841, 1093, 1256, 1247, 1250, 1449, 1565, 5342, 1834, 14975.59, 16.18, 15.69
10:33:15, 1026.00, 15.85, 589, 838, 1090, 1250, 1240, 1243, 1440, 1555, 5336, 1840, 14987.79, 16.16, 15.70
10:33:16, 1025.90, 15.85, 588, 836, 1087, 1247, 1242, 1246, 1444, 1560, 5337, 1840, 14975.59, 16.18, 15.70
10:33:16, 1025.80, 15.85, 588, 836, 1088, 1249, 1242, 1245, 1444, 1557, 5338, 1838, 14987.79, 16.16, 15.70
10:33:17, 1026.00, 15.85, 589, 839, 1090, 1252, 1245, 1248, 1448, 1562, 5337, 1832, 14987.79, 16.16, 15.70
10:33:17, 1025.70, 15.85, 589, 841, 1092, 1255, 1248, 1251, 1452, 1566, 5340, 1828, 14963.40, 16.20, 15.70
10:33:17, 1025.60, 15.85, 589, 842, 1092, 1256, 1247, 1251, 1450, 1565, 5343, 1833, 14963.40, 16.20, 15.70
10:33:18, 1025.80, 15.85, 591, 844, 1096, 1261, 1257, 1261, 1464, 1583, 5357, 1835, 14975.59, 16.18, 15.70
10:33:18, 1025.90, 15.85, 593, 847, 1100, 1267, 1260, 1265, 1468, 1587, 5361, 1838, 14963.40, 16.20, 15.70
10:33:19, 1025.60, 15.85, 591, 846, 1098, 1265, 1254, 1258, 1460, 1579, 5355, 1841, 14987.79, 16.16, 15.70
10:33:19, 1025.70, 15.85, 589, 841, 1091, 1256, 1249, 1253, 1455, 1571, 5349, 1843, 14975.59, 16.18, 15.70
10:33:20, 1025.60, 15.85, 589, 842, 1092, 1256, 1247, 1251, 1452, 1568, 5348, 1846, 14926.90, 16.25, 15.69
10:33:20, 1025.70, 15.85, 588, 841, 1091, 1256, 1249, 1253, 1455, 1572, 5345, 1845, 14975.59, 16.18, 15.69
10:33:20, 1025.90, 15.85, 588, 840, 1091, 1256, 1246, 1251, 1452, 1568, 5342, 1849, 14963.40, 16.20, 15.69
10:33:21, 1026.00, 15.85, 587, 838, 1087, 1250, 1243, 1247, 1448, 1563, 5338, 1850, 14975.59, 16.18, 15.69
10:33:21, 1025.70, 15.85, 586, 836, 1084, 1247, 1236, 1240, 1439, 1551, 5334, 1854, 14963.40, 16.20, 15.69
10:33:22, 1025.60, 15.85, 584, 833, 1080, 1240, 1231, 1233, 1432, 1542, 5333, 1858, 14951.22, 16.22, 15.69
10:33:22, 1025.90, 15.85, 583, 831, 1078, 1237, 1228, 1230, 1427, 1537, 5335, 1862, 14951.22, 16.22, 15.69
10:33:22, 1025.80, 15.85, 583, 831, 1078, 1237, 1230, 1232, 1431, 1541, 5337, 1865, 14951.22, 16.22, 15.70
10:33:23, 1025.80, 15.85, 584, 831, 1079, 1238, 1230, 1232, 1430, 1540, 5340, 1868, 14987.79, 16.16, 15.70
10:33:23, 1025.70, 15.85, 584, 831, 1079, 1238, 1230, 1232, 1430, 1539, 5341, 1869, 14987.79, 16.16, 15.70
10:33:24, 1025.90, 15.85, 584, 830, 1078, 1236, 1229, 1230, 1428, 1537, 5342, 1872, 14975.59, 16.18, 15.70
10:33:24, 1026.00, 15.85, 584, 831, 1079, 1237, 1231, 1232, 1431, 1541, 5343, 1871, 15000.00, 16.15, 15.70
10:33:24, 1025.80, 15.85, 584, 831, 1079, 1237, 1229, 1229, 1428, 1536, 5346, 1875, 14987.79, 16.16, 15.72
10:33:25, 1025.90, 15.85, 583, 830, 1078, 1235, 1229, 1230, 1428, 1536, 5348, 1878, 14975.59, 16.18, 15.72
10:33:25, 1025.70, 15.85, 584, 831, 1079, 1237, 1231, 1232, 1430, 1539, 5355, 1882, 14939.05, 16.23, 15.72
10:33:26, 1025.90, 15.86, 585, 831, 1080, 1237, 1230, 1231, 1429, 1538, 5358, 1885, 14975.59, 16.18, 15.72
10:33:26, 1025.80, 15.86, 584, 831, 1079, 1236, 1227, 1228, 1427, 1533, 5361, 1889, 14975.59, 16.18, 15.72
10:33:27, 1025.80, 15.86, 583, 829, 1077, 1232, 1225, 1224, 1423, 1527, 5361, 1892, 14963.40, 16.20, 15.73
10:33:27, 1025.80, 15.86, 582, 827, 1074, 1230, 1222, 1221, 1420, 1523, 5369, 1899, 14939.05, 16.23, 15.73
10:33:27, 1025.80, 15.86, 583, 829, 1076, 1232, 1228, 1227, 1427, 1532, 5373, 1898, 14951.22, 16.22, 15.73
10:33:28, 1025.70, 15.86, 585, 834, 1082, 1241, 1231, 1231, 1431, 1536, 5377, 1895, 14951.22, 16.22, 15.74
10:33:28, 1025.70, 15.86, 584, 832, 1080, 1238, 1231, 1230, 1431, 1536, 5381, 1898, 14975.59, 16.18, 15.74
10:33:29, 1025.60, 15.86, 584, 832, 1080, 1238, 1228, 1227, 1428, 1531, 5385, 1902, 14975.59, 16.18, 15.73
10:33:29, 1025.90, 15.86, 583, 831, 1079, 1236, 1228, 1227, 1428, 1531, 5392, 1906, 14951.22, 16.22, 15.73
10:33:29, 1025.60, 15.86, 584, 833, 1081, 1240, 1233, 1232, 1434, 1540, 5396, 1910, 14975.59, 16.18, 15.73
10:33:30, 1025.90, 15.85, 585, 832, 1081, 1239, 1232, 1232, 1435, 1539, 5404, 1919, 14975.59, 16.18, 15.72
10:33:30, 1025.80, 15.85, 585, 833, 1081, 1240, 1235, 1235, 1439, 1544, 5412, 1928, 14939.05, 16.23, 15.72
10:33:31, 1025.90, 15.85, 586, 835, 1084, 1244, 1238, 1239, 1442, 1549, 5419, 1930, 14963.40, 16.20, 15.73
10:33:31, 1025.70, 15.86, 585, 833, 1082, 1241, 1233, 1234, 1438, 1540, 5424, 1940, 14975.59, 16.18, 15.73
10:33:31, 1025.80, 15.85, 584, 831, 1080, 1238, 1232, 1231, 1435, 1536, 5437, 1952, 14963.40, 16.20, 15.73
10:33:32, 1025.80, 15.85, 585, 832, 1081, 1241, 1237, 1237, 1443, 1546, 5440, 1953, 14963.40, 16.20, 15.73
10:33:32, 1025.90, 15.85, 588, 839, 1088, 1253, 1247, 1251, 1456, 1565, 5449, 1953, 14939.05, 16.23, 15.73
10:33:33, 1025.90, 15.85, 589, 839, 1090, 1254, 1250, 1254, 1460, 1569, 5468, 1967, 14951.22, 16.22, 15.73
10:33:33, 1025.70, 15.85, 590, 841, 1092, 1258, 1253, 1258, 1464, 1577, 5475, 1972, 14987.79, 16.16, 15.73
10:33:34, 1025.60, 15.84, 590, 842, 1094, 1261, 1257, 1263, 1469, 1585, 5481, 1976, 14963.40, 16.20, 15.73
10:33:34, 1025.90, 15.84, 592, 844, 1097, 1265, 1260, 1267, 1474, 1589, 5490, 1981, 14939.05, 16.23, 15.73
10:33:34, 1025.80, 15.84, 592, 844, 1097, 1265, 1260, 1267, 1475, 1590, 5499, 1988, 14963.40, 16.20, 15.73
10:33:35, 1025.50, 15.83, 592, 844, 1097, 1265, 1259, 1264, 1472, 1587, 5510, 2002, 14951.22, 16.22, 15.72
10:33:35, 1025.90, 15.83, 591, 838, 1093, 1255, 1254, 1257, 1465, 1577, 5536, 2036, 14926.90, 16.25, 15.72
10:33:36, 1025.80, 15.83, 590, 837, 1091, 1252, 1251, 1254, 1462, 1573, 5543, 2047, 14926.90, 16.25, 15.72
10:33:36, 1026.00, 15.82, 590, 837, 1092, 1253, 1252, 1255, 1463, 1573, 5552, 2052, 14951.22, 16.22, 15.73
10:33:36, 1025.70, 15.82, 590, 836, 1092, 1251, 1252, 1253, 1462, 1572, 5562, 2061, 14939.05, 16.23, 15.73
10:33:37, 1025.70, 15.81, 591, 837, 1094, 1253, 1253, 1255, 1464, 1574, 5567, 2063, 14963.40, 16.20, 15.71
10:33:37, 1025.70, 15.81, 591, 837, 1093, 1252, 1253, 1255, 1464, 1572, 5581, 2075, 14951.22, 16.22, 15.71
10:33:38, 1025.70, 15.81, 592, 837, 1094, 1253, 1256, 1258, 1468, 1578, 5602, 2088, 14963.40, 16.20, 15.71
10:33:38, 1025.80, 15.81, 593, 839, 1097, 1257, 1259, 1261, 1471, 1582, 5610, 2092, 14939.05, 16.23, 15.71
10:33:38, 1025.90, 15.80, 593, 840, 1098, 1258, 1259, 1261, 1472, 1581, 5614, 2095, 14951.22, 16.22, 15.71
10:33:39, 1025.70, 15.80, 593, 839, 1097, 1256, 1257, 1257, 1469, 1577, 5630, 2109, 14975.59, 16.18, 15.68
10:33:39, 1025.90, 15.80, 593, 837, 1096, 1254, 1255, 1256, 1467, 1572, 5648, 2125, 14951.22, 16.22, 15.68
10:33:40, 1025.80, 15.80, 593, 836, 1095, 1251, 1254, 1253, 1466, 1569, 5673, 2147, 14975.59, 16.18, 15.68
10:33:40, 1025.90, 15.79, 593, 836, 1096, 1253, 1258, 1258, 1471, 1577, 5688, 2157, 14951.22, 16.22, 15.70
10:33:41, 1025.70, 15.80, 595, 838, 1099, 1255, 1264, 1265, 1479, 1586, 5724, 2183, 14963.40, 16.20, 15.70
10:33:41, 1025.90, 15.80, 598, 842, 1105, 1263, 1269, 1272, 1486, 1596, 5734, 2186, 14963.40, 16.20, 15.71
10:33:41, 1025.90, 15.79, 598, 841, 1105, 1262, 1268, 1271, 1485, 1593, 5745, 2194, 14939.05, 16.23, 15.71
10:33:42, 1025.80, 15.80, 598, 841, 1105, 1262, 1269, 1270, 1485, 1594, 5754, 2201, 14914.76, 16.27, 15.71
10:33:42, 1025.70, 15.79, 598, 842, 1106, 1264, 1269, 1269, 1485, 1591, 5749, 2198, 14975.59, 16.18, 15.69
10:33:43, 1025.80, 15.80, 597, 841, 1104, 1261, 1267, 1267, 1483, 1590, 5733, 2185, 14939.05, 16.23, 15.69
10:33:43, 1026.00, 15.80, 597, 842, 1104, 1262, 1268, 1267, 1484, 1589, 5723, 2181, 14951.22, 16.22, 15.70
10:33:43, 1025.70, 15.80, 599, 843, 1107, 1265, 1272, 1272, 1490, 1598, 5760, 2213, 14914.76, 16.27, 15.70
10:33:44, 1025.80, 15.79, 598, 841, 1106, 1261, 1271, 1269, 1487, 1593, 5781, 2224, 14939.05, 16.23, 15.70
10:33:44, 1025.80, 15.79, 603, 848, 1115, 1274, 1290, 1294, 1510, 1629, 5779, 2204, 14951.22, 16.22, 15.69
10:33:45, 1025.70, 15.80, 613, 864, 1135, 1303, 1319, 1331, 1547, 1684, 5782, 2179, 14902.63, 16.28, 15.69
10:33:45, 1025.70, 15.80, 621, 881, 1155, 1332, 1347, 1365, 1583, 1733, 5788, 2157, 14963.40, 16.20, 15.67
10:33:45, 1025.60, 15.80, 623, 886, 1162, 1342, 1344, 1359, 1580, 1724, 5771, 2149, 14914.76, 16.27, 15.67
10:33:46, 1025.80, 15.80, 620, 877, 1153, 1325, 1334, 1345, 1567, 1706, 5784, 2175, 14963.40, 16.20, 15.67
10:33:46, 1025.90, 15.80, 619, 874, 1150, 1321, 1333, 1344, 1565, 1703, 5786, 2175, 14939.05, 16.23, 15.70
10:33:47, 1025.80, 15.80, 620, 876, 1152, 1324, 1333, 1344, 1566, 1704, 5794, 2179, 14914.76, 16.27, 15.70
10:33:47, 1025.80, 15.80, 619, 874, 1150, 1321, 1330, 1339, 1562, 1697, 5794, 2183, 14914.76, 16.27, 15.72
10:33:48, 1025.80, 15.80, 617, 872, 1147, 1315, 1326, 1335, 1557, 1689, 5803, 2192, 14939.05, 16.23, 15.72
10:33:48, 1025.80, 15.81, 617, 871, 1146, 1315, 1329, 1338, 1561, 1695, 5810, 2200, 14914.76, 16.27, 15.72
10:33:48, 1025.80, 15.81, 619, 873, 1150, 1319, 1333, 1341, 1566, 1700, 5827, 2211, 14951.22, 16.22, 15.72
10:33:49, 1025.80, 15.81, 618, 873, 1148, 1318, 1328, 1336, 1560, 1692, 5830, 2219, 14963.40, 16.20, 15.72
10:33:49, 1025.90, 15.81, 617, 871, 1147, 1315, 1328, 1336, 1561, 1692, 5841, 2226, 14939.05, 16.23, 15.73
10:33:50, 1025.80, 15.81, 618, 872, 1148, 1316, 1329, 1336, 1562, 1693, 5851, 2232, 14914.76, 16.27, 15.73
10:33:50, 1025.60, 15.81, 617, 870, 1146, 1313, 1326, 1331, 1556, 1686, 5845, 2229, 14926.90, 16.25, 15.73
10:33:50, 1025.80, 15.82, 616, 870, 1145, 1312, 1326, 1332, 1557, 1686, 5850, 2232, 14951.22, 16.22, 15.74
10:33:51, 1025.70, 15.82, 618, 872, 1149, 1317, 1333, 1340, 1566, 1699, 5878, 2247, 14939.05, 16.23, 15.74
10:33:51, 1025.80, 15.82, 618, 873, 1151, 1319, 1333, 1340, 1566, 1699, 5880, 2248, 14939.05, 16.23, 15.75
10:33:52, 1025.80, 15.82, 618, 872, 1149, 1317, 1330, 1336, 1562, 1693, 5880, 2249, 14939.05, 16.23, 15.75
10:33:52, 1025.90, 15.82, 617, 871, 1148, 1314, 1328, 1333, 1560, 1689, 5883, 2252, 14914.76, 16.27, 15.75
10:33:52, 1025.70, 15.82, 617, 871, 1149, 1314, 1330, 1335, 1563, 1693, 5904, 2268, 14926.90, 16.25, 15.76
10:33:53, 1025.70, 15.82, 617, 871, 1148, 1314, 1329, 1332, 1560, 1689, 5908, 2274, 14951.22, 16.22, 15.76
10:33:53, 1025.90, 15.82, 617, 870, 1147, 1312, 1327, 1331, 1559, 1687, 5922, 2284, 14914.76, 16.27, 15.74
10:33:54, 1025.90, 15.82, 616, 869, 1146, 1311, 1326, 1328, 1556, 1683, 5927, 2288, 14914.76, 16.27, 15.74
10:33:54, 1025.80, 15.82, 615, 867, 1143, 1307, 1322, 1324, 1551, 1676, 5934, 2294, 14939.05, 16.23, 15.74
10:33:55, 1025.70, 15.82, 616, 868, 1144, 1309, 1325, 1327, 1555, 1682, 5951, 2305, 14914.76, 16.27, 15.73
10:33:55, 1025.80, 15.82, 617, 870, 1147, 1312, 1329, 1332, 1561, 1689, 5980, 2323, 14926.90, 16.25, 15.73
10:33:55, 1025.70, 15.82, 619, 872, 1151, 1316, 1330, 1334, 1562, 1692, 6019, 2353, 14902.63, 16.28, 15.73
10:33:56, 1025.70, 15.82, 619, 869, 1148, 1312, 1328, 1332, 1560, 1687, 6085, 2393, 14926.90, 16.25, 15.73
10:33:56, 1025.70, 15.82, 618, 868, 1147, 1309, 1322, 1325, 1552, 1675, 6163, 2447, 14890.51, 16.30, 15.73
10:33:57, 1025.70, 15.82, 609, 855, 1130, 1286, 1291, 1286, 1513, 1618, 6149, 2444, 14914.76, 16.27, 15.70
10:33:57, 1025.70, 15.82, 600, 845, 1113, 1267, 1277, 1269, 1497, 1591, 6100, 2411, 14939.05, 16.23, 15.70
10:33:57, 1025.80, 15.82, 599, 845, 1112, 1268, 1280, 1274, 1502, 1598, 6108, 2412, 14902.63, 16.28, 15.68
10:33:58, 1025.70, 15.82, 602, 849, 1119, 1274, 1292, 1288, 1517, 1621, 6151, 2436, 14951.22, 16.22, 15.68
10:33:58, 1025.50, 15.82, 605, 851, 1122, 1279, 1292, 1287, 1516, 1620, 6209, 2484, 14914.76, 16.27, 15.68
10:33:59, 1025.60, 15.81, 604, 850, 1121, 1276, 1293, 1289, 1518, 1622, 6240, 2501, 14914.76, 16.27, 15.67
10:33:59, 1025.60, 15.81, 608, 854, 1128, 1284, 1303, 1301, 1529, 1638, 6258, 2502, 14914.76, 16.27, 15.67
10:33:59, 1025.80, 15.81, 612, 862, 1138, 1297, 1317, 1318, 1546, 1663, 6293, 2511, 14914.76, 16.27, 15.66
10:34:00, 1025.60, 15.81, 618, 869, 1148, 1309, 1331, 1336, 1563, 1690, 6364, 2548, 14926.90, 16.25, 15.66
10:34:00, 1025.60, 15.81, 623, 875, 1157, 1321, 1342, 1349, 1575, 1708, 6392, 2555, 14902.63, 16.28, 15.66
10:34:01, 1025.80, 15.81, 624, 877, 1159, 1324, 1340, 1347, 1572, 1705, 6408, 2561, 14914.76, 16.27, 15.64
10:34:01, 1025.70, 15.81, 624, 876, 1158, 1321, 1338, 1346, 1569, 1701, 6428, 2570, 14902.63, 16.28, 15.64
10:34:02, 1025.60, 15.81, 622, 874, 1156, 1316, 1332, 1339, 1561, 1689, 6433, 2577, 14878.40, 16.32, 15.61
10:34:02, 1025.70, 15.81, 623, 874, 1155, 1317, 1338, 1346, 1569, 1700, 6463, 2596, 14902.63, 16.28, 15.61
10:34:02, 1025.80, 15.81, 627, 879, 1163, 1327, 1345, 1356, 1578, 1716, 6517, 2625, 14926.90, 16.25, 15.61
10:34:03, 1025.70, 15.82, 624, 876, 1159, 1320, 1333, 1341, 1564, 1693, 6522, 2631, 14926.90, 16.25, 15.62
10:34:03, 1025.60, 15.81, 623, 871, 1153, 1312, 1328, 1336, 1557, 1684, 6545, 2653, 14902.63, 16.28, 15.62
10:34:04, 1025.80, 15.81, 620, 869, 1150, 1309, 1323, 1328, 1551, 1674, 6525, 2644, 14878.40, 16.32, 15.61
10:34:04, 1025.70, 15.82, 606, 852, 1122, 1278, 1272, 1268, 1494, 1585, 6298, 2506, 14902.63, 16.28, 15.61
10:34:04, 1025.80, 15.82, 593, 831, 1096, 1242, 1253, 1249, 1470, 1564, 6407, 2648, 14951.22, 16.22, 15.61
10:34:05, 1025.60, 15.82, 589, 809, 1092, 1224, 1262, 1271, 1486, 1651, 6445, 2854, 14902.63, 16.28, 15.61
10:34:05, 1025.70, 15.82, 573, 778, 1065, 1186, 1231, 1237, 1457, 1622, 6496, 2938, 14902.63, 16.28, 15.61
10:34:06, 1025.70, 15.82, 573, 779, 1062, 1186, 1234, 1242, 1463, 1622, 6398, 2865, 14914.76, 16.27, 15.63
10:34:06, 1025.70, 15.83, 575, 782, 1065, 1192, 1243, 1252, 1476, 1637, 6359, 2839, 14926.90, 16.25, 15.63
10:34:06, 1025.70, 15.82, 583, 794, 1081, 1214, 1279, 1292, 1526, 1692, 6363, 2817, 14890.51, 16.30, 15.63
10:34:07, 1025.70, 15.83, 601, 823, 1118, 1268, 1311, 1329, 1569, 1745, 6557, 2908, 14926.90, 16.25, 15.63
10:34:07, 1025.70, 15.83, 601, 825, 1121, 1268, 1329, 1349, 1592, 1775, 6580, 2915, 14878.40, 16.32, 15.63
10:34:08, 1025.70, 15.83, 611, 841, 1141, 1299, 1354, 1377, 1630, 1816, 6630, 2937, 14939.05, 16.23, 15.63
10:34:08, 1025.80, 15.83, 615, 847, 1150, 1310, 1362, 1386, 1641, 1828, 6701, 2974, 14914.76, 16.27, 15.63
10:34:09, 1025.70, 15.83, 618, 850, 1154, 1316, 1367, 1391, 1648, 1835, 6823, 3041, 14914.76, 16.27, 15.63
10:34:09, 1025.50, 15.84, 618, 849, 1153, 1314, 1365, 1389, 1646, 1833, 6843, 3052, 14878.40, 16.32, 15.65
10:34:09, 1025.80, 15.84, 619, 851, 1157, 1318, 1374, 1398, 1659, 1849, 6906, 3088, 14902.63, 16.28, 15.65
10:34:10, 1025.70, 15.84, 620, 854, 1160, 1324, 1377, 1402, 1665, 1855, 6918, 3096, 14902.63, 16.28, 15.63
10:34:10, 1025.80, 15.84, 620, 853, 1159, 1322, 1378, 1402, 1665, 1854, 6926, 3098, 14914.76, 16.27, 15.63
10:34:11, 1025.80, 15.84, 621, 855, 1161, 1326, 1381, 1405, 1671, 1859, 6941, 3109, 14926.90, 16.25, 15.63
10:34:11, 1025.60, 15.84, 622, 855, 1163, 1327, 1382, 1404, 1673, 1859, 7054, 3165, 14914.76, 16.27, 15.64
10:34:11, 1025.60, 15.84, 622, 856, 1163, 1328, 1385, 1406, 1677, 1862, 7052, 3161, 14878.40, 16.32, 15.64
10:34:12, 1025.70, 15.85, 621, 855, 1162, 1326, 1384, 1405, 1677, 1862, 7065, 3173, 14878.40, 16.32, 15.64
10:34:12, 1026.00, 15.85, 622, 857, 1165, 1331, 1390, 1411, 1687, 1872, 7108, 3197, 14902.63, 16.28, 15.64
10:34:13, 1025.70, 15.85, 624, 859, 1168, 1335, 1391, 1412, 1689, 1874, 7101, 3195, 14914.76, 16.27, 15.64
10:34:13, 1025.70, 15.85, 623, 859, 1168, 1334, 1395, 1416, 1694, 1881, 7120, 3205, 14866.31, 16.34, 15.63
10:34:13, 1025.80, 15.85, 624, 861, 1170, 1336, 1397, 1418, 1695, 1886, 7165, 3233, 14902.63, 16.28, 15.63
10:34:14, 1025.80, 15.86, 624, 861, 1170, 1337, 1400, 1422, 1702, 1891, 7232, 3269, 14890.51, 16.30, 15.63
10:34:14, 1025.70, 15.85, 624, 861, 1171, 1338, 1392, 1412, 1688, 1876, 7155, 3224, 14914.76, 16.27, 15.63
10:34:15, 1025.60, 15.86, 622, 858, 1166, 1331, 1385, 1405, 1681, 1866, 7126, 3212, 14890.51, 16.30, 15.63
10:34:15, 1025.80, 15.86, 617, 851, 1158, 1318, 1366, 1383, 1652, 1840, 7071, 3196, 14939.05, 16.23, 15.61
10:34:16, 1025.70, 15.86, 558, 767, 1046, 1170, 1131, 1142, 1342, 1538, 6005, 2756, 14890.51, 16.30, 15.61
10:34:16, 1025.80, 15.86, 350, 466, 638, 697, 645, 657, 807, 904, 4434, 2089, 14842.16, 16.37, 15.60
10:34:16, 1025.70, 15.86, 275, 382, 503, 576, 574, 584, 755, 789, 4536, 2091, 14914.76, 16.27, 15.60
10:34:17, 1025.90, 15.86, 251, 357, 463, 538, 531, 538, 714, 734, 4334, 2039, 14914.76, 16.27, 15.60
10:34:17, 1025.90, 15.87, 214, 300, 393, 462, 460, 466, 645, 664, 3990, 1973, 14914.76, 16.27, 15.61
10:34:18, 1025.70, 15.87, 204, 286, 373, 441, 438, 444, 628, 648, 3909, 1975, 14878.40, 16.32, 15.61
10:34:18, 1025.80, 15.87, 195, 272, 355, 423, 430, 444, 619, 654, 3814, 1947, 14890.51, 16.30, 15.62
10:34:18, 1025.80, 15.87, 302, 426, 561, 646, 1015, 1023, 1220, 1366, 4460, 1939, 14902.63, 16.28, 15.62
10:34:19, 1025.80, 15.87, 635, 952, 1229, 1483, 1565, 1682, 1891, 2172, 8944, 3434, 14926.90, 16.25, 15.62
10:34:19, 1025.80, 15.87, 508, 767, 1027, 1185, 1142, 1213, 1453, 1755, 8634, 3716, 14902.63, 16.28, 15.64
10:34:20, 1025.60, 15.88, 366, 551, 735, 862, 717, 772, 1044, 1191, 5880, 2610, 14830.10, 16.39, 15.64
10:34:20, 1024.40, 15.85, 325, 480, 636, 749, 687, 752, 1019, 1171, 5514, 2484, 14890.51, 16.30, 15.62
10:34:20, 1025.40, 15.86, 144, 204, 288, 336, 248, 277, 479, 577, 2439, 1457, 14890.51, 16.30, 15.62
10:34:21, 1025.30, 15.86, 77, 90, 116, 153, 245, 329, 419, 530, 2126, 1448, 14854.23, 16.35, 15.55
10:34:21, 1025.30, 15.87, 378, 552, 739, 975, 1286, 1370, 1702, 2081, 5338, 2615, 14866.31, 16.34, 15.55
10:34:22, 1025.20, 15.86, 505, 699, 944, 1105, 1185, 1334, 1494, 1868, 4568, 2140, 14914.76, 16.27, 15.55
10:34:22, 1025.40, 15.86, 467, 642, 863, 1101, 1113, 1289, 1547, 1735, 5808, 2828, 14890.51, 16.30, 15.56
10:34:23, 1025.50, 15.86, 400, 576, 770, 1020, 874, 913, 1214, 1253, 5567, 3031, 14902.63, 16.28, 15.56
10:34:23, 1025.40, 15.86, 358, 479, 696, 810, 868, 893, 1151, 1230, 7619, 4253, 14866.31, 16.34, 15.51
10:34:23, 1025.60, 15.86, 394, 509, 729, 828, 887, 982, 1121, 1318, 7375, 3662, 14854.23, 16.35, 15.51
10:34:24, 1025.50, 15.86, 425, 592, 788, 971, 1032, 1122, 1361, 1540, 6950, 3156, 14854.23, 16.35, 15.51
10:34:24, 1025.30, 15.85, 387, 564, 744, 928, 1003, 1055, 1295, 1481, 5450, 2391, 14866.31, 16.34, 15.38
10:34:25, 1025.30, 15.85, 395, 563, 753, 873, 937, 955, 1116, 1276, 4609, 1972, 14842.16, 16.37, 15.38
10:34:25, 1025.40, 15.85, 505, 682, 932, 1135, 1332, 1518, 1754, 2107, 5838, 2669, 14866.31, 16.34, 15.32
10:34:25, 1025.30, 15.85, 503, 691, 911, 1162, 1060, 1175, 1398, 1511, 5681, 2517, 14866.31, 16.34, 15.32
10:34:26, 1025.20, 15.84, 572, 848, 1147, 1479, 1837, 1928, 2514, 2782, 13095, 6994, 14878.40, 16.32, 15.32
10:34:26, 1025.40, 15.84, 591, 869, 1219, 1462, 1734, 1761, 2327, 2594, 13805, 7490, 14890.51, 16.30, 15.27
10:34:27, 1025.50, 15.83, 885, 1221, 1768, 2072, 2035, 2111, 2633, 3014, 16122, 8625, 14866.31, 16.34, 15.27
10:34:27, 1025.60, 15.83, 809, 1075, 1574, 1787, 2060, 2193, 2613, 3092, 16548, 8767, 14866.31, 16.34, 15.14
10:34:27, 1025.70, 15.82, 1086, 1430, 2147, 2455, 2554, 2763, 3274, 3937, 21645, 11246, 14890.51, 16.30, 15.14
10:34:28, 1025.60, 15.82, 821, 1071, 1598, 1795, 2115, 2228, 2690, 3122, 17771, 9534, 14842.16, 16.37, 15.14
10:34:28, 1025.70, 15.81, 904, 1230, 1810, 2089, 2186, 2254, 2858, 3244, 18072, 9885, 14878.40, 16.32, 15.02
10:34:29, 1025.80, 15.81, 654, 994, 1387, 1673, 1877, 1863, 2550, 2692, 13422, 6894, 14854.23, 16.35, 15.02
10:34:29, 1025.80, 15.80, 576, 894, 1204, 1545, 1620, 1642, 2219, 2279, 9870, 4779, 14890.51, 16.30, 14.87
10:34:30, 1025.90, 15.80, 563, 864, 1138, 1502, 1590, 1717, 2181, 2331, 8299, 3757, 14878.40, 16.32, 14.87
10:34:30, 1025.70, 15.79, 601, 892, 1171, 1559, 1592, 1799, 2151, 2413, 7045, 3037, 14866.31, 16.34, 14.87
10:34:30, 1025.90, 15.79, 651, 929, 1243, 1602, 1595, 1845, 2074, 2470, 6080, 2505, 14866.31, 16.34, 14.77
10:34:31, 1025.90, 15.79, 668, 927, 1261, 1561, 1601, 1836, 2003, 2478, 5824, 2429, 14854.23, 16.35, 14.77
10:34:31, 1025.70, 15.79, 696, 960, 1323, 1576, 1686, 1861, 2046, 2578, 6011, 2562, 14866.31, 16.34, 14.70
10:34:32, 1025.90, 15.79, 718, 1009, 1399, 1632, 1851, 1947, 2245, 2787, 6577, 2854, 14878.40, 16.32, 14.70
10:34:32, 1026.40, 15.77, 731, 1065, 1464, 1730, 1935, 1988, 2403, 2880, 7273, 3235, 14890.51, 16.30, 14.70
10:34:32, 1027.20, 15.57, 736, 1099, 1497, 1799, 2021, 2068, 2567, 2989, 8165, 3677, 14890.51, 16.30, 12.67
10:34:33, 1027.40, 15.26, 730, 1115, 1501, 1847, 2013, 2076, 2607, 2979, 8719, 3963, 14866.31, 16.34, 12.67
10:34:33, 1027.20, 15.00, 728, 1124, 1493, 1888, 2066, 2184, 2722, 3100, 9750, 4429, 14866.31, 16.34, 10.74
10:34:34, 1027.60, 14.79, 770, 1172, 1551, 1996, 2061, 2262, 2730, 3140, 11173, 5078, 14902.63, 16.28, 10.74
10:34:34, 1028.30, 14.64, 787, 1146, 1540, 1959, 2025, 2287, 2632, 3125, 13023, 6045, 14854.23, 16.35, 10.74
10:34:34, 1028.10, 14.50, 815, 1146, 1584, 1936, 2018, 2277, 2554, 3121, 14533, 7045, 14902.63, 16.28, 9.85
10:34:35, 1028.60, 14.35, 768, 1063, 1506, 1760, 1917, 2101, 2380, 2916, 14972, 7650, 14866.31, 16.34, 9.85
10:34:35, 1028.50, 14.24, 758, 1051, 1501, 1719, 1925, 2065, 2383, 2891, 15043, 7846, 14878.40, 16.32, 9.62
10:34:36, 1028.60, 14.14, 746, 1044, 1495, 1700, 1876, 1983, 2326, 2781, 14691, 7759, 14890.51, 16.30, 9.62
10:34:36, 1028.80, 14.06, 732, 1029, 1473, 1673, 1851, 1945, 2296, 2729, 14434, 7655, 14914.76, 16.27, 9.62
10:34:37, 1028.50, 14.00, 694, 989, 1433, 1651, 1750, 1843, 2187, 2615, 13884, 7375, 14902.63, 16.28, 9.59
10:34:37, 1028.90, 13.93, 719, 1006, 1442, 1635, 1672, 1748, 2086, 2421, 12960, 6665, 14890.51, 16.30, 9.59
10:34:37, 1028.80, 13.86, 866, 1202, 1750, 1960, 2155, 2293, 2622, 3189, 16739, 8518, 14890.51, 16.30, 9.52
10:34:38, 1028.60, 13.78, 856, 1209, 1747, 1966, 2008, 2122, 2453, 2937, 15885, 7815, 14914.76, 16.27, 9.52
10:34:38, 1028.90, 13.72, 867, 1183, 1726, 1939, 2146, 2313, 2609, 3202, 16801, 8492, 14902.63, 16.28, 9.52
10:34:39, 1028.80, 13.67, 862, 1195, 1735, 1957, 2176, 2353, 2647, 3268, 16981, 8294, 14866.31, 16.34, 9.48
10:34:39, 1028.70, 13.63, 870, 1175, 1711, 1933, 2156, 2362, 2622, 3242, 16895, 8402, 14890.51, 16.30, 9.48
10:34:39, 1028.80, 13.55, 896, 1212, 1756, 1993, 2261, 2488, 2754, 3440, 17356, 8703, 14914.76, 16.27, 9.47
10:34:40, 1028.60, 13.51, 895, 1228, 1774, 2031, 2198, 2445, 2678, 3335, 16894, 8160, 14902.63, 16.28, 9.47
10:34:40, 1028.50, 13.48, 899, 1213, 1755, 2007, 2303, 2555, 2816, 3528, 17418, 8640, 14890.51, 16.30, 9.47
10:34:41, 1028.60, 13.44, 881, 1201, 1736, 1987, 2218, 2458, 2710, 3383, 17080, 8201, 14914.76, 16.27, 9.45
10:34:41, 1028.60, 13.39, 900, 1215, 1758, 2015, 2207, 2460, 2692, 3361, 17040, 8477, 14926.90, 16.25, 9.45
10:34:41, 1028.90, 13.36, 879, 1197, 1736, 1979, 2171, 2377, 2656, 3298, 16899, 8110, 14914.76, 16.27, 9.45
10:34:42, 1028.80, 13.31, 896, 1217, 1766, 2014, 2217, 2449, 2699, 3362, 17204, 8499, 14951.22, 16.22, 9.45
10:34:42, 1028.70, 13.27, 858, 1169, 1701, 1928, 2236, 2435, 2727, 3387, 17395, 8515, 14939.05, 16.23, 9.45
10:34:43, 1028.80, 13.24, 889, 1208, 1759, 1993, 2178, 2381, 2652, 3284, 17037, 8440, 14939.05, 16.23, 9.41
10:34:43, 1028.90, 13.21, 914, 1242, 1800, 2046, 2237, 2472, 2725, 3405, 17012, 8473, 14963.40, 16.20, 9.41
10:34:44, 1028.70, 13.19, 905, 1247, 1800, 2065, 2189, 2442, 2665, 3328, 16707, 7946, 14963.40, 16.20, 9.42
10:34:44, 1028.70, 13.16, 899, 1227, 1769, 2035, 2181, 2431, 2672, 3332, 16917, 8204, 15000.00, 16.15, 9.42
10:34:44, 1028.90, 13.15, 920, 1259, 1805, 2096, 2229, 2495, 2736, 3429, 16962, 7972, 14987.79, 16.16, 9.42
10:34:45, 1028.90, 13.13, 888, 1206, 1741, 2022, 2217, 2519, 2727, 3412, 16621, 7689, 15000.00, 16.15, 9.41
10:34:45, 1028.70, 13.09, 944, 1323, 1870, 2211, 2251, 2550, 2775, 3472, 16933, 7960, 14987.79, 16.16, 9.41
10:34:46, 1029.00, 13.05, 918, 1259, 1803, 2115, 2216, 2522, 2734, 3415, 16631, 7620, 15012.23, 16.13, 9.41
10:34:46, 1029.00, 13.02, 915, 1263, 1796, 2120, 2249, 2559, 2781, 3481, 16873, 7862, 15012.23, 16.13, 9.41
10:34:46, 1028.80, 13.00, 914, 1251, 1787, 2110, 2223, 2543, 2756, 3434, 16673, 7691, 15012.23, 16.13, 9.41
10:34:47, 1028.70, 12.98, 923, 1272, 1804, 2142, 2290, 2600, 2847, 3557, 17017, 7905, 15000.00, 16.15, 9.41
10:34:47, 1028.80, 12.96, 923, 1268, 1797, 2146, 2260, 2593, 2818, 3515, 16621, 7621, 15012.23, 16.13, 9.41
10:34:48, 1028.50, 12.93, 926, 1280, 1809, 2161, 2289, 2627, 2855, 3569, 16723, 7715, 15024.46, 16.11, 9.42
10:34:48, 1029.00, 12.92, 920, 1268, 1800, 2144, 2247, 2567, 2790, 3485, 16666, 7629, 15048.97, 16.08, 9.42
10:34:48, 1028.80, 12.92, 923, 1262, 1797, 2131, 2270, 2596, 2819, 3527, 16868, 7941, 15061.24, 16.06, 9.42
10:34:49, 1028.60, 12.91, 925, 1273, 1813, 2145, 2286, 2605, 2833, 3548, 16959, 7877, 15073.53, 16.04, 9.43
10:34:49, 1028.60, 12.90, 927, 1264, 1804, 2130, 2266, 2594, 2806, 3513, 16874, 7999, 15073.53, 16.04, 9.43
10:34:50, 1028.50, 12.89, 925, 1275, 1816, 2147, 2283, 2598, 2826, 3543, 16974, 7982, 15085.83, 16.03, 9.42
10:34:50, 1028.20, 12.88, 930, 1272, 1815, 2143, 2321, 2657, 2879, 3611, 16989, 8031, 15061.24, 16.06, 9.42
10:34:51, 1028.00, 12.88, 968, 1336, 1888, 2250, 2361, 2707, 2930, 3685, 17059, 8138, 15085.83, 16.03, 9.42
10:34:51, 1027.70, 12.87, 958, 1317, 1868, 2211, 2357, 2696, 2917, 3676, 17107, 8260, 15098.14, 16.01, 9.41
10:34:51, 1028.00, 12.87, 948, 1287, 1832, 2158, 2356, 2711, 2913, 3680, 17303, 8341, 15122.79, 15.97, 9.41
10:34:52, 1027.80, 12.85, 987, 1337, 1902, 2243, 2388, 2741, 2946, 3728, 17662, 8543, 15098.14, 16.01, 9.41
10:34:52, 1027.70, 12.83, 986, 1334, 1904, 2235, 2383, 2728, 2933, 3714, 17690, 8592, 15122.79, 15.97, 9.41
10:34:53, 1027.90, 12.81, 989, 1340, 1914, 2242, 2405, 2750, 2959, 3751, 17785, 8652, 15122.79, 15.97, 9.41
10:34:53, 1027.80, 12.77, 983, 1333, 1905, 2228, 2389, 2729, 2937, 3724, 17697, 8612, 15135.14, 15.96, 9.41
10:34:53, 1027.70, 12.72, 980, 1333, 1901, 2229, 2404, 2747, 2961, 3756, 17710, 8610, 15172.24, 15.90, 9.41
10:34:54, 1027.80, 12.69, 976, 1330, 1897, 2225, 2378, 2718, 2928, 3713, 17566, 8533, 15159.86, 15.92, 9.41
10:34:54, 1027.90, 12.68, 974, 1327, 1892, 2218, 2391, 2729, 2942, 3734, 17649, 8589, 15159.86, 15.92, 9.41
10:34:55, 1028.00, 12.68, 976, 1334, 1901, 2235, 2393, 2735, 2951, 3742, 17605, 8555, 15159.86, 15.92, 9.41
10:34:55, 1028.20, 12.68, 966, 1318, 1878, 2204, 2359, 2694, 2906, 3682, 17510, 8521, 15159.86, 15.92, 9.40
10:34:55, 1028.30, 12.68, 957, 1307, 1863, 2185, 2356, 2690, 2904, 3678, 17489, 8513, 15197.05, 15.87, 9.40
10:34:56, 1028.20, 12.67, 969, 1327, 1885, 2223, 2366, 2712, 2925, 3700, 17357, 8373, 15221.89, 15.84, 9.41
10:34:56, 1028.60, 12.66, 926, 1264, 1801, 2117, 2277, 2602, 2811, 3547, 17123, 8315, 15234.33, 15.82, 9.41
10:34:57, 1028.10, 12.62, 945, 1301, 1842, 2186, 2366, 2712, 2941, 3710, 17247, 8259, 15284.23, 15.75, 9.41
10:34:57, 1028.30, 12.58, 957, 1318, 1855, 2218, 2338, 2689, 2914, 3668, 16979, 8072, 15296.73, 15.73, 9.41
10:34:58, 1028.30, 12.56, 931, 1282, 1812, 2157, 2318, 2657, 2882, 3629, 17059, 8170, 15271.74, 15.77, 9.41
10:34:58, 1028.60, 12.56, 952, 1310, 1847, 2202, 2299, 2636, 2851, 3592, 16905, 8092, 15309.25, 15.71, 9.39
10:34:58, 1028.80, 12.57, 920, 1261, 1791, 2112, 2204, 2512, 2711, 3420, 16721, 8124, 15259.26, 15.78, 9.39
10:34:59, 1028.60, 12.56, 906, 1277, 1804, 2143, 2162, 2440, 2660, 3328, 15584, 7016, 15259.26, 15.78, 9.39
10:34:59, 1028.80, 12.56, 911, 1269, 1795, 2125, 2181, 2439, 2697, 3354, 15787, 7401, 15309.25, 15.71, 9.40
10:35:00, 1028.40, 12.56, 902, 1267, 1802, 2130, 2324, 2630, 2872, 3604, 16595, 7667, 15284.23, 15.75, 9.40
10:35:00, 1027.80, 12.55, 950, 1338, 1884, 2240, 2412, 2724, 2988, 3766, 17015, 8118, 15296.73, 15.73, 9.40
10:35:00, 1028.10, 12.55, 930, 1299, 1834, 2169, 2305, 2607, 2847, 3581, 16546, 7981, 15321.78, 15.70, 9.40
10:35:01, 1028.50, 12.54, 917, 1268, 1793, 2113, 2207, 2508, 2715, 3425, 16301, 7875, 15346.88, 15.66, 9.40
10:35:01, 1028.60, 12.53, 895, 1252, 1773, 2096, 2262, 2520, 2808, 3508, 15451, 7010, 15334.32, 15.68, 9.40
10:35:02, 1028.40, 12.53, 904, 1271, 1795, 2130, 2326, 2625, 2894, 3625, 16190, 7542, 15346.88, 15.66, 9.40
10:35:02, 1028.60, 12.52, 891, 1265, 1792, 2124, 2277, 2552, 2818, 3529, 16284, 7392, 15372.02, 15.63, 9.39
10:35:02, 1028.60, 12.51, 890, 1242, 1764, 2084, 2297, 2576, 2843, 3564, 16399, 7718, 15372.02, 15.63, 9.39
10:35:03, 1028.90, 12.50, 840, 1186, 1681, 1989, 2293, 2569, 2831, 3553, 16412, 7360, 15359.44, 15.65, 9.39
10:35:03, 1028.90, 12.49, 881, 1236, 1754, 2073, 2210, 2481, 2725, 3410, 16082, 7518, 15397.22, 15.59, 9.38
10:35:04, 1028.80, 12.47, 871, 1226, 1738, 2058, 2273, 2552, 2816, 3520, 15999, 7103, 15384.62, 15.61, 9.38
10:35:04, 1028.90, 12.47, 861, 1211, 1713, 2034, 2222, 2490, 2755, 3433, 15778, 7035, 15435.11, 15.54, 9.39
10:35:04, 1028.90, 12.47, 863, 1217, 1720, 2045, 2239, 2506, 2780, 3462, 15788, 7033, 15447.76, 15.52, 9.39
10:35:05, 1028.90, 12.47, 885, 1257, 1769, 2112, 2241, 2500, 2779, 3464, 15736, 6864, 15435.11, 15.54, 9.39
10:35:05, 1028.80, 12.47, 864, 1225, 1731, 2057, 2268, 2538, 2812, 3508, 15800, 6920, 15422.46, 15.56, 9.40
10:35:06, 1029.00, 12.47, 866, 1232, 1741, 2066, 2215, 2466, 2736, 3420, 15760, 6871, 15447.76, 15.52, 9.40
10:35:06, 1028.90, 12.47, 871, 1229, 1740, 2059, 2246, 2505, 2775, 3468, 15896, 7170, 15435.11, 15.54, 9.40
10:35:07, 1029.00, 12.46, 880, 1248, 1763, 2088, 2192, 2449, 2702, 3368, 15534, 6843, 15473.11, 15.49, 9.40
10:35:07, 1029.00, 12.46, 844, 1192, 1689, 1993, 2193, 2452, 2705, 3370, 15504, 6918, 15422.46, 15.56, 9.40
10:35:07, 1029.00, 12.46, 852, 1206, 1703, 2017, 2173, 2416, 2679, 3339, 15383, 6737, 15485.80, 15.47, 9.41
10:35:08, 1028.70, 12.46, 844, 1200, 1694, 2010, 2143, 2389, 2643, 3284, 15192, 6704, 15485.80, 15.47, 9.41
10:35:08, 1029.00, 12.44, 860, 1229, 1729, 2057, 2246, 2502, 2780, 3468, 15469, 6769, 15511.22, 15.44, 9.40
10:35:09, 1029.00, 12.42, 848, 1212, 1708, 2030, 2200, 2448, 2718, 3382, 15382, 6770, 15498.50, 15.46, 9.40
10:35:09, 1028.90, 12.41, 847, 1209, 1705, 2020, 2186, 2423, 2694, 3357, 15469, 6856, 15523.95, 15.42, 9.40
10:35:09, 1028.90, 12.39, 853, 1214, 1713, 2026, 2190, 2426, 2696, 3362, 15556, 7060, 15549.45, 15.39, 9.39
10:35:10, 1028.80, 12.37, 850, 1207, 1705, 2013, 2189, 2429, 2696, 3355, 15424, 6911, 15523.95, 15.42, 9.39
10:35:10, 1028.80, 12.36, 845, 1199, 1690, 1997, 2227, 2478, 2747, 3428, 15553, 7175, 15536.70, 15.40, 9.39
10:35:11, 1028.70, 12.36, 856, 1224, 1724, 2043, 2157, 2396, 2654, 3299, 15140, 6745, 15562.22, 15.37, 9.39
10:35:11, 1028.60, 12.36, 861, 1223, 1723, 2034, 2284, 2547, 2827, 3534, 15468, 7086, 15536.70, 15.40, 9.39
10:35:11, 1028.80, 12.36, 786, 1120, 1585, 1867, 2198, 2433, 2715, 3383, 15275, 6752, 15549.45, 15.39, 9.39
10:35:12, 1028.60, 12.37, 849, 1211, 1708, 2017, 2203, 2442, 2717, 3379, 15461, 7104, 15639.10, 15.26, 9.39
10:35:12, 1028.70, 12.38, 859, 1226, 1726, 2038, 2192, 2429, 2702, 3360, 15351, 6985, 15626.25, 15.28, 9.40
10:35:13, 1028.70, 12.38, 841, 1199, 1693, 1994, 2188, 2425, 2694, 3353, 15294, 6889, 15600.60, 15.32, 9.40
10:35:13, 1028.50, 12.39, 852, 1216, 1715, 2021, 2160, 2392, 2654, 3295, 15260, 7071, 15613.42, 15.30, 9.40
10:35:14, 1028.40, 12.38, 853, 1213, 1710, 2011, 2174, 2404, 2676, 3325, 15436, 7277, 15613.42, 15.30, 9.40
10:35:14, 1028.50, 12.38, 858, 1225, 1722, 2031, 2164, 2390, 2662, 3308, 15256, 7064, 15639.10, 15.26, 9.40
10:35:14, 1028.60, 12.38, 849, 1206, 1700, 1999, 2164, 2401, 2661, 3304, 15136, 7049, 15626.25, 15.28, 9.41
10:35:15, 1028.50, 12.38, 839, 1203, 1691, 1995, 2069, 2274, 2542, 3152, 14852, 6779, 15651.96, 15.25, 9.41
10:35:15, 1028.40, 12.38, 854, 1220, 1713, 2022, 2174, 2409, 2675, 3326, 15182, 7068, 15677.71, 15.21, 9.41
10:35:16, 1028.40, 12.38, 839, 1200, 1684, 1989, 2181, 2404, 2684, 3342, 15413, 7235, 15651.96, 15.25, 9.40
10:35:16, 1028.60, 12.38, 811, 1154, 1633, 1911, 2180, 2398, 2682, 3340, 15264, 6903, 15690.61, 15.20, 9.40
10:35:16, 1028.40, 12.38, 848, 1210, 1702, 2001, 2204, 2440, 2709, 3376, 15274, 7148, 15677.71, 15.21, 9.40
10:35:17, 1028.90, 12.37, 844, 1207, 1694, 1992, 2160, 2379, 2657, 3319, 15287, 7248, 15690.61, 15.20, 9.40
10:35:17, 1028.50, 12.37, 835, 1201, 1688, 1991, 2185, 2408, 2685, 3344, 15027, 6725, 15703.52, 15.18, 9.40
10:35:18, 1028.40, 12.36, 848, 1217, 1704, 2012, 2159, 2381, 2649, 3300, 15137, 7145, 15690.61, 15.20, 9.40
10:35:18, 1028.60, 12.35, 813, 1172, 1645, 1938, 2018, 2204, 2477, 3075, 14539, 6624, 15729.38, 15.14, 9.40
10:35:19, 1028.30, 12.33, 846, 1210, 1700, 1999, 2165, 2389, 2655, 3305, 15103, 7067, 15716.44, 15.16, 9.41
10:35:19, 1028.30, 12.32, 852, 1226, 1714, 2021, 2145, 2360, 2631, 3285, 15188, 7220, 15742.33, 15.13, 9.41
10:35:19, 1028.30, 12.31, 844, 1220, 1707, 2016, 2144, 2370, 2627, 3273, 14866, 6896, 15742.33, 15.13, 9.41
10:35:20, 1028.60, 12.29, 838, 1201, 1683, 1978, 2178, 2396, 2675, 3347, 15233, 7198, 15742.33, 15.13, 9.40
10:35:20, 1028.10, 12.26, 840, 1206, 1692, 1991, 2169, 2389, 2661, 3315, 15024, 6918, 15755.29, 15.11, 9.40
10:35:21, 1028.20, 12.25, 834, 1194, 1672, 1970, 2146, 2363, 2636, 3293, 15072, 7096, 15781.25, 15.07, 9.41
10:35:21, 1028.30, 12.25, 846, 1216, 1699, 2008, 2129, 2353, 2613, 3247, 14813, 6849, 15755.29, 15.11, 9.41
10:35:21, 1028.40, 12.25, 840, 1207, 1684, 1990, 2127, 2350, 2616, 3262, 14884, 7034, 15755.29, 15.11, 9.41
10:35:22, 1028.30, 12.26, 830, 1192, 1668, 1970, 2181, 2410, 2689, 3356, 14962, 6918, 15807.26, 15.04, 9.41
10:35:22, 1028.30, 12.28, 827, 1191, 1664, 1968, 2094, 2306, 2572, 3197, 14813, 6919, 15807.26, 15.04, 9.41
10:35:23, 1028.50, 12.29, 831, 1193, 1668, 1972, 2136, 2355, 2631, 3273, 14884, 6866, 15833.33, 15.01, 9.41
10:35:23, 1028.40, 12.30, 815, 1168, 1634, 1932, 2122, 2341, 2613, 3251, 14819, 6852, 15807.26, 15.04, 9.41
10:35:23, 1028.50, 12.32, 830, 1198, 1669, 1981, 2074, 2289, 2552, 3165, 14594, 6716, 15859.46, 14.97, 9.41
10:35:24, 1028.70, 12.32, 835, 1209, 1678, 2002, 2122, 2349, 2622, 3262, 14501, 6465, 15833.33, 15.01, 9.41
10:35:24, 1028.90, 12.32, 811, 1171, 1632, 1942, 2117, 2347, 2621, 3262, 14220, 6125, 15820.29, 15.02, 9.41
10:35:25, 1028.90, 12.33, 815, 1185, 1647, 1971, 2056, 2272, 2538, 3146, 14136, 6052, 15833.33, 15.01, 9.41
10:35:25, 1029.00, 12.34, 805, 1162, 1621, 1931, 2104, 2331, 2607, 3235, 14240, 6218, 15833.33, 15.01, 9.41
10:35:25, 1028.90, 12.34, 800, 1156, 1614, 1924, 2089, 2307, 2585, 3208, 14169, 5973, 15859.46, 14.97, 9.41
10:35:26, 1028.70, 12.35, 813, 1177, 1634, 1957, 2121, 2343, 2630, 3264, 14382, 6310, 15833.33, 15.01, 9.41
10:35:26, 1029.00, 12.35, 818, 1185, 1643, 1973, 2107, 2337, 2618, 3244, 14176, 6135, 15872.53, 14.95, 9.41
10:35:27, 1028.90, 12.35, 791, 1147, 1598, 1915, 2085, 2311, 2590, 3209, 13983, 5841, 15846.39, 14.99, 9.41
10:35:27, 1028.50, 12.35, 813, 1172, 1628, 1952, 2100, 2340, 2621, 3241, 13889, 6181, 15911.86, 14.90, 9.41
10:35:28, 1028.90, 12.35, 749, 1083, 1508, 1807, 2094, 2319, 2601, 3223, 14052, 5900, 15924.99, 14.88, 9.41
10:35:28, 1028.60, 12.35, 811, 1173, 1623, 1958, 2070, 2301, 2576, 3180, 14098, 6268, 15898.73, 14.92, 9.40
10:35:28, 1028.60, 12.36, 782, 1138, 1581, 1899, 2061, 2291, 2549, 3164, 13978, 5995, 15924.99, 14.88, 9.40
10:35:29, 1028.60, 12.36, 817, 1181, 1631, 1968, 2097, 2334, 2619, 3238, 14044, 6279, 15898.73, 14.92, 9.41
10:35:29, 1028.70, 12.36, 746, 1079, 1505, 1802, 2065, 2290, 2571, 3176, 13924, 5986, 15924.99, 14.88, 9.41
10:35:30, 1028.50, 12.37, 809, 1171, 1619, 1951, 2083, 2311, 2597, 3210, 14060, 6282, 15911.86, 14.90, 9.41
10:35:30, 1028.40, 12.37, 806, 1169, 1615, 1945, 2089, 2318, 2604, 3225, 13957, 6112, 15924.99, 14.88, 9.40
10:35:30, 1028.90, 12.38, 800, 1165, 1608, 1941, 2054, 2276, 2556, 3162, 13839, 5973, 15924.99, 14.88, 9.40
10:35:31, 1028.60, 12.38, 807, 1172, 1614, 1948, 2099, 2324, 2617, 3243, 13957, 6194, 15938.13, 14.87, 9.41
10:35:31, 1028.60, 12.38, 761, 1095, 1529, 1821, 2055, 2272, 2556, 3166, 13819, 5965, 15990.86, 14.80, 9.41
10:35:32, 1028.60, 12.39, 803, 1165, 1609, 1931, 2041, 2264, 2537, 3142, 13919, 6293, 15977.66, 14.81, 9.41
10:35:32, 1028.40, 12.39, 769, 1124, 1558, 1866, 2029, 2242, 2504, 3113, 13990, 6154, 15964.47, 14.83, 9.41
10:35:33, 1028.50, 12.39, 789, 1144, 1584, 1891, 2016, 2232, 2493, 3093, 13873, 6273, 15990.86, 14.80, 9.41
10:35:33, 1028.50, 12.39, 794, 1156, 1596, 1907, 1972, 2176, 2435, 3017, 13680, 6205, 15924.99, 14.88, 9.41
10:35:33, 1028.40, 12.40, 786, 1144, 1583, 1888, 2022, 2233, 2497, 3103, 13795, 6182, 15990.86, 14.80, 9.41
10:35:34, 1028.30, 12.40, 789, 1147, 1582, 1888, 2058, 2264, 2545, 3173, 13978, 6406, 16030.53, 14.75, 9.41
10:35:34, 1028.10, 12.40, 760, 1095, 1524, 1800, 1999, 2199, 2462, 3063, 13744, 6293, 16004.07, 14.78, 9.40
10:35:35, 1028.10, 12.40, 778, 1133, 1565, 1859, 2023, 2222, 2491, 3110, 13910, 6419, 16017.29, 14.76, 9.40
10:35:35, 1028.50, 12.41, 782, 1145, 1579, 1877, 2005, 2208, 2465, 3079, 13700, 6258, 15990.86, 14.80, 9.41
10:35:35, 1028.10, 12.41, 763, 1110, 1539, 1815, 1969, 2151, 2412, 3013, 13836, 6418, 16030.53, 14.75, 9.41
10:35:36, 1028.20, 12.40, 786, 1148, 1584, 1875, 1992, 2183, 2440, 3058, 13839, 6489, 16030.53, 14.75, 9.41
10:35:36, 1028.00, 12.39, 761, 1108, 1533, 1803, 1892, 2062, 2308, 2885, 13632, 6482, 16057.06, 14.71, 9.39
10:35:37, 1028.00, 12.38, 782, 1136, 1571, 1850, 1993, 2177, 2436, 3058, 13844, 6447, 16070.33, 14.69, 9.39
10:35:37, 1028.00, 12.37, 760, 1111, 1534, 1805, 1904, 2063, 2333, 2913, 13619, 6487, 16043.79, 14.73, 9.39
10:35:37, 1028.10, 12.35, 774, 1131, 1562, 1839, 1983, 2160, 2423, 3042, 13807, 6461, 16070.33, 14.69, 9.39
10:35:38, 1028.30, 12.35, 754, 1106, 1525, 1794, 1936, 2096, 2368, 2978, 13734, 6540, 16083.63, 14.68, 9.39
10:35:38, 1028.20, 12.34, 745, 1083, 1505, 1756, 1932, 2102, 2350, 2967, 13893, 6644, 16083.63, 14.68, 9.39
10:35:39, 1028.20, 12.34, 789, 1133, 1570, 1827, 1982, 2168, 2391, 3043, 14115, 6718, 16057.06, 14.71, 9.39
10:35:39, 1028.00, 12.33, 786, 1130, 1567, 1821, 2001, 2189, 2417, 3077, 14188, 6736, 16123.60, 14.62, 9.41
10:35:40, 1028.30, 12.32, 792, 1137, 1575, 1835, 1962, 2146, 2363, 3011, 14030, 6681, 16096.94, 14.66, 9.41
10:35:40, 1028.60, 12.31, 774, 1107, 1538, 1786, 1956, 2141, 2356, 3002, 13940, 6612, 16136.94, 14.61, 9.41
10:35:40, 1028.40, 12.29, 738, 1079, 1493, 1758, 1919, 2077, 2346, 2937, 13396, 6086, 16110.26, 14.64, 9.41
10:35:41, 1028.50, 12.28, 735, 1086, 1494, 1768, 1904, 2062, 2326, 2912, 13307, 6027, 16083.63, 14.68, 9.41
10:35:41, 1028.60, 12.28, 740, 1092, 1501, 1782, 1862, 2030, 2271, 2837, 12901, 5699, 16110.26, 14.64, 9.41
10:35:42, 1028.40, 12.28, 731, 1070, 1475, 1746, 1915, 2087, 2343, 2922, 13073, 5858, 16110.26, 14.64, 9.41
10:35:42, 1028.30, 12.27, 740, 1094, 1501, 1788, 1945, 2118, 2387, 2976, 13174, 5866, 16150.31, 14.59, 9.41
10:35:42, 1028.60, 12.27, 743, 1095, 1500, 1789, 1919, 2086, 2358, 2936, 12958, 5675, 16150.31, 14.59, 9.41
10:35:43, 1028.60, 12.27, 731, 1076, 1476, 1763, 1879, 2058, 2302, 2860, 12769, 5669, 16123.60, 14.62, 9.41
10:35:43, 1028.70, 12.27, 748, 1107, 1510, 1813, 1825, 1984, 2253, 2784, 12449, 5521, 16136.94, 14.61, 9.41
10:35:44, 1028.20, 12.27, 742, 1088, 1483, 1785, 1898, 2081, 2342, 2899, 12575, 5476, 16136.94, 14.61, 9.41
10:35:44, 1028.50, 12.26, 752, 1112, 1513, 1823, 1880, 2038, 2322, 2867, 12701, 5671, 16150.31, 14.59, 9.41
10:35:44, 1028.40, 12.25, 747, 1097, 1495, 1804, 1891, 2068, 2332, 2882, 12512, 5429, 16136.94, 14.61, 9.41
10:35:45, 1028.50, 12.25, 750, 1106, 1502, 1816, 1919, 2093, 2371, 2926, 12660, 5594, 16190.48, 14.54, 9.41
10:35:45, 1028.30, 12.24, 737, 1091, 1492, 1795, 1869, 2040, 2308, 2847, 12366, 5306, 16163.68, 14.57, 9.41
10:35:46, 1028.30, 12.24, 738, 1082, 1477, 1780, 1888, 2064, 2336, 2878, 12381, 5455, 16203.89, 14.52, 9.41
10:35:46, 1028.40, 12.23, 716, 1056, 1446, 1739, 1889, 2059, 2321, 2882, 12566, 5375, 16190.48, 14.54, 9.41
10:35:46, 1028.60, 12.23, 736, 1076, 1467, 1768, 1877, 2054, 2320, 2860, 12321, 5427, 16190.48, 14.54, 9.39
10:35:47, 1028.60, 12.21, 737, 1085, 1477, 1780, 1794, 1956, 2213, 2725, 11817, 5233, 16217.32, 14.50, 9.39
10:35:47, 1028.40, 12.20, 732, 1075, 1467, 1769, 1872, 2041, 2312, 2849, 12234, 5235, 16217.32, 14.50, 9.39
10:35:48, 1028.60, 12.18, 731, 1071, 1459, 1754, 1879, 2046, 2322, 2863, 12410, 5564, 16257.70, 14.45, 9.39
10:35:48, 1028.60, 12.17, 702, 1026, 1408, 1681, 1862, 2016, 2285, 2834, 12615, 5468, 16217.32, 14.50, 9.39
10:35:49, 1028.40, 12.16, 716, 1043, 1427, 1705, 1838, 2000, 2260, 2789, 12377, 5489, 16217.32, 14.50, 9.39
10:35:49, 1028.40, 12.15, 723, 1061, 1445, 1727, 1862, 2017, 2290, 2830, 12520, 5657, 16230.77, 14.48, 9.39
10:35:49, 1028.00, 12.15, 689, 1009, 1385, 1651, 1802, 1960, 2221, 2735, 12228, 5374, 16257.70, 14.45, 9.41
10:35:50, 1028.00, 12.14, 703, 1029, 1404, 1679, 1764, 1919, 2181, 2682, 12112, 5474, 16244.23, 14.47, 9.41
10:35:50, 1028.30, 12.14, 680, 994, 1354, 1621, 1683, 1830, 2071, 2546, 11703, 5330, 16271.19, 14.43, 9.41
10:35:51, 1029.60, 12.13, 630, 895, 1229, 1463, 1300, 1434, 1544, 1959, 10123, 4302, 16244.23, 14.47, 9.40
10:35:51, 1030.00, 12.13, 611, 870, 1192, 1429, 1546, 1679, 1895, 2320, 10714, 4170, 16271.19, 14.43, 9.40
10:35:51, 1029.90, 12.12, 638, 932, 1279, 1535, 1575, 1728, 1934, 2376, 10740, 4211, 16244.23, 14.47, 9.39
10:35:52, 1032.90, 12.05, 546, 821, 1151, 1366, 1728, 1840, 2127, 2601, 10942, 3349, 16257.70, 14.45, 9.39
10:35:52, 1034.30, 12.01, 569, 868, 1212, 1460, 1594, 1699, 1949, 2390, 10383, 3051, 16271.19, 14.43, 9.39
10:35:53, 1036.70, 11.98, 550, 840, 1180, 1429, 1541, 1641, 1885, 2301, 9774, 2518, 16311.73, 14.38, 9.38
10:35:53, 1038.70, 11.95, 523, 797, 1126, 1363, 1491, 1586, 1821, 2212, 9296, 2205, 16284.69, 14.42, 9.38
10:35:53, 1040.90, 11.92, 497, 759, 1080, 1309, 1449, 1538, 1768, 2141, 8883, 1939, 16311.73, 14.38, 9.38
10:35:54, 1042.80, 11.90, 475, 735, 1052, 1283, 1380, 1465, 1676, 2022, 8395, 1702, 16284.69, 14.42, 9.38
10:35:54, 1044.50, 11.88, 458, 713, 1027, 1256, 1352, 1433, 1643, 1976, 8086, 1533, 16298.20, 14.40, 9.38
10:35:55, 1046.60, 11.85, 438, 685, 991, 1216, 1335, 1413, 1620, 1941, 7765, 1359, 16365.98, 14.31, 9.38
10:35:55, 1049.00, 11.82, 411, 648, 945, 1165, 1278, 1352, 1546, 1849, 7362, 1192, 16325.27, 14.36, 9.38
10:35:56, 1051.60, 11.82, 390, 617, 906, 1121, 1224, 1294, 1476, 1757, 6961, 1048, 16338.83, 14.35, 9.38
10:35:56, 1054.30, 11.81, 370, 585, 866, 1075, 1176, 1243, 1412, 1670, 6582, 916, 16352.39, 14.33, 9.38
10:35:56, 1056.60, 11.80, 350, 557, 830, 1032, 1118, 1182, 1337, 1575, 6264, 831, 16352.39, 14.33, 9.38
10:35:57, 1058.90, 11.79, 336, 541, 811, 1015, 1108, 1168, 1323, 1550, 6016, 739, 16325.27, 14.36, 9.38
10:35:57, 1061.10, 11.78, 320, 520, 784, 985, 1093, 1150, 1304, 1518, 5772, 669, 16365.98, 14.31, 9.38
10:35:58, 1063.00, 11.75, 302, 492, 748, 942, 1063, 1117, 1266, 1471, 5575, 615, 16393.19, 14.28, 9.38
10:35:58, 1065.10, 11.72, 290, 475, 725, 914, 1019, 1069, 1211, 1405, 5385, 574, 16325.27, 14.36, 9.38
10:35:58, 1067.00, 11.69, 280, 463, 710, 901, 990, 1037, 1173, 1357, 5188, 530, 16379.58, 14.29, 9.38
10:35:59, 1069.20, 11.67, 270, 449, 693, 881, 964, 1008, 1140, 1311, 4979, 489, 16365.98, 14.31, 9.37
10:35:59, 1070.70, 11.66, 258, 431, 667, 849, 941, 983, 1109, 1269, 4818, 459, 16379.58, 14.29, 9.37
10:36:00, 1072.50, 11.66, 246, 411, 640, 817, 926, 966, 1090, 1240, 4665, 429, 16406.81, 14.26, 9.38
10:36:00, 1074.20, 11.65, 233, 389, 608, 772, 889, 924, 1044, 1185, 4556, 413, 16393.19, 14.28, 9.38
10:36:01, 1075.90, 11.63, 227, 380, 596, 759, 855, 885, 1000, 1128, 4402, 389, 16420.45, 14.24, 9.38
10:36:01, 1077.90, 11.61, 223, 373, 588, 749, 840, 868, 980, 1102, 4306, 373, 16420.45, 14.24, 9.37
10:36:01, 1079.60, 11.59, 217, 365, 576, 735, 826, 852, 962, 1076, 4206, 356, 16420.45, 14.24, 9.37
10:36:02, 1081.80, 11.57, 209, 357, 568, 730, 809, 836, 938, 1046, 4024, 329, 16447.78, 14.21, 9.38
10:36:02, 1082.90, 11.56, 201, 345, 550, 710, 798, 825, 922, 1025, 3883, 309, 16447.78, 14.21, 9.38
10:36:03, 1084.30, 11.54, 192, 329, 526, 679, 789, 814, 911, 1011, 3817, 298, 16447.78, 14.21, 9.38
10:36:03, 1085.70, 11.53, 187, 320, 512, 662, 760, 783, 876, 968, 3695, 285, 16447.78, 14.21, 9.38
10:36:03, 1087.50, 11.52, 183, 316, 507, 659, 753, 775, 868, 957, 3610, 271, 16488.87, 14.15, 9.38
10:36:04, 1089.20, 11.51, 178, 307, 496, 648, 737, 759, 847, 930, 3492, 257, 16447.78, 14.21, 9.38
10:36:04, 1090.70, 11.51, 173, 300, 485, 636, 728, 750, 834, 913, 3400, 246, 16461.46, 14.19, 9.38
10:36:05, 1092.50, 11.51, 166, 289, 469, 614, 718, 738, 823, 899, 3348, 239, 16461.46, 14.19, 9.38
10:36:05, 1094.20, 11.51, 163, 282, 460, 603, 695, 714, 794, 865, 3272, 232, 16461.46, 14.19, 9.38
10:36:05, 1095.70, 11.51, 160, 280, 456, 601, 680, 697, 773, 838, 3158, 221, 16502.59, 14.14, 9.38
10:36:06, 1097.50, 11.51, 156, 274, 448, 592, 673, 690, 764, 824, 3068, 210, 16516.33, 14.12, 9.39
10:36:06, 1099.50, 11.50, 148, 262, 430, 572, 661, 677, 749, 804, 2963, 199, 16461.46, 14.19, 9.39
10:36:07, 1101.10, 11.48, 141, 250, 412, 548, 641, 655, 725, 775, 2866, 191, 16502.59, 14.14, 9.39
10:36:07, 1103.00, 11.47, 137, 243, 402, 537, 625, 637, 705, 750, 2778, 183, 16475.15, 14.17, 9.38
10:36:08, 1104.50, 11.46, 133, 236, 391, 524, 604, 616, 679, 720, 2694, 176, 16530.08, 14.10, 9.38
10:36:08, 1106.90, 11.42, 128, 228, 380, 509, 589, 601, 661, 698, 2623, 170, 16543.85, 14.09, 9.39
10:36:08, 1109.40, 11.41, 123, 220, 369, 496, 576, 586, 643, 676, 2523, 161, 16516.33, 14.12, 9.39
10:36:09, 1112.00, 11.40, 118, 212, 356, 480, 556, 564, 620, 651, 2483, 158, 16502.59, 14.14, 9.39
10:36:09, 1114.50, 11.40, 114, 207, 349, 474, 542, 550, 600, 625, 2361, 149, 16543.85, 14.09, 9.38
10:36:10, 1115.90, 11.40, 110, 199, 338, 460, 531, 538, 586, 607, 2301, 144, 16516.33, 14.12, 9.38
10:36:10, 1117.70, 11.40, 104, 190, 324, 441, 519, 525, 572, 591, 2255, 140, 16557.63, 14.07, 9.39
10:36:10, 1119.70, 11.39, 100, 183, 314, 428, 506, 511, 556, 574, 2200, 136, 16543.85, 14.09, 9.39
10:36:11, 1121.40, 11.38, 96, 176, 302, 412, 480, 483, 524, 538, 2106, 130, 16571.43, 14.05, 9.39
10:36:11, 1123.30, 11.37, 91, 167, 289, 394, 459, 462, 499, 511, 2037, 126, 16557.63, 14.07, 9.39
10:36:12, 1125.50, 11.36, 88, 161, 279, 381, 448, 448, 485, 494, 1994, 123, 16543.85, 14.09, 9.39
10:36:12, 1128.00, 11.35, 83, 153, 266, 365, 428, 426, 462, 467, 1918, 119, 16599.06, 14.02, 9.40
10:36:12, 1128.30, 11.34, 80, 148, 258, 353, 415, 413, 444, 447, 1858, 115, 16585.24, 14.03, 9.40
10:36:13, 1130.60, 11.34, 76, 141, 248, 341, 407, 404, 439, 439, 1828, 113, 16571.43, 14.05, 9.40
10:36:13, 1133.10, 11.34, 73, 137, 241, 331, 388, 383, 416, 413, 1745, 108, 16571.43, 14.05, 9.40
10:36:14, 1135.80, 11.34, 70, 131, 232, 320, 375, 369, 399, 393, 1677, 103, 16599.06, 14.02, 9.40
10:36:14, 1137.80, 11.33, 66, 124, 220, 305, 365, 359, 387, 380, 1634, 100, 16599.06, 14.02, 9.40
10:36:15, 1139.20, 11.32, 65, 123, 218, 302, 358, 351, 379, 371, 1603, 98, 16585.24, 14.03, 9.40
10:36:15, 1141.00, 11.32, 63, 119, 212, 294, 348, 341, 367, 357, 1560, 95, 16612.90, 14.00, 9.40
10:36:15, 1143.30, 11.32, 62, 116, 209, 291, 346, 338, 364, 354, 1532, 93, 16626.76, 13.98, 9.41
10:36:16, 1145.30, 11.31, 58, 111, 199, 279, 336, 328, 351, 340, 1484, 90, 16640.63, 13.96, 9.41
10:36:16, 1147.90, 11.31, 57, 109, 196, 275, 323, 315, 336, 324, 1435, 87, 16668.40, 13.93, 9.43
10:36:17, 1149.90, 11.30, 56, 106, 191, 268, 318, 310, 329, 316, 1405, 85, 16654.51, 13.95, 9.43
10:36:17, 1152.60, 11.30, 53, 101, 183, 258, 304, 295, 313, 299, 1356, 82, 16626.76, 13.98, 9.43
10:36:17, 1155.10, 11.30, 52, 98, 180, 253, 304, 295, 313, 298, 1341, 80, 16626.76, 13.98, 9.44
10:36:18, 1157.10, 11.29, 50, 95, 174, 246, 295, 286, 302, 287, 1303, 78, 16626.76, 13.98, 9.44
10:36:18, 1159.50, 11.29, 49, 94, 173, 246, 291, 282, 297, 281, 1278, 76, 16654.51, 13.95, 9.46
10:36:19, 1161.40, 11.29, 48, 91, 168, 239, 282, 273, 287, 270, 1246, 75, 16668.40, 13.93, 9.46
10:36:19, 1162.80, 11.29, 48, 92, 171, 244, 292, 282, 296, 278, 1256, 75, 16668.40, 13.93, 9.46
10:36:19, 1164.60, 11.29, 47, 90, 167, 239, 291, 280, 295, 275, 1236, 74, 16696.24, 13.89, 9.47
10:36:20, 1166.20, 11.29, 44, 84, 157, 225, 283, 270, 287, 264, 1195, 72, 16668.40, 13.93, 9.47
10:36:20, 1168.40, 11.29, 45, 88, 164, 237, 288, 276, 292, 268, 1185, 71, 16682.31, 13.91, 9.48
10:36:21, 1170.50, 11.29, 42, 83, 155, 224, 284, 272, 289, 264, 1160, 69, 16696.24, 13.89, 9.48
10:36:21, 1172.40, 11.29, 42, 83, 157, 227, 276, 263, 278, 254, 1131, 68, 16710.18, 13.88, 9.48
10:36:21, 1174.60, 11.29, 41, 81, 153, 222, 270, 258, 271, 247, 1124, 67, 16710.18, 13.88, 9.47
10:36:22, 1176.90, 11.29, 42, 83, 157, 229, 270, 258, 268, 246, 1126, 67, 16710.18, 13.88, 9.47
10:36:22, 1178.50, 11.28, 41, 81, 154, 224, 269, 258, 266, 244, 1123, 66, 16696.24, 13.89, 9.48
10:36:23, 1181.00, 11.28, 40, 79, 150, 218, 270, 259, 267, 245, 1117, 66, 16682.31, 13.91, 9.48
10:36:23, 1183.10, 11.28, 40, 78, 150, 217, 264, 253, 258, 237, 1092, 64, 16696.24, 13.89, 9.48
10:36:24, 1185.10, 11.27, 39, 77, 147, 215, 262, 251, 256, 234, 1079, 63, 16696.24, 13.89, 9.48
10:36:24, 1187.40, 11.27, 39, 77, 146, 215, 260, 249, 253, 231, 1068, 62, 16738.11, 13.84, 9.48
10:36:24, 1189.70, 11.27, 38, 75, 144, 212, 261, 251, 253, 231, 1056, 61, 16738.11, 13.84, 9.48
10:36:25, 1192.00, 11.27, 37, 72, 139, 204, 256, 244, 246, 224, 1037, 60, 16738.11, 13.84, 9.48
10:36:25, 1194.60, 11.27, 36, 71, 137, 202, 257, 246, 247, 224, 1030, 60, 16752.09, 13.82, 9.48
10:36:26, 1197.00, 11.27, 36, 71, 138, 203, 250, 238, 239, 215, 1011, 59, 16766.09, 13.81, 9.48
10:36:26, 1199.50, 11.27, 35, 69, 135, 199, 244, 232, 233, 208, 991, 58, 16766.09, 13.81, 9.48
10:36:26, 1202.20, 11.26, 35, 69, 134, 199, 244, 231, 232, 206, 982, 57, 16780.11, 13.79, 9.50
10:36:27, 1204.30, 11.26, 33, 66, 131, 194, 239, 226, 227, 201, 964, 57, 16766.09, 13.81, 9.50
10:36:27, 1205.60, 11.25, 33, 66, 132, 195, 234, 220, 221, 194, 941, 56, 16752.09, 13.82, 9.50
10:36:28, 1206.90, 11.25, 34, 68, 135, 200, 240, 226, 227, 200, 949, 56, 16794.13, 13.77, 9.50
10:36:28, 1208.40, 11.26, 32, 65, 128, 191, 244, 231, 231, 203, 952, 55, 16724.14, 13.86, 9.50
10:36:29, 1209.60, 11.25, 32, 64, 127, 189, 235, 222, 221, 195, 930, 54, 16780.11, 13.79, 9.50
10:36:29, 1211.10, 11.26, 31, 62, 125, 186, 230, 217, 215, 189, 913, 53, 16780.11, 13.79, 9.50
10:36:29, 1212.80, 11.26, 31, 61, 122, 183, 231, 218, 216, 190, 909, 53, 16780.11, 13.79, 9.50
10:36:30, 1214.70, 11.26, 31, 61, 123, 184, 227, 214, 211, 185, 892, 52, 16822.23, 13.74, 9.50
10:36:30, 1216.70, 11.26, 30, 60, 120, 181, 225, 211, 209, 182, 881, 51, 16808.18, 13.75, 9.50
10:36:31, 1218.40, 11.27, 29, 59, 119, 179, 225, 212, 209, 182, 875, 51, 16836.30, 13.72, 9.51
10:36:31, 1220.30, 11.27, 29, 58, 117, 176, 221, 208, 204, 178, 863, 50, 16808.18, 13.75, 9.51
10:36:31, 1222.20, 11.27, 29, 58, 117, 176, 222, 208, 204, 177, 856, 50, 16836.30, 13.72, 9.51
10:36:32, 1224.00, 11.28, 28, 56, 114, 172, 226, 212, 207, 179, 858, 50, 16836.30, 13.72, 9.51
10:36:32, 1225.00, 11.29, 29, 58, 118, 178, 204, 190, 186, 161, 812, 48, 16822.23, 13.74, 9.51
10:36:33, 1227.00, 11.29, 10, 17, 41, 57, 59, 51, 52, 40, 278, 19, 16822.23, 13.74, 9.52
10:36:33, 1226.80, 11.29, 15, 28, 62, 92, 153, 141, 140, 121, 654, 39, 16836.30, 13.72, 9.52
10:36:33, 1225.30, 11.30, 25, 50, 104, 159, 203, 192, 186, 166, 741, 43, 16878.62, 13.67, 9.52
10:36:34, 1224.20, 11.30, 28, 56, 114, 173, 222, 211, 205, 180, 744, 42, 16850.39, 13.70, 9.51
10:36:34, 1223.50, 11.31, 29, 58, 117, 179, 232, 220, 213, 188, 772, 44, 16850.39, 13.70, 9.51
10:36:35, 1221.00, 11.30, 29, 59, 118, 180, 222, 211, 205, 181, 798, 46, 16864.50, 13.68, 9.51
10:36:35, 1220.50, 11.30, 28, 57, 114, 173, 224, 211, 206, 181, 838, 48, 16892.74, 13.65, 9.51
10:36:36, 1218.30, 11.30, 29, 58, 118, 178, 225, 212, 208, 182, 875, 51, 16864.50, 13.68, 9.51
10:36:36, 1217.30, 11.31, 29, 58, 118, 177, 226, 212, 211, 182, 874, 51, 16906.89, 13.63, 9.50
10:36:36, 1216.80, 11.32, 29, 60, 120, 180, 230, 214, 217, 185, 853, 50, 16878.62, 13.67, 9.50
10:36:37, 1217.20, 11.32, 29, 59, 118, 180, 228, 211, 217, 182, 808, 48, 16892.74, 13.65, 9.50
10:36:37, 1217.20, 11.33, 30, 61, 123, 188, 232, 215, 221, 185, 790, 46, 16892.74, 13.65, 9.50
10:36:38, 1217.20, 11.33, 30, 62, 124, 189, 232, 216, 222, 187, 777, 45, 16906.89, 13.63, 9.50
10:36:38, 1217.00, 11.34, 29, 60, 121, 185, 227, 212, 218, 182, 769, 45, 16935.23, 13.60, 9.51
10:36:38, 1216.70, 11.34, 30, 61, 122, 186, 236, 220, 225, 190, 814, 48, 16878.62, 13.67, 9.51
10:36:39, 1216.80, 11.34, 30, 61, 122, 187, 233, 217, 222, 188, 837, 49, 16921.05, 13.62, 9.51
10:36:39, 1216.70, 11.35, 30, 61, 123, 187, 233, 217, 220, 187, 861, 51, 16921.05, 13.62, 9.51
10:36:40, 1217.00, 11.37, 30, 61, 123, 185, 233, 217, 219, 188, 882, 52, 16921.05, 13.62, 9.51
10:36:40, 1217.30, 11.36, 31, 63, 127, 192, 236, 221, 221, 191, 903, 53, 16892.74, 13.65, 9.51
10:36:40, 1217.20, 11.36, 30, 61, 123, 186, 239, 225, 223, 195, 917, 54, 16892.74, 13.65, 9.51
10:36:41, 1217.40, 11.35, 31, 63, 126, 190, 233, 219, 218, 190, 912, 53, 16935.23, 13.60, 9.52
10:36:41, 1217.40, 11.34, 31, 62, 124, 186, 229, 215, 215, 187, 906, 53, 16949.42, 13.58, 9.52
10:36:42, 1217.40, 11.33, 31, 63, 127, 191, 239, 225, 223, 195, 927, 54, 16935.23, 13.60, 9.52
10:36:42, 1217.20, 11.31, 31, 62, 126, 189, 237, 223, 222, 194, 925, 54, 16963.63, 13.56, 9.51
10:36:43, 1217.30, 11.30, 31, 63, 125, 189, 237, 223, 221, 193, 923, 54, 16935.23, 13.60, 9.51
10:36:43, 1217.40, 11.30, 32, 64, 128, 194, 244, 230, 229, 200, 937, 55, 16963.63, 13.56, 9.52
10:36:43, 1217.40, 11.29, 31, 62, 125, 188, 235, 220, 220, 191, 918, 54, 16963.63, 13.56, 9.52
10:36:44, 1217.20, 11.29, 31, 62, 126, 189, 237, 222, 222, 193, 918, 54, 16992.08, 13.53, 9.52
10:36:44, 1217.30, 11.30, 31, 63, 127, 191, 241, 226, 227, 197, 921, 54, 16977.85, 13.55, 9.52
10:36:45, 1217.10, 11.30, 30, 61, 124, 186, 235, 220, 222, 191, 902, 53, 16992.08, 13.53, 9.52
10:36:45, 1217.20, 11.30, 30, 62, 125, 188, 237, 223, 225, 194, 903, 53, 16992.08, 13.53, 9.52
10:36:45, 1217.30, 11.30, 31, 63, 127, 192, 239, 224, 226, 195, 902, 53, 16992.08, 13.53, 9.52
10:36:46, 1217.30, 11.30, 30, 62, 125, 188, 236, 221, 224, 192, 892, 52, 17006.34, 13.51, 9.52
10:36:46, 1217.20, 11.30, 31, 63, 125, 191, 238, 223, 226, 194, 892, 53, 17020.60, 13.49, 9.52
10:36:47, 1217.10, 11.30, 30, 61, 123, 187, 235, 219, 223, 191, 882, 52, 16992.08, 13.53, 9.52
10:36:47, 1216.90, 11.30, 31, 63, 126, 191, 242, 227, 230, 197, 896, 53, 16992.08, 13.53, 9.52
10:36:47, 1217.30, 11.30, 31, 63, 125, 191, 237, 221, 226, 193, 882, 52, 17006.34, 13.51, 9.52
10:36:48, 1217.40, 11.31, 30, 62, 124, 189, 236, 220, 225, 192, 877, 52, 17006.34, 13.51, 9.52
10:36:48, 1217.10, 11.31, 31, 63, 127, 193, 235, 220, 225, 191, 877, 52, 17006.34, 13.51, 9.52
10:36:49, 1216.90, 11.31, 32, 65, 130, 197, 240, 224, 229, 196, 885, 52, 17020.60, 13.49, 9.52
10:36:49, 1217.20, 11.32, 31, 63, 126, 192, 239, 223, 228, 195, 887, 52, 17006.34, 13.51, 9.52
10:36:50, 1217.00, 11.33, 31, 63, 126, 192, 237, 222, 227, 194, 888, 52, 17034.88, 13.48, 9.52
10:36:50, 1216.70, 11.33, 31, 64, 129, 195, 242, 227, 231, 199, 904, 53, 17063.49, 13.44, 9.52
10:36:50, 1216.90, 11.34, 31, 63, 127, 193, 244, 229, 232, 200, 909, 53, 17063.49, 13.44, 9.51
10:36:51, 1217.00, 11.34, 31, 63, 126, 192, 241, 226, 230, 198, 905, 53, 17049.18, 13.46, 9.51
10:36:51, 1216.90, 11.34, 30, 62, 125, 190, 243, 228, 232, 200, 912, 54, 17063.49, 13.44, 9.52
10:36:52, 1216.80, 11.33, 31, 62, 126, 191, 242, 226, 230, 198, 907, 54, 17049.18, 13.46, 9.52
10:36:52, 1216.80, 11.33, 31, 62, 125, 190, 239, 224, 228, 196, 898, 53, 17049.18, 13.46, 9.52
10:36:52, 1216.70, 11.33, 31, 63, 127, 193, 241, 226, 231, 198, 898, 53, 17049.18, 13.46, 9.51
10:36:53, 1216.70, 11.32, 30, 62, 125, 191, 237, 222, 228, 194, 882, 52, 17034.88, 13.48, 9.51
10:36:53, 1216.70, 11.32, 31, 62, 125, 192, 242, 227, 232, 199, 889, 52, 17063.49, 13.44, 9.51
10:36:54, 1216.70, 11.31, 31, 63, 126, 193, 245, 230, 235, 202, 894, 53, 17049.18, 13.46, 9.51
10:36:54, 1216.70, 11.30, 31, 63, 126, 194, 242, 227, 233, 199, 887, 52, 17034.88, 13.48, 9.51
10:36:54, 1216.80, 11.29, 31, 63, 127, 194, 240, 225, 232, 198, 881, 52, 17063.49, 13.44, 9.51
10:36:55, 1216.60, 11.28, 30, 62, 125, 192, 239, 224, 231, 197, 882, 52, 17077.82, 13.42, 9.51
10:36:55, 1216.70, 11.28, 32, 65, 132, 201, 249, 234, 240, 206, 910, 54, 17077.82, 13.42, 9.51
10:36:56, 1217.30, 11.28, 31, 64, 129, 197, 243, 228, 234, 200, 896, 53, 17063.49, 13.44, 9.51
10:36:56, 1217.50, 11.27, 32, 65, 131, 201, 245, 230, 235, 202, 905, 53, 17077.82, 13.42, 9.51
10:36:57, 1217.80, 11.27, 32, 65, 131, 200, 249, 235, 240, 206, 919, 54, 17063.49, 13.44, 9.50
10:36:57, 1217.90, 11.27, 31, 62, 126, 193, 249, 235, 239, 206, 934, 55, 17106.52, 13.39, 9.50
10:36:57, 1217.50, 11.26, 32, 65, 131, 201, 251, 236, 240, 208, 953, 56, 17092.16, 13.41, 9.51
10:36:58, 1216.40, 11.25, 32, 65, 130, 199, 249, 235, 238, 207, 967, 57, 17106.52, 13.39, 9.51
10:36:58, 1216.00, 11.26, 32, 65, 132, 201, 254, 240, 242, 213, 989, 58, 17120.89, 13.37, 9.51
10:36:59, 1213.90, 11.26, 33, 66, 134, 202, 254, 241, 243, 214, 1001, 59, 17077.82, 13.42, 9.51
10:36:59, 1212.40, 11.25, 33, 66, 133, 200, 258, 245, 247, 219, 1016, 60, 17106.52, 13.39, 9.51
10:36:59, 1210.70, 11.24, 34, 67, 135, 204, 256, 244, 246, 219, 1018, 60, 17092.16, 13.41, 9.51
10:37:00, 1209.40, 11.24, 34, 68, 136, 206, 251, 238, 243, 215, 1011, 60, 17135.28, 13.35, 9.51
10:37:00, 1207.90, 11.24, 35, 69, 139, 208, 256, 243, 249, 220, 1024, 61, 17149.68, 13.34, 9.51
10:37:01, 1206.60, 11.24, 35, 71, 142, 214, 262, 248, 256, 226, 1032, 61, 17120.89, 13.37, 9.51
10:37:01, 1205.10, 11.24, 35, 71, 143, 215, 267, 254, 263, 232, 1038, 61, 17164.10, 13.32, 9.51
10:37:01, 1203.20, 11.24, 36, 73, 146, 219, 277, 263, 273, 241, 1050, 62, 17135.28, 13.35, 9.52
10:37:02, 1201.50, 11.25, 36, 72, 143, 217, 277, 262, 275, 242, 1033, 61, 17149.68, 13.34, 9.52
10:37:02, 1199.70, 11.24, 37, 74, 145, 221, 279, 265, 280, 245, 1022, 61, 17135.28, 13.35, 9.52
10:37:03, 1197.70, 11.24, 37, 75, 147, 222, 279, 265, 282, 246, 1016, 60, 17149.68, 13.34, 9.51
10:37:03, 1196.50, 11.23, 39, 78, 152, 231, 287, 273, 292, 256, 1024, 61, 17178.53, 13.30, 9.51
10:37:04, 1194.70, 11.23, 38, 77, 150, 229, 289, 275, 294, 258, 1031, 61, 17164.10, 13.32, 9.51
10:37:04, 1193.90, 11.22, 40, 80, 155, 237, 298, 284, 303, 268, 1054, 62, 17178.53, 13.30, 9.51
10:37:04, 1192.60, 11.22, 39, 79, 155, 234, 294, 280, 300, 265, 1077, 64, 17207.45, 13.27, 9.51
10:37:05, 1191.10, 11.22, 40, 81, 157, 238, 297, 283, 303, 269, 1113, 66, 17192.98, 13.28, 9.50
10:37:05, 1189.40, 11.22, 41, 83, 160, 242, 301, 287, 307, 274, 1140, 68, 17192.98, 13.28, 9.50
10:37:06, 1187.60, 11.22, 42, 84, 162, 244, 304, 291, 312, 279, 1156, 69, 17192.98, 13.28, 9.50
10:37:06, 1185.40, 11.21, 42, 85, 164, 246, 309, 296, 318, 287, 1183, 71, 17192.98, 13.28, 9.50
10:37:06, 1184.10, 11.21, 43, 86, 167, 251, 313, 300, 323, 291, 1195, 72, 17192.98, 13.28, 9.50
10:37:07, 1182.30, 11.20, 44, 87, 167, 251, 315, 303, 328, 295, 1198, 72, 17192.98, 13.28, 9.49
10:37:07, 1180.40, 11.19, 44, 88, 168, 252, 321, 308, 334, 302, 1216, 73, 17178.53, 13.30, 9.49
10:37:08, 1178.50, 11.19, 45, 90, 172, 258, 326, 314, 342, 309, 1227, 73, 17192.98, 13.28, 9.50
10:37:08, 1177.10, 11.19, 45, 90, 172, 259, 326, 314, 344, 311, 1219, 73, 17221.93, 13.25, 9.50
10:37:08, 1175.40, 11.19, 46, 92, 176, 264, 334, 322, 354, 321, 1245, 75, 17207.45, 13.27, 9.50
10:37:09, 1173.90, 11.19, 47, 93, 177, 267, 330, 318, 352, 318, 1244, 75, 17236.42, 13.23, 9.48
10:37:09, 1172.40, 11.19, 47, 94, 178, 268, 341, 330, 363, 332, 1294, 78, 17236.42, 13.23, 9.48
10:37:10, 1170.90, 11.19, 49, 97, 185, 276, 345, 334, 367, 337, 1337, 81, 17192.98, 13.28, 9.48
10:37:10, 1168.70, 11.18, 51, 101, 190, 283, 353, 342, 377, 348, 1380, 83, 17221.93, 13.25, 9.48
10:37:11, 1167.40, 11.18, 52, 102, 193, 286, 358, 348, 384, 356, 1408, 85, 17192.98, 13.28, 9.48
10:37:11, 1166.70, 11.18, 52, 103, 195, 288, 360, 350, 386, 359, 1426, 86, 17250.93, 13.21, 9.48
10:37:11, 1165.00, 11.19, 53, 104, 196, 290, 359, 349, 387, 358, 1440, 87, 17236.42, 13.23, 9.48
10:37:12, 1163.70, 11.19, 54, 107, 201, 297, 373, 364, 403, 376, 1478, 89, 17265.46, 13.20, 9.48
10:37:12, 1161.80, 11.18, 55, 109, 204, 301, 377, 368, 408, 381, 1500, 91, 17250.93, 13.21, 9.48
10:37:13, 1158.90, 11.18, 57, 111, 207, 305, 384, 375, 418, 392, 1536, 93, 17236.42, 13.23, 9.48
10:37:13, 1157.10, 11.17, 61, 119, 221, 325, 399, 391, 436, 411, 1570, 95, 17236.42, 13.23, 9.48
10:37:13, 1154.70, 11.17, 63, 124, 229, 334, 407, 398, 447, 421, 1597, 97, 17265.46, 13.20, 9.48
10:37:14, 1153.50, 11.17, 64, 125, 230, 338, 408, 399, 451, 423, 1559, 94, 17250.93, 13.21, 9.48
10:37:14, 1151.40, 11.17, 65, 127, 232, 341, 430, 422, 476, 451, 1616, 98, 17265.46, 13.20, 9.48
10:37:15, 1149.70, 11.17, 66, 129, 236, 346, 437, 429, 485, 460, 1635, 99, 17280.00, 13.18, 9.48
10:37:15, 1147.70, 11.16, 69, 134, 245, 357, 445, 437, 495, 471, 1687, 103, 17250.93, 13.21, 9.47
10:37:15, 1144.90, 11.16, 72, 140, 255, 370, 450, 442, 503, 479, 1722, 105, 17265.46, 13.20, 9.47
10:37:16, 1142.60, 11.16, 75, 145, 263, 380, 467, 461, 524, 504, 1789, 109, 17265.46, 13.20, 9.47
10:37:16, 1140.30, 11.16, 76, 147, 265, 383, 476, 468, 536, 514, 1864, 115, 17250.93, 13.21, 9.47
10:37:17, 1139.30, 11.15, 78, 151, 271, 391, 481, 474, 543, 522, 1912, 118, 17294.56, 13.16, 9.47
10:37:17, 1138.30, 11.15, 82, 158, 284, 407, 497, 489, 558, 541, 2007, 124, 17250.93, 13.21, 9.45
10:37:18, 1136.70, 11.14, 84, 162, 289, 412, 498, 491, 559, 544, 2097, 131, 17294.56, 13.16, 9.45
10:37:18, 1135.20, 11.13, 85, 163, 291, 411, 507, 501, 566, 556, 2187, 137, 17294.56, 13.16, 9.45
10:37:18, 1133.90, 11.13, 87, 165, 295, 416, 515, 511, 575, 569, 2257, 142, 17294.56, 13.16, 9.45
10:37:19, 1132.60, 11.12, 89, 168, 299, 419, 514, 510, 575, 571, 2280, 143, 17309.13, 13.14, 9.45
10:37:19, 1130.80, 11.12, 90, 169, 301, 422, 512, 508, 575, 572, 2305, 146, 17352.94, 13.09, 9.42
10:37:20, 1129.30, 11.11, 92, 173, 307, 429, 523, 519, 587, 586, 2348, 149, 17294.56, 13.16, 9.42
10:37:20, 1127.70, 11.10, 94, 176, 312, 435, 527, 523, 597, 593, 2377, 152, 17309.13, 13.14, 9.41
10:37:20, 1126.00, 11.10, 96, 181, 319, 444, 534, 528, 607, 601, 2392, 153, 17294.56, 13.16, 9.41
10:37:21, 1124.70, 11.10, 99, 186, 327, 457, 554, 548, 634, 628, 2408, 154, 17309.13, 13.14, 9.41
10:37:21, 1122.80, 11.09, 100, 189, 330, 462, 569, 563, 655, 648, 2414, 155, 17309.13, 13.14, 9.41
10:37:22, 1120.60, 11.08, 101, 191, 332, 464, 563, 556, 654, 641, 2389, 154, 17338.32, 13.11, 9.41
10:37:22, 1119.10, 11.08, 105, 198, 343, 479, 578, 571, 673, 662, 2454, 159, 17338.32, 13.11, 9.40
10:37:22, 1117.80, 11.07, 107, 201, 347, 483, 579, 572, 674, 664, 2497, 163, 17323.72, 13.13, 9.40
10:37:23, 1116.20, 11.06, 111, 207, 357, 493, 602, 595, 697, 696, 2658, 176, 17352.94, 13.09, 9.40
10:37:23, 1114.60, 11.05, 114, 212, 366, 503, 616, 611, 713, 718, 2752, 183, 17352.94, 13.09, 9.38
10:37:24, 1112.70, 11.05, 118, 218, 375, 514, 623, 619, 724, 731, 2816, 189, 17382.23, 13.06, 9.38
10:37:24, 1110.80, 11.04, 121, 223, 381, 520, 632, 628, 737, 745, 2874, 194, 17352.94, 13.09, 9.38
10:37:25, 1109.30, 11.03, 128, 236, 402, 548, 643, 639, 750, 760, 2928, 199, 17323.72, 13.13, 9.38
10:37:25, 1107.70, 11.03, 130, 239, 406, 553, 653, 649, 764, 775, 2985, 205, 17367.58, 13.07, 9.38
10:37:25, 1105.30, 11.03, 134, 245, 415, 562, 676, 673, 794, 809, 3097, 215, 17367.58, 13.07, 9.38
10:37:26, 1102.90, 11.03, 138, 253, 425, 574, 698, 696, 823, 842, 3189, 223, 17367.58, 13.07, 9.38
10:37:26, 1100.20, 11.03, 142, 258, 431, 580, 706, 703, 837, 856, 3266, 233, 17352.94, 13.09, 9.38
10:37:27, 1098.00, 11.03, 148, 269, 448, 600, 712, 709, 849, 867, 3306, 240, 17382.23, 13.06, 9.38
10:37:27, 1096.80, 11.02, 154, 280, 465, 623, 724, 722, 868, 887, 3362, 246, 17367.58, 13.07, 9.38
10:37:27, 1095.30, 11.02, 158, 287, 475, 639, 749, 748, 897, 923, 3452, 254, 17396.89, 13.04, 9.38
10:37:28, 1092.80, 11.02, 157, 283, 467, 625, 768, 769, 920, 955, 3632, 273, 17382.23, 13.06, 9.38
10:37:28, 1090.90, 11.01, 171, 305, 502, 667, 796, 801, 957, 999, 3805, 291, 17382.23, 13.06, 9.37
10:37:29, 1089.50, 11.01, 177, 316, 518, 689, 808, 813, 972, 1018, 3890, 301, 17367.58, 13.07, 9.37
10:37:29, 1087.30, 11.01, 184, 326, 532, 704, 838, 844, 1008, 1063, 4063, 322, 17396.89, 13.04, 9.37
10:37:29, 1085.60, 11.01, 190, 337, 547, 722, 853, 859, 1029, 1088, 4166, 336, 17411.58, 13.02, 9.38
10:37:30, 1084.00, 11.01, 195, 344, 557, 734, 873, 881, 1056, 1119, 4259, 348, 17396.89, 13.04, 9.38
10:37:30, 1081.60, 11.01, 201, 352, 568, 746, 885, 892, 1073, 1140, 4388, 372, 17396.89, 13.04, 9.38
10:37:31, 1079.60, 11.01, 213, 373, 599, 784, 917, 927, 1118, 1189, 4556, 396, 17426.28, 13.00, 9.38
10:37:31, 1077.20, 11.01, 220, 384, 613, 800, 929, 939, 1135, 1211, 4675, 421, 17382.23, 13.06, 9.38
10:37:32, 1075.10, 11.01, 230, 399, 633, 828, 962, 976, 1181, 1264, 4864, 447, 17411.58, 13.02, 9.38
10:37:32, 1072.40, 11.01, 238, 410, 647, 840, 1001, 1017, 1232, 1328, 5179, 503, 17426.28, 13.00, 9.38
10:37:32, 1070.00, 11.01, 249, 424, 668, 866, 1019, 1036, 1256, 1358, 5386, 543, 17382.23, 13.06, 9.37
10:37:33, 1067.90, 11.01, 264, 447, 701, 904, 1060, 1084, 1309, 1429, 5649, 587, 17426.28, 13.00, 9.37
10:37:33, 1064.90, 11.01, 275, 462, 719, 925, 1096, 1124, 1359, 1492, 5973, 661, 17426.28, 13.00, 9.37
10:37:34, 1061.90, 11.01, 293, 489, 755, 968, 1128, 1158, 1404, 1546, 6252, 734, 17411.58, 13.02, 9.37
10:37:34, 1059.80, 11.01, 312, 517, 792, 1011, 1166, 1197, 1456, 1605, 6532, 806, 17426.28, 13.00, 9.37
10:37:34, 1057.70, 11.01, 328, 540, 822, 1043, 1198, 1230, 1499, 1656, 6826, 895, 17440.99, 12.99, 9.37
10:37:35, 1055.20, 11.02, 347, 568, 859, 1086, 1236, 1269, 1547, 1716, 7161, 1008, 17411.58, 13.02, 9.37
10:37:35, 1053.60, 11.02, 362, 591, 887, 1120, 1266, 1301, 1585, 1763, 7433, 1097, 17426.28, 13.00, 9.37
10:37:36, 1052.30, 11.02, 373, 605, 906, 1140, 1283, 1320, 1603, 1791, 7619, 1174, 17440.99, 12.99, 9.37
10:37:36, 1050.40, 11.03, 386, 621, 925, 1158, 1322, 1365, 1652, 1859, 7889, 1269, 17426.28, 13.00, 9.37
10:37:36, 1047.70, 11.04, 402, 640, 949, 1183, 1359, 1406, 1699, 1924, 8243, 1439, 17426.28, 13.00, 9.37
10:37:37, 1044.50, 11.04, 434, 684, 1005, 1247, 1415, 1469, 1772, 2020, 8747, 1694, 17470.46, 12.95, 9.37
10:37:37, 1041.70, 11.04, 456, 713, 1040, 1285, 1471, 1529, 1842, 2113, 9186, 1928, 17440.99, 12.99, 9.37
10:37:38, 1038.90, 11.04, 492, 760, 1095, 1344, 1522, 1579, 1912, 2195, 9846, 2372, 17440.99, 12.99, 9.38
10:37:38, 1036.10, 11.04, 525, 805, 1149, 1407, 1576, 1642, 1989, 2288, 10446, 2806, 17500.00, 12.92, 9.38
10:37:39, 1034.00, 11.03, 562, 854, 1207, 1470, 1636, 1701, 2068, 2378, 11117, 3391, 17470.46, 12.95, 9.37
10:37:39, 1031.70, 11.04, 595, 899, 1263, 1533, 1702, 1777, 2157, 2488, 11773, 4068, 17470.46, 12.95, 9.37
10:37:39, 1029.60, 11.04, 621, 930, 1299, 1565, 1735, 1818, 2203, 2541, 12288, 4823, 17455.72, 12.97, 9.37
10:37:40, 1027.90, 11.04, 661, 973, 1353, 1627, 1834, 1936, 2330, 2691, 13156, 6076, 17500.00, 12.92, 9.37
10:37:40, 1026.30, 11.05, 725, 1065, 1467, 1779, 1921, 2050, 2448, 2847, 13420, 6356, 17485.22, 12.93, 9.37
10:37:41, 1025.50, 11.05, 712, 1044, 1442, 1748, 1891, 2017, 2413, 2819, 13265, 6386, 17470.46, 12.95, 9.37
10:37:41, 1025.60, 11.04, 722, 1068, 1469, 1786, 1935, 2084, 2481, 2925, 13045, 6274, 17485.22, 12.93, 9.37
10:37:41, 1025.60, 11.04, 740, 1102, 1506, 1845, 2046, 2204, 2625, 3106, 13035, 6237, 17485.22, 12.93, 9.37
10:37:42, 1025.50, 11.03, 753, 1116, 1530, 1868, 1991, 2121, 2555, 2964, 11899, 5628, 17455.72, 12.97, 9.38
10:37:42, 1025.20, 11.02, 767, 1152, 1564, 1928, 2161, 2286, 2765, 3253, 11643, 5443, 17440.99, 12.99, 9.38
10:37:43, 1025.30, 11.02, 791, 1196, 1617, 1998, 2075, 2220, 2641, 3122, 10360, 4715, 17529.60, 12.88, 9.41
10:37:43, 1025.40, 11.02, 756, 1116, 1510, 1842, 1896, 2013, 2368, 2834, 9108, 3827, 17500.00, 12.92, 9.41
10:37:43, 1025.20, 11.02, 701, 1026, 1396, 1669, 1765, 1893, 2190, 2665, 7817, 3068, 17529.60, 12.88, 9.41
10:37:44, 1025.30, 11.02, 665, 978, 1316, 1625, 1701, 1852, 2230, 2589, 7400, 2926, 17500.00, 12.92, 9.42
10:37:44, 1025.30, 11.02, 703, 1053, 1398, 1695, 1704, 1780, 2120, 2425, 8934, 3926, 17514.79, 12.90, 9.42
10:37:45, 1025.40, 11.03, 701, 992, 1348, 1593, 1745, 1887, 2221, 2561, 9541, 4151, 17485.22, 12.93, 9.46
