Secchi Depth (cm) = 0225
Forel Ule Scale = 08
pH Colour Scale = 99
SmartSecchi S/N = A003
Latitude (degs N) = 50.21597
Longitude (degs E) = -5.02768
Date = 2023-02-03
Time (UTC), Pressure (mbar) MS5803, Temp (deg C) MS5803, 415nm, 445nm, 480nm, 515nm, 555nm, 590nm, 630nm, 680nm, Clear, NIR, Resistance 10KTHERM, Temp (deg C) 10KTHERM, Temp (deg C) TMP117
13:33:48, 1024.80, 10.63, 542, 796, 1101, 1341, 1503, 1572, 1927, 2172, 10844, 5547, 18898.30, 11.33, 11.06
13:33:48, 1024.90, 10.64, 604, 845, 1172, 1420, 1620, 1786, 2003, 2440, 8452, 4415, 18833.15, 11.40, 11.06
13:33:48, 1025.00, 10.65, 618, 867, 1188, 1483, 1651, 1867, 2069, 2519, 7375, 3697, 18898.30, 11.33, 11.06
13:33:49, 1024.80, 10.65, 644, 911, 1241, 1563, 1623, 1829, 2051, 2469, 6794, 3391, 18833.15, 11.40, 11.13
13:33:49, 1025.00, 10.66, 616, 868, 1186, 1483, 1594, 1795, 1998, 2424, 7119, 3595, 18849.41, 11.39, 11.13
13:33:50, 1024.90, 10.67, 674, 947, 1312, 1589, 1792, 1966, 2203, 2702, 9484, 4851, 18881.99, 11.35, 11.16
13:33:50, 1024.70, 10.67, 654, 930, 1290, 1547, 1663, 1811, 2055, 2492, 9096, 4742, 18800.68, 11.44, 11.16
13:33:50, 1024.70, 10.68, 634, 896, 1243, 1497, 1632, 1792, 2019, 2455, 8638, 4506, 18816.90, 11.42, 11.16
13:33:51, 1025.10, 10.67, 617, 870, 1191, 1474, 1588, 1774, 1989, 2405, 6879, 3448, 18849.41, 11.39, 11.21
13:33:51, 1024.80, 10.67, 576, 853, 1140, 1457, 1573, 1706, 2013, 2346, 5501, 2746, 18833.15, 11.40, 11.21
13:33:52, 1024.40, 10.68, 668, 1011, 1357, 1729, 2120, 2251, 2779, 3127, 7904, 3797, 18865.69, 11.37, 11.21
13:33:52, 1024.90, 10.69, 685, 1060, 1403, 1787, 2047, 2164, 2716, 3080, 10208, 4831, 18833.15, 11.40, 11.21
13:33:53, 1025.00, 10.71, 912, 1196, 1751, 2008, 2163, 2563, 2745, 3437, 9025, 4100, 18865.69, 11.37, 11.21
13:33:53, 1024.90, 10.71, 668, 997, 1351, 1776, 2504, 2529, 3276, 3641, 17202, 9090, 18833.15, 11.40, 11.16
13:33:53, 1024.80, 10.71, 1098, 1429, 2007, 2603, 2960, 3330, 4187, 4533, 13749, 6275, 18768.28, 11.47, 11.16
13:33:54, 1024.70, 10.72, 829, 1181, 1645, 1913, 1858, 2089, 2308, 2862, 7116, 3142, 18833.15, 11.40, 11.12
13:33:54, 1024.90, 10.73, 766, 1170, 1558, 2094, 2387, 2464, 3245, 3462, 15429, 7450, 18833.15, 11.40, 11.12
13:33:55, 1025.00, 10.73, 935, 1352, 1936, 2247, 2315, 2429, 2911, 3380, 17127, 8807, 18833.15, 11.40, 11.12
13:33:55, 1024.90, 10.73, 862, 1199, 1694, 1959, 2452, 2712, 3066, 3723, 17862, 8932, 18849.41, 11.39, 11.08
13:33:55, 1024.60, 10.73, 981, 1358, 1978, 2262, 2493, 2565, 3166, 3694, 17150, 9088, 18865.69, 11.37, 11.08
13:33:56, 1024.80, 10.74, 721, 1094, 1480, 1892, 2010, 2196, 2798, 2982, 9911, 4300, 18849.41, 11.39, 11.05
13:33:56, 1025.00, 10.74, 837, 1155, 1598, 2057, 2093, 2438, 2687, 3259, 10484, 4904, 18833.15, 11.40, 11.05
13:33:57, 1024.90, 10.74, 966, 1381, 1970, 2289, 2711, 2710, 3562, 3903, 11430, 5522, 18800.68, 11.44, 11.05
13:33:57, 1025.00, 10.75, 946, 1399, 1846, 2446, 2678, 3274, 3495, 4202, 17917, 8081, 18719.82, 11.53, 11.00
13:33:57, 1024.90, 10.75, 992, 1333, 1944, 2233, 2494, 2609, 3110, 3701, 17426, 9152, 18816.90, 11.42, 11.00
13:33:58, 1024.40, 10.75, 697, 1055, 1452, 1876, 2076, 2223, 2850, 3060, 10618, 4755, 18784.47, 11.46, 10.97
13:33:58, 1026.60, 10.75, 761, 1087, 1489, 1920, 1891, 2190, 2385, 2961, 7017, 3195, 18752.11, 11.49, 10.97
13:33:59, 1028.30, 10.72, 794, 1123, 1595, 1848, 2376, 2414, 2968, 3485, 9511, 4434, 18784.47, 11.46, 10.97
13:33:59, 1028.90, 10.68, 848, 1347, 1836, 2303, 2706, 2773, 3725, 3927, 12114, 5417, 18816.90, 11.42, 10.27
13:34:00, 1029.60, 10.64, 887, 1375, 1810, 2501, 2495, 2837, 3438, 3805, 13780, 5267, 18816.90, 11.42, 10.27
13:34:00, 1030.70, 10.62, 698, 1043, 1412, 1840, 1772, 1984, 2298, 2662, 12614, 4446, 18833.15, 11.40, 9.86
13:34:00, 1031.20, 10.59, 820, 1188, 1630, 2091, 2099, 2358, 2721, 3171, 14090, 4946, 18800.68, 11.44, 9.86
13:34:01, 1033.80, 10.57, 848, 1226, 1703, 2214, 2296, 2646, 3024, 3492, 14061, 4271, 18833.15, 11.40, 9.86
13:34:01, 1036.10, 10.55, 784, 1212, 1668, 2255, 2463, 2812, 3355, 3727, 12880, 3202, 18752.11, 11.49, 9.70
13:34:02, 1035.40, 10.54, 740, 1184, 1608, 2186, 2324, 2481, 3147, 3421, 10724, 2829, 18800.68, 11.44, 9.70
13:34:02, 1035.70, 10.52, 717, 1169, 1593, 2140, 2258, 2299, 3012, 3247, 9770, 2629, 18800.68, 11.44, 9.67
13:34:02, 1035.40, 10.52, 727, 1176, 1641, 2112, 2377, 2367, 3103, 3393, 9510, 2585, 18752.11, 11.49, 9.67
13:34:03, 1035.10, 10.51, 787, 1232, 1755, 2162, 2562, 2491, 3266, 3609, 9647, 2839, 18768.28, 11.47, 9.67
13:34:03, 1033.70, 10.50, 725, 1109, 1581, 1909, 2498, 2473, 3061, 3582, 9153, 2747, 18849.41, 11.39, 9.66
13:34:04, 1028.90, 10.49, 771, 1135, 1619, 1916, 2322, 2374, 2850, 3415, 8915, 3547, 18816.90, 11.42, 9.66
13:34:04, 1027.80, 10.48, 870, 1263, 1789, 2104, 2385, 2478, 2959, 3539, 10258, 4678, 18816.90, 11.42, 9.63
13:34:04, 1029.00, 10.48, 894, 1292, 1825, 2150, 2427, 2495, 2994, 3579, 10100, 4781, 18800.68, 11.44, 9.63
13:34:05, 1030.40, 10.47, 815, 1191, 1695, 2010, 2067, 2141, 2534, 3074, 8197, 2959, 18800.68, 11.44, 9.63
13:34:05, 1030.10, 10.47, 856, 1213, 1746, 2032, 2122, 2240, 2579, 3194, 8295, 3114, 18833.15, 11.40, 9.63
13:34:06, 1030.40, 10.47, 934, 1267, 1857, 2133, 2428, 2605, 2889, 3667, 8875, 3402, 18800.68, 11.44, 9.63
13:34:06, 1030.40, 10.46, 852, 1155, 1685, 1969, 2373, 2629, 2841, 3633, 8711, 3280, 18768.28, 11.47, 9.63
13:34:07, 1030.60, 10.46, 822, 1110, 1612, 1910, 2247, 2523, 2725, 3472, 7916, 2923, 18768.28, 11.47, 9.63
13:34:07, 1030.50, 10.47, 902, 1196, 1738, 2084, 2189, 2485, 2674, 3392, 7483, 2736, 18800.68, 11.44, 9.63
13:34:07, 1030.40, 10.47, 929, 1234, 1782, 2171, 2209, 2556, 2733, 3438, 7762, 2832, 18800.68, 11.44, 9.63
13:34:08, 1030.40, 10.46, 890, 1201, 1722, 2130, 2199, 2581, 2907, 3433, 8078, 2906, 18784.47, 11.46, 9.63
13:34:08, 1030.40, 10.46, 804, 1113, 1571, 1982, 2160, 2549, 2773, 3380, 7831, 2804, 18833.15, 11.40, 9.63
13:34:09, 1029.10, 10.46, 797, 1117, 1548, 2010, 2067, 2458, 2648, 3227, 6979, 2668, 18800.68, 11.44, 9.63
13:34:09, 1028.30, 10.46, 874, 1241, 1677, 2203, 2186, 2767, 2915, 3628, 8214, 3170, 18833.15, 11.40, 9.63
13:34:09, 1028.30, 10.46, 924, 1265, 1752, 2316, 2306, 2871, 3157, 3979, 8998, 3963, 18833.15, 11.40, 9.63
13:34:10, 1028.60, 10.46, 799, 1126, 1568, 2071, 2223, 2682, 3016, 3669, 8836, 3530, 18816.90, 11.42, 9.63
13:34:10, 1029.10, 10.46, 843, 1214, 1681, 2199, 2445, 2772, 3257, 3715, 10768, 4534, 18800.68, 11.44, 9.63
13:34:11, 1029.50, 10.46, 688, 961, 1355, 1783, 1873, 2061, 2429, 2796, 6559, 2443, 18849.41, 11.39, 9.63
13:34:11, 1029.40, 10.45, 650, 950, 1310, 1751, 1926, 2118, 2544, 2942, 7198, 3041, 18816.90, 11.42, 9.63
13:34:11, 1029.30, 10.45, 749, 1183, 1547, 2144, 2150, 2532, 3218, 3125, 10580, 3623, 18816.90, 11.42, 9.63
13:34:12, 1029.40, 10.45, 728, 1087, 1500, 2097, 2421, 2339, 3370, 3234, 15093, 5657, 18816.90, 11.42, 9.63
13:34:12, 1029.20, 10.44, 664, 1037, 1407, 1792, 2060, 2210, 2737, 3269, 13828, 6398, 18816.90, 11.42, 9.66
13:34:13, 1029.20, 10.44, 798, 1188, 1640, 2041, 2085, 2422, 2809, 3339, 15821, 7089, 18800.68, 11.44, 9.66
13:34:13, 1028.90, 10.44, 824, 1168, 1657, 2017, 2280, 2606, 2942, 3619, 15464, 6222, 18800.68, 11.44, 9.66
13:34:14, 1029.10, 10.44, 849, 1149, 1628, 2090, 2298, 2764, 3143, 3631, 15023, 6088, 18833.15, 11.40, 9.64
13:34:14, 1028.70, 10.44, 813, 1207, 1618, 2225, 2343, 2631, 3325, 3630, 12378, 5269, 18849.41, 11.39, 9.64
13:34:14, 1028.70, 10.43, 738, 1174, 1566, 2129, 2197, 2296, 3138, 3288, 10414, 4730, 18816.90, 11.42, 9.65
13:34:15, 1028.90, 10.43, 757, 1182, 1641, 2080, 2323, 2298, 3161, 3382, 9565, 4413, 18833.15, 11.40, 9.65
13:34:15, 1029.10, 10.43, 792, 1164, 1677, 2031, 2122, 2106, 2757, 3113, 8670, 3930, 18816.90, 11.42, 9.65
13:34:16, 1028.80, 10.44, 802, 1108, 1636, 1873, 1932, 1977, 2414, 2910, 7622, 3436, 18833.15, 11.40, 9.64
13:34:16, 1029.00, 10.44, 684, 926, 1337, 1577, 1982, 2113, 2426, 3046, 7233, 3274, 18816.90, 11.42, 9.64
13:34:16, 1029.30, 10.44, 878, 1083, 1646, 1853, 2133, 2350, 2554, 3301, 7512, 3533, 18833.15, 11.40, 9.65
13:34:17, 1029.40, 10.44, 689, 896, 1310, 1545, 1837, 2075, 2265, 2880, 7110, 3051, 18833.15, 11.40, 9.65
13:34:17, 1029.00, 10.44, 742, 937, 1391, 1632, 1987, 2227, 2415, 3113, 6746, 2938, 18849.41, 11.39, 9.65
13:34:18, 1029.10, 10.44, 893, 1100, 1672, 1891, 2103, 2255, 2542, 3218, 7363, 3362, 18816.90, 11.42, 9.65
13:34:18, 1029.30, 10.43, 707, 967, 1400, 1644, 1749, 1860, 2186, 2685, 7473, 3112, 18833.15, 11.40, 9.65
13:34:19, 1029.40, 10.43, 706, 1004, 1454, 1720, 2211, 2140, 2808, 3182, 8427, 3743, 18816.90, 11.42, 9.64
13:34:19, 1029.60, 10.43, 734, 1095, 1559, 1944, 2516, 2401, 3478, 3558, 9420, 4274, 18816.90, 11.42, 9.64
13:34:19, 1029.60, 10.43, 690, 1101, 1493, 1985, 2342, 2363, 3403, 3424, 10072, 4306, 18833.15, 11.40, 9.64
13:34:20, 1029.30, 10.42, 706, 1128, 1497, 2080, 2144, 2308, 3014, 3240, 10395, 4129, 18833.15, 11.40, 9.64
13:34:20, 1029.50, 10.43, 749, 1141, 1525, 2122, 2178, 2461, 3038, 3358, 11723, 4637, 18849.41, 11.39, 9.64
13:34:21, 1029.50, 10.43, 841, 1207, 1634, 2252, 2218, 2674, 3047, 3502, 13487, 5333, 18849.41, 11.39, 9.64
13:34:21, 1029.50, 10.43, 876, 1206, 1679, 2246, 2170, 2559, 2905, 3387, 14023, 5543, 18833.15, 11.40, 9.64
13:34:21, 1029.50, 10.43, 827, 1142, 1600, 2093, 2097, 2415, 2809, 3266, 13612, 5274, 18833.15, 11.40, 9.64
13:34:22, 1029.20, 10.43, 816, 1124, 1613, 2019, 2197, 2607, 2905, 3549, 14838, 5794, 18833.15, 11.40, 9.64
13:34:22, 1029.60, 10.43, 840, 1146, 1638, 2025, 2259, 2682, 2904, 3674, 15626, 5988, 18881.99, 11.35, 9.64
13:34:23, 1029.40, 10.43, 851, 1162, 1676, 2049, 2359, 2618, 2967, 3570, 15669, 6115, 18865.69, 11.37, 9.65
13:34:23, 1029.40, 10.43, 825, 1153, 1664, 1978, 2286, 2544, 2911, 3569, 15473, 6178, 18898.30, 11.33, 9.65
13:34:23, 1030.00, 10.44, 868, 1200, 1742, 2081, 2338, 2587, 2886, 3518, 15951, 6227, 18849.41, 11.39, 9.65
13:34:24, 1030.00, 10.44, 911, 1216, 1766, 2187, 2296, 2716, 3023, 3704, 15473, 5850, 18833.15, 11.40, 9.65
13:34:24, 1029.90, 10.44, 864, 1179, 1695, 2136, 2221, 2580, 3001, 3464, 13992, 5218, 18833.15, 11.40, 9.65
13:34:25, 1029.70, 10.44, 798, 1127, 1558, 2097, 2108, 2523, 2879, 3349, 12678, 4758, 18898.30, 11.33, 9.64
13:34:25, 1029.80, 10.43, 778, 1120, 1531, 2054, 2173, 2630, 2997, 3461, 12683, 4776, 18849.41, 11.39, 9.64
13:34:26, 1030.10, 10.43, 806, 1153, 1579, 2127, 2220, 2675, 3065, 3523, 13177, 4960, 18881.99, 11.35, 9.63
13:34:26, 1030.40, 10.42, 841, 1181, 1631, 2193, 2276, 2719, 3093, 3566, 13801, 5091, 18833.15, 11.40, 9.63
13:34:26, 1030.10, 10.42, 886, 1250, 1731, 2301, 2446, 2889, 3256, 3773, 14533, 5452, 18865.69, 11.37, 9.63
13:34:27, 1029.90, 10.41, 920, 1300, 1799, 2394, 2451, 2920, 3287, 3820, 14123, 5263, 18849.41, 11.39, 9.63
13:34:27, 1030.10, 10.41, 912, 1306, 1790, 2414, 2399, 2839, 3247, 3733, 13340, 5017, 18865.69, 11.37, 9.63
13:34:28, 1030.20, 10.41, 867, 1271, 1735, 2341, 2383, 2718, 3254, 3660, 12712, 4728, 18865.69, 11.37, 9.63
13:34:28, 1030.00, 10.41, 885, 1328, 1790, 2468, 2514, 2848, 3466, 3839, 12892, 4808, 18865.69, 11.37, 9.63
13:34:28, 1030.10, 10.41, 904, 1362, 1826, 2541, 2635, 3002, 3679, 4026, 13265, 4989, 18881.99, 11.35, 9.63
13:34:29, 1030.30, 10.41, 893, 1340, 1802, 2486, 2581, 2926, 3576, 3938, 13144, 4869, 18881.99, 11.35, 9.63
13:34:29, 1031.50, 10.41, 880, 1317, 1781, 2444, 2514, 2825, 3472, 3825, 12643, 4465, 18914.64, 11.31, 9.63
13:34:30, 1032.10, 10.41, 846, 1292, 1751, 2409, 2434, 2691, 3352, 3677, 11997, 3998, 18865.69, 11.37, 9.62
13:34:30, 1032.40, 10.40, 815, 1271, 1718, 2369, 2373, 2584, 3259, 3554, 11434, 3695, 18914.64, 11.31, 9.62
13:34:30, 1033.40, 10.40, 787, 1246, 1685, 2325, 2347, 2529, 3224, 3497, 11022, 3425, 18865.69, 11.37, 9.62
13:34:31, 1034.80, 10.40, 767, 1225, 1662, 2295, 2317, 2486, 3176, 3435, 10721, 3122, 18881.99, 11.35, 9.61
13:34:31, 1035.60, 10.40, 736, 1178, 1606, 2213, 2305, 2479, 3160, 3416, 10655, 2967, 18881.99, 11.35, 9.61
13:34:32, 1036.40, 10.40, 719, 1149, 1571, 2150, 2254, 2433, 3081, 3340, 10549, 2835, 18898.30, 11.33, 9.61
13:34:32, 1037.50, 10.40, 690, 1100, 1514, 2053, 2219, 2386, 3012, 3275, 10307, 2627, 18898.30, 11.33, 9.61
13:34:33, 1038.50, 10.41, 673, 1073, 1483, 2012, 2214, 2366, 3002, 3251, 10071, 2443, 18881.99, 11.35, 9.61
13:34:33, 1039.90, 10.41, 669, 1073, 1488, 2040, 2214, 2351, 2995, 3225, 9819, 2219, 18898.30, 11.33, 9.60
13:34:33, 1040.80, 10.40, 647, 1044, 1455, 1989, 2236, 2363, 3031, 3244, 9681, 2119, 18898.30, 11.33, 9.60
13:34:34, 1042.20, 10.40, 639, 1036, 1447, 1977, 2228, 2352, 3024, 3224, 9513, 1999, 18881.99, 11.35, 9.61
13:34:34, 1043.10, 10.40, 635, 1034, 1448, 1991, 2175, 2302, 2940, 3143, 9341, 1876, 18881.99, 11.35, 9.61
13:34:35, 1044.00, 10.40, 631, 1029, 1444, 1989, 2137, 2265, 2876, 3079, 9218, 1792, 18914.64, 11.31, 9.61
13:34:35, 1044.80, 10.40, 624, 1019, 1435, 1972, 2094, 2218, 2810, 3010, 9070, 1706, 18881.99, 11.35, 9.60
13:34:35, 1045.60, 10.40, 609, 996, 1408, 1935, 2081, 2205, 2801, 2992, 8951, 1645, 18914.64, 11.31, 9.60
13:34:36, 1047.00, 10.41, 591, 968, 1370, 1871, 2049, 2164, 2753, 2932, 8755, 1552, 18898.30, 11.33, 9.61
13:34:36, 1047.80, 10.41, 574, 945, 1344, 1834, 2045, 2146, 2744, 2909, 8611, 1492, 18931.00, 11.30, 9.61
13:34:37, 1049.00, 10.41, 550, 910, 1302, 1766, 2010, 2073, 2672, 2830, 8201, 1333, 18914.64, 11.31, 9.61
13:34:37, 1049.90, 10.40, 551, 913, 1305, 1778, 1976, 2022, 2605, 2766, 7962, 1256, 18931.00, 11.30, 9.59
13:34:38, 1051.30, 10.40, 543, 905, 1299, 1764, 1970, 2009, 2596, 2749, 7845, 1212, 18898.30, 11.33, 9.59
13:34:38, 1052.80, 10.40, 525, 879, 1272, 1709, 1951, 1981, 2575, 2709, 7654, 1130, 18865.69, 11.37, 9.59
13:34:38, 1053.80, 10.40, 513, 860, 1249, 1674, 1921, 1943, 2523, 2654, 7458, 1062, 18914.64, 11.31, 9.59
13:34:39, 1055.50, 10.40, 500, 840, 1226, 1638, 1877, 1893, 2437, 2579, 7197, 977, 18898.30, 11.33, 9.59
13:34:39, 1056.90, 10.40, 491, 827, 1213, 1619, 1860, 1867, 2402, 2538, 7016, 916, 18898.30, 11.33, 9.59
13:34:40, 1058.40, 10.40, 476, 804, 1187, 1577, 1848, 1846, 2374, 2505, 6837, 854, 18898.30, 11.33, 9.59
13:34:40, 1059.60, 10.39, 464, 784, 1164, 1542, 1851, 1838, 2375, 2489, 6713, 812, 18947.37, 11.28, 9.60
13:34:40, 1061.00, 10.40, 459, 776, 1156, 1534, 1826, 1813, 2334, 2450, 6617, 780, 18931.00, 11.30, 9.60
13:34:41, 1062.40, 10.40, 452, 766, 1145, 1523, 1796, 1790, 2289, 2407, 6517, 745, 18947.37, 11.28, 9.60
13:34:41, 1063.50, 10.39, 441, 751, 1123, 1500, 1768, 1767, 2262, 2367, 6438, 713, 18931.00, 11.30, 9.59
13:34:42, 1064.90, 10.39, 431, 737, 1103, 1480, 1745, 1748, 2246, 2334, 6396, 691, 18931.00, 11.30, 9.59
13:34:42, 1066.30, 10.39, 423, 726, 1090, 1472, 1760, 1765, 2286, 2340, 6372, 670, 18947.37, 11.28, 9.60
13:34:42, 1067.80, 10.39, 421, 725, 1089, 1490, 1686, 1702, 2154, 2242, 6239, 629, 18881.99, 11.35, 9.60
13:34:43, 1069.20, 10.39, 408, 703, 1058, 1447, 1705, 1723, 2192, 2258, 6255, 619, 18963.76, 11.26, 9.60
13:34:43, 1070.70, 10.39, 397, 686, 1037, 1419, 1647, 1663, 2090, 2175, 6050, 576, 18963.76, 11.26, 9.59
13:34:44, 1071.40, 10.38, 392, 680, 1032, 1407, 1638, 1650, 2077, 2153, 5943, 556, 18947.37, 11.28, 9.59
13:34:44, 1073.00, 10.38, 389, 677, 1031, 1408, 1597, 1607, 2012, 2095, 5788, 528, 18931.00, 11.30, 9.59
13:34:45, 1074.40, 10.38, 380, 661, 1014, 1375, 1622, 1616, 2047, 2108, 5704, 515, 18931.00, 11.30, 9.59
13:34:45, 1076.00, 10.38, 376, 652, 1009, 1357, 1570, 1561, 1952, 2034, 5461, 486, 18931.00, 11.30, 9.59
13:34:45, 1076.80, 10.38, 362, 624, 974, 1298, 1573, 1552, 1940, 2023, 5281, 465, 18898.30, 11.33, 9.59
13:34:46, 1078.00, 10.38, 355, 608, 956, 1267, 1500, 1489, 1821, 1927, 4970, 425, 18931.00, 11.30, 9.59
13:34:46, 1078.90, 10.38, 353, 599, 950, 1247, 1442, 1438, 1735, 1856, 4683, 395, 18947.37, 11.28, 9.59
13:34:47, 1079.90, 10.38, 346, 587, 936, 1223, 1425, 1421, 1699, 1830, 4554, 379, 18947.37, 11.28, 9.59
13:34:47, 1081.00, 10.37, 338, 571, 912, 1189, 1435, 1427, 1697, 1838, 4486, 370, 18931.00, 11.30, 9.59
13:34:47, 1082.20, 10.37, 331, 557, 891, 1160, 1418, 1413, 1667, 1815, 4379, 357, 18963.76, 11.26, 9.59
13:34:48, 1083.20, 10.37, 324, 545, 875, 1139, 1379, 1378, 1618, 1765, 4234, 339, 18947.37, 11.28, 9.59
13:34:48, 1084.20, 10.36, 319, 539, 867, 1129, 1351, 1353, 1587, 1731, 4128, 328, 18980.17, 11.24, 9.58
13:34:49, 1084.90, 10.36, 315, 533, 859, 1120, 1347, 1347, 1578, 1719, 4088, 322, 18980.17, 11.24, 9.58
13:34:49, 1085.70, 10.35, 309, 524, 845, 1103, 1337, 1340, 1564, 1708, 4043, 315, 18996.60, 11.23, 9.58
13:34:50, 1086.20, 10.35, 308, 521, 842, 1098, 1341, 1340, 1568, 1710, 4006, 314, 18963.76, 11.26, 9.58
13:34:50, 1087.10, 10.35, 297, 503, 812, 1063, 1318, 1322, 1532, 1676, 3923, 300, 18963.76, 11.26, 9.58
13:34:50, 1088.60, 10.35, 297, 500, 813, 1062, 1250, 1262, 1448, 1592, 3667, 272, 18980.17, 11.24, 9.58
13:34:51, 1089.40, 10.35, 306, 511, 837, 1088, 1263, 1277, 1455, 1608, 3688, 273, 18947.37, 11.28, 9.58
13:34:51, 1090.60, 10.34, 292, 491, 802, 1046, 1251, 1270, 1432, 1591, 3579, 261, 18963.76, 11.26, 9.58
13:34:52, 1091.50, 10.34, 291, 484, 793, 1034, 1231, 1257, 1403, 1569, 3435, 248, 18980.17, 11.24, 9.58
13:34:52, 1092.10, 10.35, 284, 471, 774, 1010, 1221, 1255, 1389, 1563, 3332, 242, 18980.17, 11.24, 9.58
13:34:52, 1092.30, 10.35, 275, 455, 747, 979, 1186, 1223, 1348, 1517, 3159, 227, 18980.17, 11.24, 9.58
13:34:53, 1092.40, 10.34, 276, 453, 746, 976, 1145, 1183, 1304, 1462, 3047, 216, 18996.60, 11.23, 9.58
13:34:53, 1092.50, 10.34, 272, 446, 736, 963, 1127, 1166, 1286, 1440, 3017, 215, 18980.17, 11.24, 9.57
13:34:54, 1092.50, 10.34, 265, 438, 721, 945, 1124, 1161, 1285, 1437, 3031, 217, 18980.17, 11.24, 9.57
13:34:54, 1093.00, 10.33, 260, 432, 710, 932, 1140, 1173, 1301, 1452, 3080, 222, 18963.76, 11.26, 9.57
13:34:55, 1094.30, 10.33, 259, 429, 708, 930, 1121, 1153, 1279, 1424, 3016, 214, 18980.17, 11.24, 9.57
13:34:55, 1095.30, 10.33, 258, 427, 708, 930, 1135, 1173, 1291, 1444, 3016, 213, 18947.37, 11.28, 9.57
13:34:55, 1096.30, 10.33, 265, 435, 723, 950, 1139, 1185, 1289, 1447, 2960, 205, 18980.17, 11.24, 9.56
13:34:56, 1097.30, 10.33, 266, 437, 728, 962, 1152, 1208, 1298, 1461, 2907, 200, 18963.76, 11.26, 9.56
13:34:56, 1098.70, 10.34, 268, 437, 732, 971, 1152, 1216, 1298, 1459, 2865, 194, 19013.05, 11.21, 9.56
13:34:57, 1099.90, 10.33, 263, 431, 721, 962, 1153, 1219, 1296, 1455, 2850, 192, 18963.76, 11.26, 9.56
13:34:57, 1100.90, 10.33, 264, 430, 722, 964, 1143, 1203, 1282, 1435, 2844, 189, 18963.76, 11.26, 9.56
13:34:57, 1102.60, 10.33, 261, 425, 718, 956, 1125, 1179, 1257, 1403, 2785, 183, 18963.76, 11.26, 9.57
13:34:58, 1104.00, 10.33, 251, 413, 697, 929, 1123, 1172, 1251, 1395, 2769, 183, 18996.60, 11.23, 9.57
13:34:58, 1105.10, 10.32, 244, 403, 684, 912, 1102, 1143, 1225, 1362, 2739, 181, 18980.17, 11.24, 9.57
13:34:59, 1106.30, 10.32, 237, 396, 671, 896, 1071, 1105, 1192, 1318, 2692, 177, 18996.60, 11.23, 9.56
13:34:59, 1107.00, 10.32, 233, 391, 664, 885, 1067, 1095, 1190, 1310, 2720, 180, 18980.17, 11.24, 9.56
13:34:59, 1107.90, 10.32, 229, 387, 657, 877, 1060, 1079, 1183, 1292, 2754, 181, 18980.17, 11.24, 9.57
13:35:00, 1110.60, 10.32, 217, 371, 630, 844, 1015, 1032, 1134, 1228, 2646, 172, 18996.60, 11.23, 9.57
13:35:00, 1112.00, 10.32, 210, 358, 612, 823, 1052, 1074, 1162, 1268, 2711, 175, 19013.05, 11.21, 9.57
13:35:01, 1113.30, 10.32, 201, 342, 585, 790, 1000, 1034, 1107, 1212, 2466, 158, 19013.05, 11.21, 9.56
13:35:01, 1114.40, 10.32, 202, 339, 582, 790, 950, 995, 1054, 1152, 2212, 139, 18980.17, 11.24, 9.56
13:35:02, 1115.60, 10.32, 204, 341, 587, 804, 931, 983, 1034, 1126, 2073, 128, 19045.99, 11.17, 9.56
13:35:02, 1116.90, 10.32, 200, 338, 579, 805, 930, 994, 1046, 1125, 2031, 125, 19013.05, 11.21, 9.56
13:35:02, 1118.00, 10.31, 195, 331, 565, 796, 930, 1002, 1043, 1122, 2045, 123, 19045.99, 11.17, 9.56
13:35:03, 1119.60, 10.30, 190, 324, 553, 785, 919, 993, 1034, 1107, 2010, 119, 18996.60, 11.23, 9.56
13:35:03, 1120.80, 10.30, 180, 309, 529, 753, 894, 977, 1014, 1084, 1907, 115, 18947.37, 11.28, 9.56
13:35:04, 1122.50, 10.29, 177, 304, 523, 746, 873, 950, 984, 1051, 1844, 110, 18980.17, 11.24, 9.55
13:35:04, 1124.40, 10.29, 173, 297, 514, 735, 856, 923, 961, 1019, 1803, 106, 18996.60, 11.23, 9.55
13:35:04, 1125.80, 10.29, 172, 295, 511, 733, 854, 921, 962, 1010, 1846, 106, 19013.05, 11.21, 9.55
13:35:05, 1127.50, 10.28, 168, 289, 503, 723, 841, 904, 942, 985, 1810, 104, 19029.51, 11.19, 9.54
13:35:05, 1129.70, 10.28, 165, 282, 493, 709, 831, 896, 929, 971, 1789, 103, 18996.60, 11.23, 9.54
13:35:06, 1131.40, 10.24, 160, 277, 485, 698, 834, 902, 927, 974, 1736, 101, 19045.99, 11.17, 9.52
13:35:06, 1133.00, 10.24, 157, 272, 477, 687, 814, 873, 896, 941, 1663, 97, 18931.00, 11.30, 9.52
13:35:07, 1134.80, 10.24, 156, 271, 477, 686, 809, 862, 882, 927, 1655, 96, 19079.02, 11.14, 9.52
13:35:07, 1136.10, 10.23, 155, 268, 474, 679, 809, 856, 876, 918, 1661, 97, 18996.60, 11.23, 9.51
13:35:07, 1137.60, 10.23, 154, 266, 472, 673, 809, 850, 872, 914, 1672, 98, 18996.60, 11.23, 9.51
13:35:08, 1138.80, 10.22, 154, 268, 477, 676, 811, 848, 870, 912, 1692, 99, 18980.17, 11.24, 9.50
13:35:08, 1140.20, 10.22, 153, 267, 476, 673, 817, 849, 870, 912, 1731, 101, 18996.60, 11.23, 9.50
13:35:09, 1141.50, 10.21, 153, 267, 477, 672, 816, 842, 865, 906, 1754, 103, 19079.02, 11.14, 9.50
13:35:09, 1143.00, 10.21, 152, 265, 476, 667, 813, 831, 856, 893, 1783, 105, 18996.60, 11.23, 9.49
13:35:09, 1144.30, 10.21, 151, 265, 476, 666, 824, 836, 866, 899, 1873, 110, 19045.99, 11.17, 9.49
13:35:10, 1146.00, 10.20, 148, 262, 472, 660, 815, 820, 858, 884, 1896, 112, 18963.76, 11.26, 9.50
13:35:10, 1147.60, 10.20, 145, 261, 469, 658, 811, 811, 854, 873, 1939, 115, 19062.50, 11.16, 9.50
13:35:11, 1149.30, 10.20, 139, 253, 455, 639, 794, 792, 835, 849, 1905, 113, 19013.05, 11.21, 9.50
13:35:11, 1150.80, 10.20, 140, 253, 458, 643, 775, 774, 811, 826, 1816, 107, 19062.50, 11.16, 9.48
13:35:11, 1152.40, 10.20, 140, 251, 456, 641, 796, 798, 827, 846, 1853, 109, 19079.02, 11.14, 9.48
13:35:12, 1153.40, 10.20, 133, 238, 432, 610, 780, 787, 807, 828, 1763, 103, 19062.50, 11.16, 9.49
13:35:12, 1154.50, 10.20, 132, 235, 427, 606, 761, 773, 786, 807, 1644, 95, 19062.50, 11.16, 9.49
13:35:13, 1155.60, 10.20, 129, 230, 419, 598, 740, 759, 767, 786, 1530, 88, 19045.99, 11.17, 9.49
13:35:13, 1156.80, 10.20, 128, 229, 416, 599, 725, 747, 755, 769, 1453, 83, 19029.51, 11.19, 9.48
13:35:14, 1158.10, 10.20, 128, 230, 417, 605, 724, 750, 755, 766, 1447, 82, 19062.50, 11.16, 9.48
13:35:14, 1159.60, 10.20, 127, 227, 413, 602, 732, 761, 762, 772, 1488, 84, 19013.05, 11.21, 9.50
13:35:14, 1161.00, 10.20, 123, 222, 404, 589, 720, 746, 747, 755, 1447, 81, 19045.99, 11.17, 9.50
13:35:15, 1162.50, 10.19, 123, 221, 404, 589, 713, 735, 736, 744, 1438, 81, 19062.50, 11.16, 9.50
13:35:15, 1163.80, 10.19, 122, 220, 401, 584, 712, 731, 732, 740, 1448, 81, 19079.02, 11.14, 9.48
13:35:16, 1165.80, 10.19, 120, 216, 396, 575, 704, 718, 719, 726, 1445, 81, 19045.99, 11.17, 9.48
13:35:16, 1168.00, 10.19, 117, 211, 389, 564, 700, 709, 711, 716, 1459, 83, 19013.05, 11.21, 9.48
13:35:16, 1169.70, 10.19, 114, 207, 383, 553, 705, 710, 713, 716, 1512, 86, 19079.02, 11.14, 9.48
13:35:17, 1171.00, 10.18, 111, 203, 376, 543, 689, 690, 695, 696, 1493, 85, 19062.50, 11.16, 9.48
13:35:17, 1172.50, 10.18, 110, 202, 375, 540, 676, 674, 682, 679, 1475, 84, 19045.99, 11.17, 9.48
13:35:18, 1173.70, 10.18, 110, 202, 375, 541, 674, 671, 678, 674, 1481, 85, 19079.02, 11.14, 9.48
13:35:18, 1175.40, 10.18, 109, 201, 373, 540, 667, 663, 669, 663, 1456, 83, 19112.12, 11.10, 9.48
13:35:19, 1177.30, 10.18, 107, 198, 368, 534, 668, 664, 665, 658, 1436, 82, 19062.50, 11.16, 9.48
13:35:19, 1178.20, 10.18, 108, 199, 372, 542, 667, 666, 663, 657, 1400, 79, 19095.57, 11.12, 9.48
13:35:19, 1179.90, 10.18, 106, 194, 363, 531, 660, 663, 655, 648, 1345, 75, 19062.50, 11.16, 9.48
13:35:20, 1181.60, 10.18, 104, 191, 358, 527, 656, 662, 652, 642, 1312, 73, 19079.02, 11.14, 9.48
13:35:20, 1183.00, 10.18, 103, 190, 355, 526, 650, 658, 646, 634, 1281, 71, 19095.57, 11.12, 9.49
13:35:21, 1184.90, 10.18, 102, 189, 354, 525, 644, 653, 639, 626, 1257, 70, 19045.99, 11.17, 9.49
13:35:21, 1186.90, 10.18, 102, 189, 353, 526, 644, 653, 637, 621, 1260, 70, 19112.12, 11.10, 9.49
13:35:21, 1188.10, 10.17, 101, 187, 352, 525, 647, 655, 638, 621, 1271, 70, 19112.12, 11.10, 9.48
13:35:22, 1189.70, 10.17, 101, 187, 352, 524, 648, 653, 635, 617, 1292, 72, 19062.50, 11.16, 9.48
13:35:22, 1192.10, 10.17, 99, 183, 346, 513, 643, 644, 626, 608, 1289, 72, 19079.02, 11.14, 9.50
13:35:23, 1193.60, 10.17, 98, 183, 346, 513, 638, 636, 617, 598, 1286, 72, 19128.70, 11.08, 9.50
13:35:23, 1195.50, 10.17, 97, 182, 345, 511, 635, 632, 612, 592, 1289, 72, 19079.02, 11.14, 9.50
13:35:23, 1197.20, 10.17, 95, 178, 339, 502, 631, 627, 607, 585, 1286, 72, 19062.50, 11.16, 9.50
13:35:24, 1199.20, 10.17, 94, 176, 335, 498, 621, 615, 595, 571, 1252, 70, 19095.57, 11.12, 9.50
13:35:24, 1201.10, 10.17, 92, 173, 330, 491, 616, 611, 589, 565, 1239, 69, 19128.70, 11.08, 9.50
13:35:25, 1202.90, 10.17, 92, 172, 330, 491, 608, 602, 580, 554, 1205, 67, 19079.02, 11.14, 9.50
13:35:25, 1204.90, 10.17, 90, 169, 324, 483, 598, 591, 568, 542, 1168, 65, 19062.50, 11.16, 9.50
13:35:26, 1206.70, 10.17, 90, 170, 327, 489, 592, 585, 560, 532, 1145, 64, 19112.12, 11.10, 9.51
13:35:26, 1209.10, 10.17, 90, 171, 328, 490, 594, 586, 559, 530, 1154, 64, 19079.02, 11.14, 9.51
13:35:26, 1210.80, 10.17, 89, 169, 326, 488, 601, 594, 565, 535, 1189, 66, 19095.57, 11.12, 9.51
13:35:27, 1212.60, 10.17, 87, 165, 319, 478, 599, 590, 561, 529, 1192, 66, 19095.57, 11.12, 9.51
13:35:27, 1214.90, 10.17, 86, 162, 314, 470, 593, 581, 552, 519, 1181, 66, 19062.50, 11.16, 9.51
13:35:28, 1217.10, 10.17, 85, 161, 312, 468, 585, 572, 543, 509, 1161, 65, 19079.02, 11.14, 9.52
13:35:28, 1219.10, 10.17, 84, 160, 310, 465, 583, 568, 539, 503, 1163, 65, 19128.70, 11.08, 9.52
13:35:28, 1220.80, 10.17, 84, 160, 311, 466, 581, 565, 534, 497, 1158, 64, 19112.12, 11.10, 9.52
13:35:29, 1222.20, 10.17, 83, 159, 310, 466, 579, 564, 531, 494, 1156, 64, 19062.50, 11.16, 9.52
13:35:29, 1224.00, 10.17, 82, 157, 306, 461, 573, 558, 524, 486, 1137, 63, 19095.57, 11.12, 9.52
13:35:30, 1225.60, 10.17, 81, 156, 305, 459, 565, 550, 516, 477, 1105, 61, 19062.50, 11.16, 9.52
13:35:30, 1226.90, 10.17, 81, 154, 302, 457, 565, 551, 515, 476, 1103, 61, 19095.57, 11.12, 9.52
13:35:31, 1228.60, 10.17, 80, 153, 300, 454, 565, 550, 513, 472, 1098, 61, 19112.12, 11.10, 9.52
13:35:31, 1230.70, 10.17, 79, 151, 297, 450, 563, 547, 509, 468, 1093, 60, 19112.12, 11.10, 9.52
13:35:31, 1232.80, 10.17, 78, 150, 294, 447, 560, 543, 504, 462, 1089, 60, 19128.70, 11.08, 9.52
13:35:32, 1234.30, 10.17, 77, 149, 294, 446, 561, 544, 503, 460, 1097, 60, 19112.12, 11.10, 9.52
13:35:32, 1236.10, 10.17, 77, 148, 291, 443, 556, 539, 498, 454, 1085, 60, 19079.02, 11.14, 9.52
13:35:33, 1237.60, 10.17, 75, 146, 287, 438, 550, 532, 490, 446, 1064, 58, 19112.12, 11.10, 9.52
13:35:33, 1239.40, 10.17, 75, 145, 288, 438, 545, 526, 484, 440, 1053, 58, 19095.57, 11.12, 9.52
13:35:33, 1241.40, 10.17, 75, 145, 287, 437, 542, 522, 480, 435, 1053, 58, 19128.70, 11.08, 9.52
13:35:34, 1243.00, 10.17, 73, 142, 282, 430, 541, 521, 478, 432, 1057, 58, 19062.50, 11.16, 9.52
13:35:34, 1244.50, 10.16, 72, 140, 277, 424, 535, 516, 472, 425, 1035, 57, 19095.57, 11.12, 9.52
13:35:35, 1246.20, 10.16, 71, 139, 276, 423, 531, 512, 467, 420, 1018, 56, 19062.50, 11.16, 9.52
13:35:35, 1247.70, 10.17, 70, 136, 271, 416, 522, 503, 458, 411, 991, 54, 19112.12, 11.10, 9.52
13:35:35, 1248.80, 10.17, 70, 136, 271, 417, 520, 501, 456, 408, 988, 54, 19095.57, 11.12, 9.53
13:35:36, 1250.00, 10.17, 70, 136, 271, 418, 519, 500, 453, 405, 985, 54, 19161.92, 11.05, 9.53
13:35:36, 1252.10, 10.17, 69, 134, 268, 413, 519, 500, 452, 403, 987, 54, 19095.57, 11.12, 9.53
13:35:37, 1254.60, 10.17, 67, 131, 262, 405, 505, 486, 439, 390, 940, 51, 19062.50, 11.16, 9.53
13:35:37, 1256.50, 10.17, 66, 129, 259, 401, 504, 485, 436, 387, 939, 51, 19145.30, 11.07, 9.53
13:35:38, 1258.20, 10.17, 66, 129, 259, 401, 501, 482, 432, 382, 928, 50, 19128.70, 11.08, 9.54
13:35:38, 1260.20, 10.17, 65, 127, 256, 398, 497, 478, 428, 377, 922, 50, 19128.70, 11.08, 9.54
13:35:38, 1261.90, 10.17, 64, 126, 254, 395, 496, 476, 425, 374, 925, 50, 19145.30, 11.07, 9.54
13:35:39, 1263.60, 10.17, 64, 126, 253, 393, 491, 470, 419, 368, 916, 50, 19079.02, 11.14, 9.54
13:35:39, 1265.80, 10.17, 63, 124, 251, 389, 486, 463, 412, 361, 903, 49, 19128.70, 11.08, 9.54
13:35:40, 1267.50, 10.17, 63, 125, 253, 392, 489, 465, 414, 362, 929, 50, 19161.92, 11.05, 9.55
13:35:40, 1269.00, 10.17, 62, 123, 248, 385, 485, 460, 409, 357, 925, 50, 19145.30, 11.07, 9.55
13:35:40, 1270.70, 10.17, 62, 122, 247, 383, 482, 455, 405, 352, 923, 50, 19145.30, 11.07, 9.55
13:35:41, 1272.40, 10.17, 61, 120, 244, 379, 478, 450, 400, 347, 920, 50, 19161.92, 11.05, 9.55
13:35:41, 1274.00, 10.17, 60, 119, 242, 375, 473, 444, 395, 341, 918, 50, 19145.30, 11.07, 9.55
13:35:42, 1276.20, 10.18, 59, 118, 240, 372, 467, 437, 389, 334, 914, 50, 19145.30, 11.07, 9.56
13:35:42, 1277.90, 10.17, 58, 117, 238, 369, 463, 431, 384, 329, 917, 50, 19178.55, 11.03, 9.56
13:35:43, 1279.70, 10.18, 58, 116, 236, 366, 461, 428, 382, 325, 928, 51, 19145.30, 11.07, 9.56
13:35:43, 1281.20, 10.18, 57, 114, 234, 363, 459, 425, 379, 321, 937, 52, 19128.70, 11.08, 9.56
13:35:43, 1282.80, 10.18, 56, 113, 231, 359, 457, 421, 376, 318, 945, 52, 19128.70, 11.08, 9.56
13:35:44, 1284.20, 10.18, 55, 111, 228, 354, 445, 410, 366, 308, 920, 51, 19195.21, 11.01, 9.57
13:35:44, 1285.70, 10.18, 55, 111, 227, 353, 439, 404, 361, 303, 914, 50, 19145.30, 11.07, 9.57
13:35:45, 1287.10, 10.18, 54, 109, 223, 347, 439, 403, 359, 301, 918, 51, 19145.30, 11.07, 9.57
13:35:45, 1289.20, 10.18, 52, 106, 218, 339, 436, 399, 355, 296, 906, 50, 19079.02, 11.14, 9.56
13:35:45, 1291.20, 10.19, 51, 104, 215, 335, 429, 393, 348, 290, 883, 49, 19145.30, 11.07, 9.56
13:35:46, 1293.40, 10.19, 50, 102, 211, 330, 418, 383, 338, 282, 841, 46, 19145.30, 11.07, 9.58
13:35:46, 1295.60, 10.19, 50, 101, 210, 328, 412, 378, 332, 276, 821, 45, 19128.70, 11.08, 9.58
13:35:47, 1298.20, 10.19, 49, 99, 205, 321, 409, 375, 327, 272, 805, 44, 19079.02, 11.14, 9.58
13:35:47, 1299.70, 10.19, 48, 97, 203, 318, 404, 371, 322, 267, 783, 43, 19112.12, 11.10, 9.57
13:35:47, 1302.00, 10.19, 48, 96, 200, 314, 401, 368, 318, 263, 763, 42, 19161.92, 11.05, 9.57
13:35:48, 1303.50, 10.19, 47, 96, 200, 314, 397, 365, 314, 260, 742, 40, 19178.55, 11.03, 9.58
13:35:48, 1305.20, 10.19, 48, 96, 200, 315, 396, 364, 312, 258, 727, 39, 19211.88, 11.00, 9.58
13:35:49, 1307.90, 10.19, 47, 95, 198, 311, 394, 362, 308, 254, 711, 38, 19145.30, 11.07, 9.58
13:35:49, 1310.50, 10.19, 47, 94, 197, 311, 394, 362, 307, 252, 706, 38, 19145.30, 11.07, 9.57
13:35:50, 1312.20, 10.19, 46, 93, 194, 307, 393, 361, 305, 250, 701, 38, 19178.55, 11.03, 9.57
13:35:50, 1314.10, 10.19, 45, 92, 192, 305, 390, 357, 301, 246, 687, 37, 19178.55, 11.03, 9.59
13:35:50, 1315.90, 10.19, 45, 92, 193, 307, 387, 354, 298, 243, 680, 37, 19195.21, 11.01, 9.59
13:35:51, 1317.90, 10.19, 45, 91, 192, 304, 385, 352, 296, 241, 684, 37, 19145.30, 11.07, 9.59
13:35:51, 1319.40, 10.19, 45, 91, 191, 304, 387, 353, 296, 240, 700, 38, 19145.30, 11.07, 9.59
13:35:52, 1321.20, 10.20, 44, 90, 191, 303, 389, 353, 296, 239, 717, 39, 19161.92, 11.05, 9.59
13:35:52, 1323.20, 10.19, 44, 90, 190, 301, 386, 349, 293, 236, 724, 39, 19161.92, 11.05, 9.60
13:35:52, 1325.00, 10.20, 44, 89, 189, 299, 385, 347, 291, 234, 737, 40, 19161.92, 11.05, 9.60
13:35:53, 1326.60, 10.19, 43, 89, 188, 297, 382, 343, 288, 230, 747, 41, 19195.21, 11.01, 9.60
13:35:53, 1329.20, 10.19, 42, 87, 184, 292, 373, 333, 281, 223, 737, 40, 19145.30, 11.07, 9.59
13:35:54, 1331.10, 10.19, 42, 87, 185, 294, 369, 328, 277, 218, 740, 40, 19161.92, 11.05, 9.59
13:35:54, 1332.20, 10.19, 42, 87, 185, 293, 369, 328, 277, 217, 762, 42, 19128.70, 11.08, 9.60
13:35:55, 1333.90, 10.19, 41, 85, 182, 289, 369, 326, 276, 215, 773, 42, 19145.30, 11.07, 9.60
13:35:55, 1335.90, 10.19, 40, 84, 179, 284, 362, 320, 271, 210, 770, 42, 19145.30, 11.07, 9.60
13:35:55, 1337.60, 10.19, 39, 83, 176, 280, 360, 318, 268, 207, 773, 42, 19211.88, 11.00, 9.60
13:35:56, 1339.40, 10.19, 39, 82, 175, 279, 356, 314, 265, 204, 766, 42, 19211.88, 11.00, 9.60
13:35:56, 1341.50, 10.20, 38, 81, 173, 276, 350, 308, 260, 199, 758, 42, 19211.88, 11.00, 9.61
13:35:57, 1342.90, 10.20, 38, 79, 169, 271, 349, 307, 258, 197, 757, 41, 19178.55, 11.03, 9.61
13:35:57, 1344.70, 10.20, 37, 78, 167, 268, 347, 305, 256, 195, 748, 41, 19195.21, 11.01, 9.61
13:35:57, 1346.10, 10.20, 37, 78, 168, 269, 342, 300, 251, 192, 731, 40, 19112.12, 11.10, 9.61
13:35:58, 1348.40, 10.20, 37, 78, 167, 268, 336, 295, 246, 187, 709, 39, 19195.21, 11.01, 9.61
13:35:58, 1349.80, 10.20, 36, 77, 166, 266, 334, 293, 243, 185, 697, 38, 19145.30, 11.07, 9.61
13:35:59, 1351.50, 10.21, 36, 76, 164, 263, 331, 291, 240, 183, 675, 37, 19195.21, 11.01, 9.61
13:35:59, 1353.30, 10.21, 36, 75, 161, 258, 328, 289, 236, 181, 646, 35, 19161.92, 11.05, 9.61
13:35:59, 1355.10, 10.21, 35, 74, 159, 256, 327, 288, 234, 180, 622, 34, 19112.12, 11.10, 9.61
13:36:00, 1357.10, 10.21, 35, 73, 159, 255, 326, 288, 232, 178, 600, 32, 19145.30, 11.07, 9.61
13:36:00, 1359.30, 10.22, 35, 72, 156, 252, 322, 285, 228, 175, 574, 31, 19145.30, 11.07, 9.62
13:36:01, 1360.80, 10.22, 34, 71, 155, 250, 322, 285, 227, 174, 559, 30, 19128.70, 11.08, 9.62
13:36:01, 1362.50, 10.22, 34, 71, 154, 250, 315, 280, 222, 170, 527, 28, 19211.88, 11.00, 9.62
13:36:02, 1363.60, 10.22, 35, 72, 156, 253, 314, 278, 221, 169, 516, 27, 19161.92, 11.05, 9.62
13:36:02, 1365.00, 10.22, 34, 71, 155, 251, 316, 281, 222, 169, 521, 27, 19228.57, 10.98, 9.62
13:36:02, 1366.70, 10.22, 34, 70, 152, 248, 316, 280, 221, 168, 517, 27, 19211.88, 11.00, 9.62
13:36:03, 1368.20, 10.22, 34, 70, 152, 248, 314, 278, 219, 166, 512, 27, 19178.55, 11.03, 9.62
13:36:03, 1369.50, 10.22, 33, 70, 152, 247, 312, 276, 217, 164, 508, 27, 19161.92, 11.05, 9.63
13:36:04, 1371.30, 10.22, 33, 69, 150, 245, 308, 272, 213, 162, 500, 26, 19228.57, 10.98, 9.63
13:36:04, 1373.30, 10.22, 33, 69, 151, 246, 308, 271, 212, 160, 503, 27, 19228.57, 10.98, 9.63
13:36:04, 1375.10, 10.21, 33, 69, 151, 246, 308, 271, 212, 160, 507, 27, 19178.55, 11.03, 9.62
13:36:05, 1377.40, 10.21, 33, 68, 150, 244, 305, 268, 209, 157, 499, 26, 19195.21, 11.01, 9.62
13:36:05, 1379.80, 10.21, 32, 68, 149, 243, 306, 268, 208, 156, 507, 27, 19161.92, 11.05, 9.63
13:36:06, 1381.80, 10.21, 32, 67, 147, 241, 305, 267, 207, 155, 512, 27, 19211.88, 11.00, 9.63
13:36:06, 1383.60, 10.21, 32, 66, 147, 238, 305, 266, 206, 154, 517, 27, 19211.88, 11.00, 9.63
13:36:07, 1386.00, 10.21, 31, 65, 144, 236, 302, 263, 203, 151, 512, 27, 19228.57, 10.98, 9.63
13:36:07, 1388.10, 10.21, 31, 65, 144, 236, 297, 259, 199, 148, 508, 27, 19195.21, 11.01, 9.63
13:36:07, 1390.10, 10.20, 31, 65, 145, 236, 299, 259, 199, 147, 522, 28, 19211.88, 11.00, 9.63
13:36:08, 1391.80, 10.20, 31, 65, 144, 236, 300, 259, 200, 147, 536, 28, 19178.55, 11.03, 9.63
13:36:08, 1394.70, 10.20, 30, 64, 143, 232, 298, 257, 197, 145, 541, 29, 19228.57, 10.98, 9.63
13:36:09, 1396.80, 10.20, 30, 63, 140, 229, 294, 253, 194, 142, 541, 29, 19161.92, 11.05, 9.63
13:36:09, 1399.40, 10.20, 29, 62, 139, 228, 292, 250, 192, 139, 547, 29, 19211.88, 11.00, 9.63
13:36:09, 1401.50, 10.20, 29, 61, 137, 225, 290, 247, 190, 137, 554, 30, 19178.55, 11.03, 9.63
13:36:10, 1403.90, 10.20, 28, 61, 136, 223, 287, 244, 188, 135, 555, 30, 19195.21, 11.01, 9.63
13:36:10, 1406.20, 10.20, 28, 61, 136, 223, 286, 242, 186, 132, 564, 30, 19195.21, 11.01, 9.63
13:36:11, 1408.50, 10.20, 28, 60, 134, 221, 285, 241, 185, 131, 576, 31, 19211.88, 11.00, 9.63
13:36:11, 1410.60, 10.20, 27, 59, 132, 218, 283, 238, 183, 129, 580, 31, 19228.57, 10.98, 9.63
13:36:11, 1412.80, 10.20, 27, 58, 130, 215, 281, 236, 181, 127, 583, 31, 19161.92, 11.05, 9.63
13:36:12, 1414.90, 10.20, 27, 58, 132, 216, 282, 236, 181, 126, 591, 32, 19161.92, 11.05, 9.63
13:36:12, 1416.70, 10.20, 26, 58, 131, 215, 278, 232, 178, 124, 591, 32, 19195.21, 11.01, 9.63
13:36:13, 1418.20, 10.20, 26, 57, 130, 213, 277, 231, 176, 122, 595, 32, 19245.29, 10.96, 9.63
13:36:13, 1420.60, 10.20, 26, 57, 129, 212, 273, 227, 173, 120, 590, 32, 19228.57, 10.98, 9.63
13:36:14, 1422.80, 10.20, 26, 56, 127, 210, 270, 225, 171, 118, 589, 32, 19211.88, 11.00, 9.63
13:36:14, 1425.70, 10.20, 25, 55, 124, 206, 267, 222, 168, 115, 577, 31, 19195.21, 11.01, 9.63
13:36:14, 1427.90, 10.20, 25, 54, 125, 205, 265, 220, 166, 114, 571, 31, 19262.02, 10.94, 9.63
13:36:15, 1429.30, 10.20, 25, 54, 123, 205, 264, 219, 165, 113, 567, 31, 19161.92, 11.05, 9.63
13:36:15, 1430.80, 10.21, 24, 53, 121, 201, 263, 218, 164, 112, 561, 30, 19211.88, 11.00, 9.63
13:36:16, 1432.80, 10.21, 24, 53, 120, 200, 262, 216, 162, 110, 553, 30, 19211.88, 11.00, 9.63
13:36:16, 1434.40, 10.21, 24, 52, 119, 197, 256, 212, 157, 107, 573, 31, 19211.88, 11.00, 9.63
13:36:16, 1435.20, 10.21, 24, 52, 123, 202, 277, 224, 163, 108, 656, 36, 19228.57, 10.98, 9.63
13:36:17, 1435.20, 10.21, 24, 53, 125, 207, 273, 221, 160, 107, 642, 36, 19245.29, 10.96, 9.63
13:36:17, 1435.10, 10.21, 24, 54, 126, 208, 274, 223, 160, 108, 645, 35, 19195.21, 11.01, 9.63
13:36:18, 1435.40, 10.21, 25, 55, 129, 211, 277, 224, 163, 109, 656, 36, 19178.55, 11.03, 9.63
13:36:18, 1434.90, 10.21, 24, 51, 120, 200, 274, 222, 162, 108, 643, 35, 19211.88, 11.00, 9.63
13:36:19, 1432.10, 10.22, 25, 56, 127, 212, 258, 210, 159, 106, 493, 26, 19211.88, 11.00, 9.63
13:36:19, 1431.40, 10.22, 25, 56, 129, 212, 279, 229, 174, 116, 643, 35, 19195.21, 11.01, 9.63
13:36:19, 1431.30, 10.22, 26, 60, 135, 228, 292, 239, 182, 121, 637, 34, 19211.88, 11.00, 9.63
13:36:20, 1430.50, 10.21, 27, 60, 136, 228, 307, 251, 191, 127, 689, 37, 19228.57, 10.98, 9.63
13:36:20, 1430.10, 10.21, 28, 63, 142, 238, 261, 215, 163, 109, 694, 38, 19228.57, 10.98, 9.63
13:36:21, 1430.00, 10.21, 27, 61, 137, 229, 311, 254, 194, 129, 697, 37, 19178.55, 11.03, 9.63
13:36:21, 1431.90, 10.21, 26, 60, 138, 229, 289, 231, 173, 113, 718, 39, 19228.57, 10.98, 9.63
13:36:21, 1432.10, 10.21, 26, 58, 136, 227, 298, 236, 176, 112, 719, 40, 19178.55, 11.03, 9.63
13:36:22, 1432.70, 10.21, 25, 56, 132, 222, 283, 220, 162, 101, 694, 39, 19178.55, 11.03, 9.63
13:36:22, 1432.90, 10.21, 22, 50, 121, 202, 268, 209, 151, 95, 675, 38, 19195.21, 11.01, 9.63
13:36:23, 1432.70, 10.22, 23, 51, 123, 206, 273, 213, 155, 98, 683, 38, 19128.70, 11.08, 9.63
13:36:23, 1432.50, 10.21, 24, 53, 128, 213, 284, 223, 165, 105, 703, 39, 19178.55, 11.03, 9.63
13:36:23, 1432.10, 10.22, 25, 55, 130, 218, 288, 228, 169, 108, 710, 39, 19228.57, 10.98, 9.63
13:36:24, 1431.90, 10.22, 26, 58, 135, 223, 293, 234, 176, 114, 718, 40, 19211.88, 11.00, 9.63
13:36:24, 1431.30, 10.22, 26, 58, 134, 222, 287, 231, 175, 115, 712, 39, 19195.21, 11.01, 9.63
13:36:25, 1430.90, 10.22, 25, 56, 129, 214, 274, 224, 169, 113, 692, 38, 19245.29, 10.96, 9.63
13:36:25, 1431.10, 10.22, 25, 56, 128, 210, 272, 223, 169, 113, 688, 37, 19228.57, 10.98, 9.63
13:36:26, 1431.10, 10.23, 25, 56, 127, 210, 272, 222, 168, 112, 688, 38, 19228.57, 10.98, 9.63
13:36:26, 1430.90, 10.23, 25, 55, 126, 209, 272, 222, 168, 112, 688, 38, 19295.53, 10.91, 9.64
13:36:26, 1431.00, 10.23, 25, 56, 127, 209, 271, 222, 168, 112, 687, 37, 19228.57, 10.98, 9.64
13:36:27, 1431.00, 10.23, 25, 55, 126, 209, 271, 221, 168, 112, 687, 37, 19161.92, 11.05, 9.64
13:36:27, 1430.90, 10.23, 25, 55, 127, 209, 270, 221, 167, 112, 687, 37, 19195.21, 11.01, 9.63
13:36:28, 1431.20, 10.23, 25, 55, 127, 209, 270, 221, 167, 112, 686, 37, 19228.57, 10.98, 9.63
13:36:28, 1431.00, 10.23, 25, 55, 127, 208, 270, 221, 167, 112, 686, 37, 19211.88, 11.00, 9.63
13:36:28, 1431.10, 10.23, 25, 55, 127, 208, 269, 221, 167, 112, 685, 37, 19278.76, 10.92, 9.63
13:36:29, 1431.10, 10.23, 25, 55, 126, 208, 269, 221, 167, 112, 685, 37, 19211.88, 11.00, 9.63
13:36:29, 1431.10, 10.23, 25, 55, 126, 208, 270, 221, 167, 112, 686, 37, 19228.57, 10.98, 9.63
13:36:30, 1431.10, 10.23, 25, 55, 126, 208, 269, 220, 167, 112, 686, 37, 19161.92, 11.05, 9.63
13:36:30, 1431.10, 10.23, 25, 55, 126, 207, 269, 220, 166, 111, 684, 37, 19178.55, 11.03, 9.63
13:36:31, 1431.10, 10.23, 25, 55, 125, 207, 269, 220, 166, 111, 684, 37, 19228.57, 10.98, 9.63
13:36:31, 1431.30, 10.23, 25, 55, 125, 207, 268, 220, 166, 111, 683, 37, 19245.29, 10.96, 9.63
13:36:31, 1431.20, 10.23, 25, 55, 125, 207, 268, 219, 166, 111, 682, 37, 19245.29, 10.96, 9.63
13:36:32, 1431.40, 10.23, 25, 55, 125, 206, 267, 219, 166, 111, 681, 37, 19228.57, 10.98, 9.63
13:36:32, 1431.30, 10.23, 25, 55, 125, 206, 267, 219, 165, 111, 681, 37, 19228.57, 10.98, 9.63
13:36:33, 1431.30, 10.23, 25, 54, 125, 206, 266, 218, 165, 110, 679, 37, 19211.88, 11.00, 9.63
13:36:33, 1431.10, 10.24, 25, 54, 124, 206, 266, 218, 165, 110, 679, 37, 19211.88, 11.00, 9.63
13:36:33, 1431.20, 10.24, 24, 54, 124, 205, 266, 218, 165, 110, 678, 37, 19228.57, 10.98, 9.63
13:36:34, 1431.10, 10.24, 24, 54, 124, 205, 266, 218, 165, 110, 677, 37, 19211.88, 11.00, 9.63
13:36:34, 1431.40, 10.24, 24, 54, 124, 205, 265, 217, 164, 110, 677, 37, 19245.29, 10.96, 9.64
13:36:35, 1431.20, 10.24, 24, 54, 124, 204, 265, 217, 164, 110, 675, 37, 19228.57, 10.98, 9.64
13:36:35, 1431.30, 10.24, 24, 54, 124, 204, 265, 217, 164, 110, 675, 37, 19278.76, 10.92, 9.64
13:36:35, 1431.10, 10.24, 24, 54, 123, 204, 264, 216, 164, 109, 673, 37, 19245.29, 10.96, 9.63
13:36:36, 1431.10, 10.25, 24, 54, 122, 203, 263, 215, 163, 109, 670, 37, 19228.57, 10.98, 9.63
13:36:36, 1431.20, 10.28, 24, 53, 123, 202, 263, 215, 163, 109, 671, 37, 19262.02, 10.94, 9.63
13:36:37, 1431.20, 10.28, 24, 53, 122, 202, 262, 215, 162, 109, 669, 37, 19228.57, 10.98, 9.63
13:36:37, 1431.40, 10.28, 24, 53, 123, 202, 262, 215, 162, 108, 669, 36, 19245.29, 10.96, 9.63
13:36:38, 1431.30, 10.25, 24, 53, 123, 201, 261, 214, 162, 108, 667, 36, 19295.53, 10.91, 9.63
13:36:38, 1431.40, 10.28, 24, 53, 121, 201, 260, 214, 161, 108, 666, 36, 19295.53, 10.91, 9.63
13:36:38, 1431.20, 10.28, 24, 53, 121, 201, 260, 213, 161, 108, 665, 36, 19228.57, 10.98, 9.63
13:36:39, 1431.30, 10.28, 24, 53, 120, 200, 260, 213, 161, 108, 663, 36, 19245.29, 10.96, 9.63
13:36:39, 1431.30, 10.28, 24, 53, 121, 200, 259, 212, 161, 107, 662, 36, 19262.02, 10.94, 9.63
13:36:40, 1431.30, 10.28, 24, 53, 121, 199, 259, 212, 160, 107, 661, 36, 19211.88, 11.00, 9.64
13:36:40, 1430.90, 10.28, 24, 52, 121, 199, 259, 213, 161, 108, 661, 36, 19228.57, 10.98, 9.64
13:36:40, 1429.00, 10.28, 25, 55, 126, 208, 261, 216, 164, 110, 651, 35, 19262.02, 10.94, 9.64
13:36:41, 1426.50, 10.28, 24, 54, 122, 204, 261, 217, 165, 111, 647, 35, 19178.55, 11.03, 9.64
13:36:41, 1424.30, 10.24, 24, 54, 122, 202, 260, 216, 165, 112, 634, 34, 19228.57, 10.98, 9.63
13:36:42, 1422.50, 10.24, 24, 53, 120, 198, 251, 210, 160, 110, 601, 33, 19195.21, 11.01, 9.63
13:36:42, 1420.90, 10.24, 24, 52, 118, 194, 258, 215, 163, 112, 588, 32, 19262.02, 10.94, 9.63
13:36:43, 1419.10, 10.23, 24, 53, 120, 197, 263, 219, 167, 115, 578, 31, 19245.29, 10.96, 9.63
13:36:43, 1418.40, 10.23, 24, 53, 120, 198, 260, 217, 165, 115, 553, 30, 19312.32, 10.89, 9.63
13:36:43, 1417.60, 10.23, 25, 53, 122, 199, 253, 212, 161, 112, 523, 28, 19245.29, 10.96, 9.63
13:36:44, 1416.50, 10.23, 25, 53, 121, 198, 253, 212, 160, 113, 508, 27, 19228.57, 10.98, 9.63
13:36:44, 1415.10, 10.23, 25, 53, 120, 197, 255, 215, 162, 114, 497, 27, 19245.29, 10.96, 9.63
13:36:45, 1414.00, 10.22, 25, 52, 120, 195, 257, 217, 163, 116, 485, 26, 19228.57, 10.98, 9.63
13:36:45, 1412.90, 10.22, 25, 52, 119, 195, 259, 219, 164, 117, 479, 25, 19245.29, 10.96, 9.63
13:36:45, 1411.50, 10.22, 24, 52, 118, 193, 254, 215, 162, 116, 455, 24, 19278.76, 10.92, 9.63
13:36:46, 1409.80, 10.22, 25, 53, 120, 196, 251, 214, 161, 116, 446, 24, 19278.76, 10.92, 9.63
13:36:46, 1408.30, 10.22, 25, 54, 121, 199, 253, 216, 163, 117, 456, 24, 19262.02, 10.94, 9.63
13:36:47, 1406.80, 10.22, 26, 54, 123, 201, 257, 219, 166, 119, 471, 25, 19245.29, 10.96, 9.63
13:36:47, 1405.80, 10.23, 26, 55, 123, 202, 260, 221, 168, 121, 488, 26, 19245.29, 10.96, 9.63
13:36:47, 1404.00, 10.23, 26, 55, 124, 201, 262, 222, 169, 122, 500, 27, 19228.57, 10.98, 9.63
13:36:48, 1402.80, 10.23, 26, 55, 123, 201, 262, 223, 170, 122, 509, 27, 19329.13, 10.87, 9.63
13:36:48, 1401.60, 10.23, 26, 55, 123, 202, 264, 224, 172, 123, 519, 28, 19211.88, 11.00, 9.63
13:36:49, 1400.30, 10.23, 26, 55, 124, 203, 264, 224, 172, 124, 522, 28, 19245.29, 10.96, 9.63
13:36:49, 1399.30, 10.23, 26, 56, 125, 204, 264, 224, 173, 125, 523, 28, 19228.57, 10.98, 9.63
13:36:50, 1397.90, 10.23, 26, 56, 126, 206, 265, 226, 174, 126, 526, 28, 19278.76, 10.92, 9.63
13:36:50, 1396.80, 10.23, 27, 57, 127, 208, 266, 227, 176, 127, 528, 28, 19262.02, 10.94, 9.63
13:36:50, 1395.60, 10.23, 27, 57, 129, 208, 270, 229, 178, 128, 534, 29, 19228.57, 10.98, 9.63
13:36:51, 1394.40, 10.23, 27, 57, 128, 208, 271, 231, 179, 130, 533, 29, 19312.32, 10.89, 9.63
13:36:51, 1392.40, 10.23, 27, 57, 127, 207, 272, 232, 180, 131, 526, 28, 19278.76, 10.92, 9.63
13:36:52, 1391.00, 10.23, 27, 58, 128, 209, 270, 231, 179, 131, 510, 27, 19278.76, 10.92, 9.63
13:36:52, 1389.90, 10.22, 28, 59, 131, 213, 272, 234, 181, 133, 508, 27, 19211.88, 11.00, 9.63
13:36:52, 1388.40, 10.22, 28, 59, 131, 214, 274, 236, 183, 135, 509, 27, 19195.21, 11.01, 9.63
13:36:53, 1386.80, 10.22, 28, 60, 132, 215, 275, 237, 184, 136, 506, 27, 19295.53, 10.91, 9.62
13:36:53, 1385.20, 10.22, 29, 60, 134, 216, 276, 239, 185, 137, 505, 27, 19228.57, 10.98, 9.62
13:36:54, 1384.60, 10.23, 28, 60, 132, 215, 278, 240, 186, 139, 503, 27, 19228.57, 10.98, 9.63
13:36:54, 1383.50, 10.23, 29, 61, 135, 218, 279, 242, 187, 139, 502, 27, 19278.76, 10.92, 9.63
13:36:55, 1382.60, 10.23, 29, 61, 135, 219, 282, 244, 190, 141, 513, 27, 19295.53, 10.91, 9.63
13:36:55, 1381.40, 10.23, 29, 61, 134, 217, 283, 246, 191, 142, 523, 28, 19278.76, 10.92, 9.63
13:36:55, 1380.10, 10.23, 29, 60, 133, 216, 281, 244, 190, 142, 519, 28, 19245.29, 10.96, 9.63
13:36:56, 1378.40, 10.23, 29, 61, 136, 219, 280, 243, 191, 143, 525, 28, 19245.29, 10.96, 9.63
13:36:56, 1376.80, 10.23, 29, 62, 137, 221, 283, 245, 193, 144, 543, 29, 19262.02, 10.94, 9.63
13:36:57, 1375.30, 10.23, 30, 63, 137, 222, 287, 248, 197, 146, 573, 31, 19262.02, 10.94, 9.63
13:36:57, 1373.50, 10.23, 30, 63, 138, 222, 288, 249, 199, 147, 595, 32, 19278.76, 10.92, 9.63
13:36:57, 1372.10, 10.23, 30, 63, 137, 222, 287, 248, 199, 147, 606, 33, 19211.88, 11.00, 9.63
13:36:58, 1370.70, 10.23, 30, 63, 138, 223, 287, 248, 200, 148, 617, 34, 19245.29, 10.96, 9.63
13:36:58, 1368.80, 10.23, 30, 63, 139, 223, 286, 247, 200, 148, 625, 34, 19278.76, 10.92, 9.63
13:36:59, 1367.90, 10.23, 30, 64, 138, 223, 288, 248, 201, 149, 626, 34, 19262.02, 10.94, 9.63
13:36:59, 1366.20, 10.23, 30, 64, 139, 224, 287, 248, 202, 150, 623, 34, 19329.13, 10.87, 9.62
13:36:59, 1365.50, 10.22, 30, 65, 140, 225, 287, 248, 201, 150, 606, 33, 19278.76, 10.92, 9.62
13:37:00, 1363.30, 10.22, 31, 66, 143, 230, 287, 249, 202, 151, 611, 33, 19295.53, 10.91, 9.63
13:37:00, 1362.80, 10.22, 30, 64, 139, 223, 287, 249, 202, 152, 598, 32, 19312.32, 10.89, 9.63
13:37:01, 1361.20, 10.22, 30, 64, 138, 222, 288, 251, 203, 153, 592, 32, 19329.13, 10.87, 9.63
13:37:01, 1359.30, 10.22, 30, 63, 138, 221, 288, 252, 204, 155, 585, 32, 19245.29, 10.96, 9.63
13:37:02, 1357.90, 10.22, 31, 64, 139, 223, 290, 253, 205, 156, 577, 31, 19228.57, 10.98, 9.63
13:37:02, 1356.20, 10.22, 31, 65, 141, 225, 289, 254, 206, 157, 564, 30, 19329.13, 10.87, 9.63
13:37:02, 1354.10, 10.22, 32, 66, 143, 228, 293, 258, 209, 161, 572, 31, 19262.02, 10.94, 9.63
13:37:03, 1352.80, 10.22, 31, 65, 141, 226, 296, 260, 211, 162, 574, 31, 19278.76, 10.92, 9.63
13:37:03, 1351.10, 10.22, 31, 66, 141, 226, 295, 260, 211, 163, 571, 31, 19278.76, 10.92, 9.63
13:37:04, 1349.10, 10.22, 32, 66, 143, 228, 294, 259, 212, 164, 571, 31, 19228.57, 10.98, 9.63
13:37:04, 1346.60, 10.21, 32, 67, 144, 230, 292, 258, 211, 164, 565, 30, 19262.02, 10.94, 9.62
13:37:04, 1344.00, 10.22, 33, 68, 146, 232, 296, 262, 216, 167, 586, 32, 19295.53, 10.91, 9.62
13:37:05, 1342.60, 10.21, 32, 67, 144, 230, 302, 267, 221, 171, 615, 33, 19345.96, 10.85, 9.62
13:37:05, 1340.80, 10.21, 33, 68, 146, 233, 303, 267, 222, 172, 635, 35, 19295.53, 10.91, 9.63
13:37:06, 1339.50, 10.21, 33, 68, 146, 233, 301, 265, 222, 172, 641, 35, 19278.76, 10.92, 9.63
13:37:06, 1338.40, 10.21, 33, 69, 148, 235, 300, 264, 222, 171, 647, 35, 19295.53, 10.91, 9.63
13:37:07, 1337.10, 10.21, 33, 70, 149, 237, 300, 265, 222, 172, 647, 35, 19245.29, 10.96, 9.63
13:37:07, 1336.10, 10.21, 33, 70, 149, 236, 301, 266, 223, 173, 637, 35, 19312.32, 10.89, 9.63
13:37:07, 1335.10, 10.21, 33, 70, 148, 235, 303, 268, 224, 175, 627, 34, 19245.29, 10.96, 9.62
13:37:08, 1333.70, 10.21, 33, 69, 147, 234, 303, 269, 225, 177, 605, 33, 19262.02, 10.94, 9.62
13:37:08, 1332.10, 10.21, 33, 69, 147, 233, 300, 268, 223, 177, 572, 31, 19278.76, 10.92, 9.63
13:37:09, 1330.80, 10.21, 34, 70, 149, 237, 297, 267, 222, 177, 543, 29, 19262.02, 10.94, 9.63
13:37:09, 1329.00, 10.21, 35, 71, 151, 241, 304, 273, 227, 181, 553, 30, 19295.53, 10.91, 9.63
13:37:09, 1327.20, 10.21, 35, 72, 152, 242, 310, 279, 232, 185, 568, 30, 19295.53, 10.91, 9.63
13:37:10, 1325.10, 10.21, 35, 72, 152, 242, 310, 280, 233, 187, 567, 30, 19262.02, 10.94, 9.63
13:37:10, 1322.60, 10.21, 35, 73, 153, 243, 309, 280, 234, 189, 564, 30, 19262.02, 10.94, 9.63
13:37:11, 1321.10, 10.21, 36, 74, 156, 247, 313, 284, 238, 192, 571, 31, 19329.13, 10.87, 9.63
13:37:11, 1319.50, 10.21, 37, 75, 159, 251, 321, 291, 244, 197, 596, 32, 19295.53, 10.91, 9.63
13:37:11, 1318.70, 10.21, 37, 75, 158, 251, 322, 292, 245, 199, 598, 32, 19312.32, 10.89, 9.63
13:37:12, 1316.30, 10.21, 37, 76, 159, 251, 322, 293, 247, 200, 606, 33, 19278.76, 10.92, 9.63
13:37:12, 1314.30, 10.22, 37, 76, 159, 252, 323, 293, 249, 203, 611, 33, 19262.02, 10.94, 9.62
13:37:13, 1312.30, 10.22, 38, 77, 161, 254, 324, 295, 251, 204, 622, 34, 19278.76, 10.92, 9.62
13:37:13, 1310.30, 10.21, 38, 78, 163, 256, 327, 297, 254, 207, 641, 35, 19295.53, 10.91, 9.62
13:37:14, 1307.80, 10.22, 38, 78, 163, 256, 330, 299, 258, 211, 666, 36, 19278.76, 10.92, 9.62
13:37:14, 1306.20, 10.22, 38, 78, 163, 255, 333, 302, 261, 213, 689, 38, 19228.57, 10.98, 9.62
13:37:14, 1304.40, 10.22, 38, 78, 163, 255, 334, 302, 263, 215, 707, 39, 19262.02, 10.94, 9.61
13:37:15, 1303.00, 10.22, 38, 79, 164, 257, 332, 301, 263, 214, 717, 39, 19278.76, 10.92, 9.61
13:37:15, 1301.80, 10.22, 38, 79, 164, 258, 332, 301, 264, 215, 726, 40, 19278.76, 10.92, 9.60
13:37:16, 1300.20, 10.22, 39, 80, 166, 260, 334, 302, 266, 217, 737, 41, 19262.02, 10.94, 9.60
13:37:16, 1298.80, 10.22, 39, 80, 166, 260, 336, 304, 268, 218, 749, 41, 19295.53, 10.91, 9.60
13:37:16, 1297.10, 10.22, 39, 80, 165, 258, 333, 302, 267, 218, 734, 41, 19295.53, 10.91, 9.59
13:37:17, 1295.40, 10.22, 39, 80, 166, 260, 331, 301, 266, 219, 714, 39, 19278.76, 10.92, 9.59
13:37:17, 1293.60, 10.21, 40, 81, 168, 262, 334, 305, 269, 223, 707, 39, 19312.32, 10.89, 9.59
13:37:18, 1291.80, 10.21, 40, 81, 168, 262, 337, 308, 271, 226, 695, 38, 19345.96, 10.85, 9.59
13:37:18, 1290.10, 10.21, 40, 82, 169, 263, 337, 310, 272, 228, 670, 37, 19295.53, 10.91, 9.59
13:37:19, 1288.40, 10.21, 41, 83, 172, 268, 342, 316, 277, 233, 665, 36, 19245.29, 10.96, 9.59
13:37:19, 1287.30, 10.20, 42, 84, 172, 269, 344, 318, 279, 235, 654, 36, 19312.32, 10.89, 9.59
13:37:19, 1285.90, 10.20, 42, 84, 173, 270, 346, 321, 281, 238, 650, 35, 19278.76, 10.92, 9.59
13:37:20, 1284.20, 10.20, 42, 85, 174, 272, 347, 323, 283, 240, 645, 35, 19295.53, 10.91, 9.59
13:37:20, 1282.70, 10.20, 43, 86, 176, 275, 348, 324, 285, 242, 646, 35, 19295.53, 10.91, 9.59
13:37:21, 1280.90, 10.20, 44, 87, 178, 277, 351, 327, 289, 246, 662, 36, 19295.53, 10.91, 9.59
13:37:21, 1278.80, 10.20, 44, 89, 181, 281, 353, 329, 291, 249, 677, 37, 19262.02, 10.94, 9.59
13:37:21, 1276.50, 10.21, 45, 89, 182, 282, 357, 332, 295, 253, 700, 38, 19262.02, 10.94, 9.59
13:37:22, 1274.20, 10.21, 45, 90, 184, 284, 362, 337, 301, 258, 731, 40, 19295.53, 10.91, 9.59
13:37:22, 1272.30, 10.21, 45, 90, 184, 284, 363, 337, 303, 260, 752, 41, 19345.96, 10.85, 9.59
13:37:23, 1270.00, 10.21, 45, 91, 185, 285, 365, 339, 306, 263, 772, 43, 19295.53, 10.91, 9.58
13:37:23, 1267.40, 10.21, 46, 92, 186, 285, 365, 340, 308, 265, 785, 43, 19345.96, 10.85, 9.58
13:37:23, 1265.10, 10.20, 46, 91, 184, 283, 368, 343, 312, 269, 788, 44, 19278.76, 10.92, 9.57
13:37:24, 1263.20, 10.20, 46, 91, 184, 282, 363, 339, 309, 269, 760, 42, 19312.32, 10.89, 9.57
13:37:24, 1260.90, 10.20, 46, 92, 185, 284, 361, 338, 309, 269, 739, 41, 19228.57, 10.98, 9.57
13:37:25, 1258.30, 10.19, 48, 94, 189, 290, 366, 344, 314, 275, 734, 40, 19329.13, 10.87, 9.57
13:37:25, 1255.90, 10.19, 49, 97, 193, 296, 371, 351, 320, 282, 728, 40, 19312.32, 10.89, 9.57
13:37:26, 1254.20, 10.19, 50, 98, 196, 300, 380, 359, 327, 289, 742, 41, 19245.29, 10.96, 9.57
13:37:26, 1252.20, 10.18, 50, 99, 197, 302, 387, 367, 335, 297, 760, 41, 19312.32, 10.89, 9.57
13:37:26, 1249.60, 10.19, 50, 99, 197, 302, 386, 367, 336, 298, 747, 41, 19329.13, 10.87, 9.57
13:37:27, 1248.50, 10.19, 51, 101, 201, 307, 389, 370, 339, 303, 746, 41, 19312.32, 10.89, 9.55
13:37:27, 1247.20, 10.19, 53, 105, 207, 316, 398, 379, 348, 311, 787, 43, 19278.76, 10.92, 9.55
13:37:28, 1246.60, 10.19, 52, 103, 204, 311, 404, 384, 354, 316, 821, 45, 19228.57, 10.98, 9.55
13:37:28, 1246.10, 10.19, 52, 101, 201, 306, 400, 380, 350, 313, 812, 45, 19245.29, 10.96, 9.55
13:37:28, 1244.10, 10.19, 53, 104, 206, 313, 396, 376, 349, 313, 813, 45, 19329.13, 10.87, 9.55
13:37:29, 1241.40, 10.19, 54, 107, 211, 320, 397, 377, 352, 316, 832, 46, 19312.32, 10.89, 9.55
13:37:29, 1238.40, 10.19, 55, 108, 213, 322, 404, 383, 360, 324, 873, 49, 19345.96, 10.85, 9.55
13:37:30, 1235.00, 10.19, 55, 109, 213, 322, 408, 387, 367, 330, 914, 51, 19262.02, 10.94, 9.55
13:37:30, 1230.80, 10.19, 56, 110, 215, 324, 408, 387, 370, 334, 936, 53, 19295.53, 10.91, 9.55
13:37:31, 1228.00, 10.18, 57, 111, 217, 326, 413, 392, 377, 341, 948, 53, 19329.13, 10.87, 9.55
13:37:31, 1224.40, 10.18, 57, 113, 220, 330, 413, 393, 380, 345, 979, 55, 19312.32, 10.89, 9.53
13:37:31, 1220.50, 10.18, 58, 114, 220, 329, 413, 394, 384, 349, 1000, 57, 19379.66, 10.82, 9.53
13:37:32, 1217.90, 10.18, 58, 115, 222, 332, 419, 399, 391, 356, 1025, 58, 19312.32, 10.89, 9.54
13:37:32, 1214.30, 10.18, 59, 116, 223, 333, 416, 398, 392, 358, 1044, 59, 19329.13, 10.87, 9.54
13:37:33, 1210.30, 10.17, 60, 117, 224, 334, 418, 400, 396, 364, 1042, 59, 19379.66, 10.82, 9.54
13:37:33, 1206.20, 10.17, 61, 118, 225, 334, 419, 404, 399, 372, 1012, 57, 19295.53, 10.91, 9.53
13:37:33, 1202.30, 10.17, 62, 120, 229, 339, 431, 416, 411, 387, 1025, 58, 19312.32, 10.89, 9.53
13:37:34, 1199.90, 10.17, 63, 121, 229, 339, 428, 416, 410, 390, 987, 56, 19345.96, 10.85, 9.53
13:37:34, 1196.70, 10.17, 64, 123, 233, 343, 433, 422, 417, 399, 962, 54, 19312.32, 10.89, 9.53
13:37:35, 1194.10, 10.17, 67, 127, 240, 354, 441, 433, 425, 410, 933, 52, 19329.13, 10.87, 9.53
13:37:35, 1190.80, 10.16, 69, 130, 245, 362, 447, 442, 434, 420, 911, 51, 19312.32, 10.89, 9.52
13:37:36, 1186.70, 10.16, 71, 133, 248, 367, 451, 448, 442, 430, 897, 50, 19228.57, 10.98, 9.52
13:37:36, 1181.60, 10.16, 73, 136, 254, 374, 462, 461, 458, 448, 914, 51, 19329.13, 10.87, 9.52
13:37:36, 1178.30, 10.16, 76, 142, 263, 388, 478, 481, 478, 470, 956, 53, 19262.02, 10.94, 9.52
13:37:37, 1175.50, 10.16, 77, 143, 264, 389, 478, 481, 480, 474, 947, 52, 19312.32, 10.89, 9.52
13:37:37, 1172.30, 10.16, 78, 144, 266, 391, 482, 486, 487, 484, 969, 54, 19329.13, 10.87, 9.51
13:37:38, 1168.80, 10.16, 80, 148, 271, 396, 486, 489, 492, 492, 1006, 56, 19396.55, 10.80, 9.51
13:37:38, 1164.40, 10.16, 82, 151, 275, 399, 495, 498, 505, 508, 1061, 60, 19312.32, 10.89, 9.50
13:37:38, 1160.70, 10.16, 85, 157, 285, 410, 508, 511, 521, 529, 1139, 65, 19312.32, 10.89, 9.50
13:37:39, 1157.40, 10.15, 88, 161, 290, 416, 514, 516, 529, 539, 1187, 68, 19362.80, 10.84, 9.50
13:37:39, 1152.30, 10.15, 90, 165, 297, 422, 514, 516, 535, 548, 1225, 71, 19262.02, 10.94, 9.49
13:37:40, 1147.30, 10.15, 93, 169, 302, 427, 520, 525, 545, 562, 1239, 72, 19295.53, 10.91, 9.49
13:37:40, 1143.60, 10.15, 96, 174, 308, 434, 534, 540, 564, 586, 1286, 75, 19312.32, 10.89, 9.49
13:37:40, 1140.70, 10.15, 98, 177, 314, 441, 549, 556, 580, 605, 1351, 79, 19345.96, 10.85, 9.49
13:37:41, 1137.20, 10.15, 102, 184, 323, 453, 563, 573, 599, 629, 1360, 80, 19329.13, 10.87, 9.49
13:37:41, 1134.00, 10.14, 105, 187, 327, 459, 572, 585, 612, 645, 1350, 79, 19329.13, 10.87, 9.48
13:37:42, 1129.70, 10.14, 108, 192, 334, 467, 570, 586, 615, 652, 1307, 77, 19312.32, 10.89, 9.48
13:37:42, 1125.60, 10.14, 113, 200, 346, 483, 582, 600, 633, 676, 1352, 81, 19245.29, 10.96, 9.48
13:37:43, 1122.90, 10.14, 119, 210, 361, 500, 602, 619, 656, 704, 1467, 88, 19362.80, 10.84, 9.48
13:37:43, 1119.70, 10.14, 124, 218, 373, 514, 619, 635, 678, 731, 1600, 98, 19379.66, 10.82, 9.48
13:37:43, 1117.90, 10.14, 126, 223, 379, 519, 626, 638, 689, 741, 1681, 104, 19329.13, 10.87, 9.48
13:37:44, 1112.90, 10.14, 130, 230, 389, 530, 637, 650, 707, 764, 1784, 113, 19362.80, 10.84, 9.48
13:37:44, 1108.50, 10.14, 133, 233, 391, 532, 652, 670, 728, 793, 1795, 114, 19396.55, 10.80, 9.50
13:37:45, 1104.60, 10.14, 142, 247, 410, 556, 678, 699, 763, 837, 1815, 118, 19345.96, 10.85, 9.50
13:37:45, 1101.70, 10.14, 148, 257, 424, 574, 696, 720, 786, 867, 1799, 117, 19329.13, 10.87, 9.52
13:37:45, 1099.40, 10.14, 157, 271, 444, 600, 705, 730, 799, 884, 1765, 116, 19262.02, 10.94, 9.52
13:37:46, 1096.10, 10.15, 168, 287, 468, 631, 753, 783, 854, 954, 1975, 132, 19329.13, 10.87, 9.52
13:37:46, 1093.90, 10.15, 167, 287, 465, 625, 761, 790, 865, 967, 2003, 136, 19362.80, 10.84, 9.52
13:37:47, 1089.30, 10.15, 171, 292, 470, 628, 762, 790, 874, 982, 2031, 145, 19362.80, 10.84, 9.52
13:37:47, 1083.90, 10.15, 184, 312, 499, 661, 780, 810, 902, 1023, 2163, 163, 19345.96, 10.85, 9.53
13:37:48, 1081.60, 10.15, 203, 341, 542, 710, 843, 874, 976, 1110, 2500, 195, 19379.66, 10.82, 9.53
13:37:48, 1078.20, 10.15, 213, 356, 562, 732, 880, 913, 1022, 1168, 2710, 222, 19312.32, 10.89, 9.53
13:37:48, 1075.50, 10.16, 223, 371, 581, 753, 898, 932, 1046, 1199, 2801, 241, 19295.53, 10.91, 9.55
13:37:49, 1072.60, 10.16, 221, 366, 571, 741, 892, 928, 1045, 1201, 2730, 243, 19345.96, 10.85, 9.55
13:37:49, 1070.00, 10.16, 233, 383, 596, 769, 896, 932, 1051, 1213, 2726, 250, 19345.96, 10.85, 9.55
13:37:50, 1063.10, 10.16, 247, 402, 617, 792, 921, 962, 1097, 1276, 2936, 316, 19345.96, 10.85, 9.55
13:37:50, 1059.20, 10.17, 280, 455, 687, 874, 998, 1033, 1196, 1387, 3488, 417, 19379.66, 10.82, 9.55
13:37:50, 1055.50, 10.17, 291, 474, 709, 901, 1034, 1068, 1256, 1449, 3880, 515, 19362.80, 10.84, 9.56
13:37:51, 1053.50, 10.17, 299, 488, 724, 922, 1051, 1084, 1285, 1477, 4097, 576, 19329.13, 10.87, 9.56
13:37:51, 1052.00, 10.17, 300, 488, 719, 918, 1053, 1088, 1295, 1485, 4224, 625, 19362.80, 10.84, 9.57
13:37:52, 1049.20, 10.17, 299, 486, 711, 911, 1058, 1094, 1311, 1499, 4415, 705, 19312.32, 10.89, 9.57
13:37:52, 1046.20, 10.17, 313, 506, 733, 936, 1089, 1127, 1361, 1555, 4785, 862, 19329.13, 10.87, 9.57
13:37:52, 1042.40, 10.17, 330, 534, 767, 975, 1130, 1172, 1420, 1632, 5145, 1036, 19362.80, 10.84, 9.57
13:37:53, 1039.10, 10.18, 358, 574, 817, 1032, 1199, 1243, 1516, 1740, 5667, 1331, 19295.53, 10.91, 9.57
13:37:53, 1035.30, 10.18, 380, 604, 852, 1071, 1247, 1295, 1585, 1827, 5983, 1628, 19345.96, 10.85, 9.59
13:37:54, 1031.70, 10.18, 392, 609, 849, 1062, 1224, 1282, 1554, 1813, 5946, 1952, 19329.13, 10.87, 9.59
13:37:54, 1026.80, 10.18, 421, 640, 883, 1101, 1278, 1355, 1629, 1918, 6360, 2876, 19345.96, 10.85, 9.59
13:37:55, 1024.70, 10.18, 450, 683, 934, 1154, 1310, 1381, 1664, 1961, 6488, 3142, 19295.53, 10.91, 9.58
13:37:55, 1025.00, 10.18, 482, 736, 1010, 1234, 1331, 1394, 1678, 1995, 6561, 3248, 19345.96, 10.85, 9.58
13:37:55, 1025.00, 10.18, 446, 676, 925, 1129, 1328, 1387, 1665, 2001, 6422, 3219, 19379.66, 10.82, 9.59
13:37:56, 1024.90, 10.18, 456, 687, 946, 1149, 1339, 1401, 1677, 2012, 6751, 3342, 19345.96, 10.85, 9.59
13:37:56, 1024.80, 10.18, 399, 595, 820, 999, 1074, 1133, 1376, 1600, 5474, 2775, 19312.32, 10.89, 9.59
13:37:57, 1024.80, 10.19, 413, 602, 840, 1023, 1137, 1177, 1444, 1685, 5728, 2982, 19295.53, 10.91, 9.59
13:37:57, 1024.90, 10.20, 413, 593, 831, 1018, 967, 1030, 1296, 1468, 3899, 1938, 19329.13, 10.87, 9.59
13:37:57, 1024.90, 10.21, 318, 471, 652, 816, 1320, 1399, 1749, 2040, 6229, 2879, 19262.02, 10.94, 9.59
13:37:58, 1025.00, 10.22, 451, 704, 926, 1221, 1055, 1170, 1476, 1680, 4426, 1953, 19396.55, 10.80, 9.59
13:37:58, 1024.80, 10.23, 154, 197, 280, 374, 404, 497, 680, 772, 1565, 754, 19312.32, 10.89, 9.59
13:37:59, 1025.00, 10.24, 99, 121, 179, 226, 338, 383, 623, 756, 1360, 684, 19312.32, 10.89, 9.59
13:37:59, 1025.00, 10.24, 157, 207, 302, 369, 423, 465, 706, 835, 1468, 716, 19312.32, 10.89, 9.59
13:37:0, 1024.80, 10.28, 72, 103, 144, 181, 346, 353, 575, 681, 1086, 554, 19312.32, 10.89, 9.60
