Secchi Depth (cm) = 0172
Forel Ule Scale = 08
pH Colour Scale = 99
SmartSecchi S/N = A003
Latitude (degs N) = 50.21598
Longitude (degs E) = -5.02782
Date = 2023-02-03
Time (UTC), Pressure (mbar) MS5803, Temp (deg C) MS5803, 415nm, 445nm, 480nm, 515nm, 555nm, 590nm, 630nm, 680nm, Clear, NIR, Resistance 10KTHERM, Temp (deg C) 10KTHERM, Temp (deg C) TMP117
11:32:00, 1025.40, 12.27, 508, 638, 861, 899, 874, 872, 926, 1004, 6372, 2128, 18012.05, 12.32, 10.99
11:32:00, 1025.60, 12.28, 457, 606, 800, 862, 814, 789, 902, 927, 5423, 1959, 17996.71, 12.34, 10.99
11:32:00, 1025.50, 12.29, 419, 579, 752, 840, 811, 759, 933, 905, 5154, 2008, 18042.76, 12.29, 10.96
11:32:01, 1025.40, 12.29, 400, 551, 702, 823, 757, 730, 886, 838, 4412, 1502, 18027.40, 12.30, 10.96
11:32:01, 1025.40, 12.29, 398, 523, 664, 786, 705, 720, 821, 784, 3762, 1160, 18042.76, 12.29, 10.98
11:32:02, 1025.60, 12.29, 408, 527, 670, 778, 697, 718, 786, 780, 3452, 1042, 18012.05, 12.32, 10.98
11:32:02, 1025.40, 12.29, 408, 526, 673, 756, 688, 708, 756, 775, 3236, 950, 17996.71, 12.34, 10.98
11:32:02, 1025.40, 12.29, 415, 532, 684, 759, 691, 715, 753, 776, 3287, 953, 17981.40, 12.36, 10.98
11:32:03, 1025.40, 12.30, 414, 528, 683, 751, 676, 694, 728, 752, 3207, 919, 18012.05, 12.32, 10.98
11:32:03, 1025.30, 12.30, 410, 526, 676, 750, 683, 707, 750, 773, 3171, 929, 18027.40, 12.30, 10.99
11:32:04, 1025.60, 12.30, 397, 509, 657, 715, 644, 643, 686, 696, 3057, 837, 17996.71, 12.34, 10.99
11:32:04, 1025.50, 12.30, 376, 488, 625, 677, 595, 588, 630, 637, 2871, 817, 17996.71, 12.34, 10.99
11:32:05, 1025.60, 12.30, 372, 479, 610, 671, 626, 623, 680, 664, 3090, 879, 17981.40, 12.36, 11.00
11:32:05, 1025.40, 12.30, 376, 490, 625, 707, 689, 665, 800, 752, 4013, 1452, 17996.71, 12.34, 11.00
11:32:05, 1025.40, 12.30, 367, 498, 640, 736, 685, 650, 765, 767, 3761, 1432, 17981.40, 12.36, 11.02
11:32:06, 1025.50, 12.30, 390, 530, 688, 779, 804, 779, 908, 930, 5737, 2419, 17950.82, 12.39, 11.02
11:32:06, 1025.50, 12.30, 430, 568, 756, 804, 775, 761, 835, 899, 5409, 1897, 17981.40, 12.36, 11.02
11:32:07, 1025.40, 12.30, 451, 576, 775, 816, 806, 825, 859, 939, 5820, 1854, 17996.71, 12.34, 11.02
11:32:07, 1025.40, 12.30, 472, 590, 791, 833, 772, 797, 822, 884, 5317, 1526, 17996.71, 12.34, 11.02
11:32:07, 1025.80, 12.30, 437, 560, 730, 784, 706, 714, 762, 758, 4462, 1169, 17996.71, 12.34, 10.98
11:32:08, 1025.60, 12.30, 471, 594, 776, 846, 821, 902, 908, 954, 5204, 1409, 18012.05, 12.32, 10.98
11:32:08, 1025.50, 12.30, 484, 608, 786, 893, 787, 877, 911, 930, 4811, 1271, 17966.10, 12.37, 10.98
11:32:09, 1025.50, 12.30, 434, 564, 714, 822, 656, 681, 760, 722, 4271, 1152, 18012.05, 12.32, 10.95
11:32:09, 1025.60, 12.30, 387, 505, 637, 729, 657, 694, 770, 737, 4041, 1041, 17966.10, 12.37, 10.95
11:32:09, 1025.70, 12.30, 390, 511, 639, 785, 717, 767, 888, 831, 4183, 1093, 17996.71, 12.34, 10.91
11:32:10, 1025.80, 12.29, 373, 492, 614, 704, 617, 602, 716, 627, 4231, 1318, 17996.71, 12.34, 10.91
11:32:10, 1025.50, 12.30, 360, 474, 588, 685, 603, 641, 714, 679, 3606, 868, 18012.05, 12.32, 10.91
11:32:11, 1025.70, 12.29, 381, 497, 620, 715, 615, 625, 684, 642, 3970, 1058, 18012.05, 12.32, 10.89
11:32:11, 1025.50, 12.29, 341, 446, 562, 621, 535, 529, 585, 544, 3807, 1064, 18012.05, 12.32, 10.89
11:32:11, 1025.60, 12.29, 330, 430, 541, 595, 545, 548, 589, 561, 3741, 970, 18012.05, 12.32, 10.87
11:32:12, 1026.40, 12.28, 349, 456, 571, 634, 574, 586, 617, 601, 3755, 926, 18012.05, 12.32, 10.87
11:32:12, 1027.20, 12.17, 354, 464, 580, 645, 568, 579, 613, 593, 3727, 937, 18012.05, 12.32, 10.87
11:32:13, 1027.60, 12.03, 341, 450, 561, 624, 548, 541, 597, 558, 3667, 989, 18012.05, 12.32, 10.06
11:32:13, 1028.10, 11.93, 327, 438, 545, 604, 544, 524, 592, 548, 3612, 1018, 17981.40, 12.36, 10.06
11:32:14, 1028.40, 11.85, 322, 435, 540, 600, 548, 523, 597, 549, 3589, 1014, 18012.05, 12.32, 9.71
11:32:14, 1029.00, 11.82, 327, 443, 548, 610, 554, 532, 605, 558, 3579, 980, 18012.05, 12.32, 9.71
11:32:14, 1029.10, 11.79, 336, 453, 560, 627, 562, 547, 614, 570, 3593, 952, 17981.40, 12.36, 9.71
11:32:15, 1029.30, 11.79, 333, 446, 552, 620, 544, 543, 593, 566, 3483, 874, 18012.05, 12.32, 9.58
11:32:15, 1029.20, 11.79, 308, 410, 513, 567, 532, 561, 585, 579, 3358, 730, 18027.40, 12.30, 9.58
11:32:16, 1029.40, 11.79, 345, 463, 580, 654, 578, 571, 645, 592, 3791, 1056, 18027.40, 12.30, 9.55
11:32:16, 1029.10, 11.78, 331, 449, 563, 639, 595, 579, 667, 603, 3865, 1085, 18012.05, 12.32, 9.55
11:32:16, 1029.30, 11.78, 336, 455, 569, 640, 612, 578, 692, 606, 4089, 1289, 18012.05, 12.32, 9.55
11:32:17, 1029.60, 11.77, 340, 465, 578, 656, 543, 540, 603, 567, 3430, 878, 18027.40, 12.30, 9.57
11:32:17, 1029.10, 11.76, 344, 471, 586, 661, 607, 595, 676, 622, 3763, 991, 18027.40, 12.30, 9.57
11:32:18, 1028.80, 11.75, 361, 493, 612, 689, 621, 595, 693, 618, 4031, 1198, 18012.05, 12.32, 9.55
11:32:18, 1029.30, 11.74, 354, 482, 598, 673, 603, 593, 677, 615, 3797, 1067, 18027.40, 12.30, 9.55
11:32:18, 1029.30, 11.74, 356, 494, 610, 691, 620, 610, 686, 638, 3852, 1026, 18027.40, 12.30, 9.55
11:32:19, 1029.60, 11.73, 359, 498, 615, 695, 643, 631, 726, 657, 3903, 1062, 18042.76, 12.29, 9.54
11:32:19, 1029.80, 11.72, 354, 489, 608, 685, 634, 605, 708, 633, 3926, 1086, 18012.05, 12.32, 9.54
11:32:20, 1029.30, 11.71, 358, 494, 614, 692, 632, 604, 704, 634, 3931, 1122, 18027.40, 12.30, 9.54
11:32:20, 1029.70, 11.71, 364, 505, 626, 705, 637, 611, 714, 641, 3938, 1131, 18027.40, 12.30, 9.54
11:32:20, 1029.90, 11.70, 348, 480, 596, 670, 623, 596, 693, 622, 3889, 1065, 18027.40, 12.30, 9.54
11:32:21, 1029.60, 11.69, 364, 498, 619, 700, 637, 623, 711, 649, 3978, 1098, 18042.76, 12.29, 9.55
11:32:21, 1029.70, 11.68, 363, 493, 616, 693, 627, 619, 698, 642, 3956, 1071, 18088.96, 12.23, 9.55
11:32:22, 1029.90, 11.67, 356, 482, 604, 678, 611, 605, 674, 626, 3900, 1001, 18058.15, 12.27, 9.53
11:32:22, 1029.60, 11.66, 362, 487, 612, 685, 636, 621, 711, 639, 4130, 1179, 18042.76, 12.29, 9.53
11:32:23, 1029.80, 11.66, 356, 479, 602, 672, 615, 605, 678, 624, 4017, 1074, 18058.15, 12.27, 9.53
11:32:23, 1029.80, 11.65, 355, 476, 599, 668, 617, 607, 681, 622, 4074, 1109, 18027.40, 12.30, 9.54
11:32:23, 1029.70, 11.64, 357, 476, 601, 668, 607, 599, 664, 615, 4054, 1072, 18058.15, 12.27, 9.54
11:32:24, 1030.00, 11.64, 367, 488, 616, 684, 620, 615, 678, 628, 4169, 1107, 18073.54, 12.25, 9.54
11:32:24, 1029.60, 11.63, 357, 472, 602, 661, 629, 620, 685, 636, 4231, 1092, 18042.76, 12.29, 9.54
11:32:25, 1029.70, 11.62, 369, 481, 617, 673, 603, 596, 649, 617, 4149, 1046, 18058.15, 12.27, 9.54
11:32:25, 1029.90, 11.62, 366, 481, 617, 672, 611, 605, 659, 624, 4230, 1060, 18042.76, 12.29, 9.53
11:32:25, 1029.60, 11.61, 361, 476, 611, 664, 610, 599, 660, 623, 4223, 1046, 18058.15, 12.27, 9.53
11:32:26, 1029.70, 11.60, 359, 473, 609, 659, 625, 616, 677, 642, 4366, 1108, 18073.54, 12.25, 9.53
11:32:26, 1030.30, 11.60, 363, 474, 611, 658, 558, 546, 595, 573, 3893, 921, 18058.15, 12.27, 9.52
11:32:27, 1029.90, 11.59, 358, 472, 612, 656, 606, 604, 655, 632, 4292, 1039, 18073.54, 12.25, 9.52
11:32:27, 1029.90, 11.59, 367, 474, 619, 657, 610, 611, 659, 641, 4380, 1065, 18088.96, 12.23, 9.52
11:32:27, 1029.70, 11.59, 357, 463, 608, 644, 609, 611, 658, 636, 4381, 1056, 18042.76, 12.29, 9.52
11:32:28, 1029.80, 11.58, 374, 475, 623, 654, 592, 594, 640, 619, 4300, 1063, 18058.15, 12.27, 9.52
11:32:28, 1030.00, 11.58, 362, 476, 620, 664, 614, 616, 667, 642, 4373, 1093, 18073.54, 12.25, 9.51
11:32:29, 1030.50, 11.57, 311, 402, 530, 567, 595, 589, 645, 625, 4034, 904, 18073.54, 12.25, 9.51
11:32:29, 1030.00, 11.56, 347, 455, 594, 642, 586, 592, 643, 618, 4112, 1026, 18104.39, 12.21, 9.50
11:32:30, 1030.10, 11.56, 362, 473, 621, 660, 585, 593, 642, 622, 3996, 969, 18104.39, 12.21, 9.50
11:32:30, 1029.90, 11.55, 354, 465, 611, 652, 615, 627, 676, 662, 4136, 1029, 18104.39, 12.21, 9.50
11:32:30, 1029.50, 11.55, 368, 476, 632, 659, 609, 614, 663, 640, 4165, 1169, 18104.39, 12.21, 9.50
11:32:31, 1029.70, 11.54, 344, 455, 593, 644, 612, 623, 670, 658, 3926, 1018, 18104.39, 12.21, 9.50
11:32:31, 1029.10, 11.53, 371, 494, 641, 693, 644, 650, 700, 688, 4013, 1149, 18119.85, 12.20, 9.47
11:32:32, 1029.20, 11.53, 367, 486, 632, 673, 624, 617, 671, 656, 3736, 1116, 18119.85, 12.20, 9.47
11:32:32, 1028.60, 11.52, 379, 509, 663, 704, 680, 656, 730, 712, 4191, 1324, 18135.31, 12.18, 9.47
11:32:32, 1028.50, 11.52, 372, 499, 649, 688, 651, 630, 697, 683, 3826, 1179, 18104.39, 12.21, 9.46
11:32:33, 1028.80, 11.52, 367, 493, 640, 678, 650, 619, 696, 675, 3886, 1261, 18150.79, 12.16, 9.46
11:32:33, 1028.80, 11.51, 361, 484, 630, 668, 645, 617, 692, 676, 3776, 1203, 18166.30, 12.14, 9.46
11:32:34, 1028.50, 11.51, 359, 485, 625, 671, 636, 616, 682, 680, 3646, 1129, 18088.96, 12.23, 9.46
11:32:34, 1028.70, 11.51, 359, 487, 624, 672, 641, 622, 686, 689, 3680, 1136, 18119.85, 12.20, 9.46
11:32:34, 1028.70, 11.50, 358, 484, 622, 671, 630, 614, 676, 680, 3502, 1057, 18135.31, 12.18, 9.47
11:32:35, 1028.80, 11.50, 357, 484, 622, 674, 640, 623, 688, 694, 3550, 1080, 18166.30, 12.14, 9.47
11:32:35, 1028.90, 11.49, 359, 483, 623, 675, 636, 620, 686, 691, 3497, 1062, 18150.79, 12.16, 9.48
11:32:36, 1029.10, 11.49, 358, 482, 622, 675, 641, 626, 692, 698, 3517, 1071, 18150.79, 12.16, 9.48
11:32:36, 1029.40, 11.48, 356, 479, 619, 671, 634, 620, 686, 691, 3498, 1071, 18166.30, 12.14, 9.48
11:32:36, 1029.50, 11.48, 350, 465, 604, 653, 615, 609, 664, 669, 3192, 924, 18135.31, 12.18, 9.48
11:32:37, 1029.20, 11.47, 381, 527, 693, 740, 686, 661, 742, 754, 3632, 1072, 18135.31, 12.18, 9.48
11:32:37, 1029.40, 11.47, 360, 490, 643, 687, 680, 645, 739, 728, 3558, 1075, 18150.79, 12.16, 9.49
11:32:38, 1029.00, 11.46, 366, 496, 646, 707, 704, 683, 767, 782, 3454, 972, 18150.79, 12.16, 9.49
11:32:38, 1028.80, 11.46, 378, 513, 671, 731, 701, 659, 770, 746, 3633, 1128, 18181.82, 12.13, 9.49
11:32:39, 1028.90, 11.46, 368, 494, 646, 704, 673, 637, 739, 721, 3392, 1041, 18119.85, 12.20, 9.52
11:32:39, 1029.20, 11.42, 373, 502, 657, 717, 691, 657, 755, 750, 3416, 1030, 18181.82, 12.13, 9.52
11:32:39, 1028.70, 11.42, 363, 489, 638, 682, 703, 681, 762, 780, 3536, 1023, 18244.06, 12.06, 9.54
11:32:40, 1028.80, 11.41, 373, 505, 658, 721, 683, 661, 744, 757, 3298, 975, 18150.79, 12.16, 9.54
11:32:40, 1028.50, 11.40, 370, 500, 649, 712, 680, 648, 746, 743, 3353, 1021, 18181.82, 12.13, 9.54
11:32:41, 1028.50, 11.40, 365, 490, 634, 697, 668, 647, 731, 736, 3383, 1009, 18197.36, 12.11, 9.54
11:32:41, 1029.00, 11.39, 369, 495, 640, 703, 673, 650, 735, 741, 3276, 953, 18212.91, 12.09, 9.54
11:32:41, 1028.40, 11.38, 368, 495, 637, 702, 677, 648, 741, 737, 3366, 985, 18166.30, 12.14, 9.55
11:32:42, 1028.90, 11.38, 371, 499, 641, 706, 681, 653, 744, 746, 3245, 929, 18181.82, 12.13, 9.55
11:32:42, 1028.30, 11.37, 368, 494, 635, 702, 676, 647, 739, 737, 3245, 934, 18181.82, 12.13, 9.55
11:32:43, 1028.70, 11.36, 373, 502, 645, 712, 687, 659, 753, 754, 3268, 941, 18197.36, 12.11, 9.54
11:32:43, 1028.70, 11.36, 369, 496, 638, 706, 681, 652, 746, 746, 3254, 945, 18197.36, 12.11, 9.54
11:32:43, 1028.40, 11.35, 373, 503, 645, 714, 693, 663, 759, 761, 3276, 948, 18228.48, 12.07, 9.55
11:32:44, 1028.70, 11.34, 370, 497, 639, 708, 688, 658, 754, 755, 3238, 934, 18212.91, 12.09, 9.55
11:32:44, 1028.70, 11.34, 375, 505, 648, 719, 694, 662, 763, 761, 3291, 949, 18197.36, 12.11, 9.55
11:32:45, 1028.50, 11.33, 373, 501, 645, 715, 698, 665, 767, 766, 3292, 947, 18212.91, 12.09, 9.53
11:32:45, 1028.80, 11.33, 374, 503, 647, 718, 697, 663, 767, 764, 3300, 955, 18228.48, 12.07, 9.53
11:32:46, 1028.50, 11.32, 376, 507, 651, 724, 708, 674, 781, 781, 3349, 974, 18228.48, 12.07, 9.48
11:32:46, 1029.10, 11.32, 374, 504, 648, 721, 707, 675, 779, 784, 3295, 958, 18259.67, 12.04, 9.48
11:32:46, 1029.20, 11.31, 379, 514, 659, 734, 718, 688, 790, 804, 3169, 912, 18228.48, 12.07, 9.48
11:32:47, 1029.20, 11.31, 376, 509, 654, 729, 722, 688, 798, 807, 3297, 956, 18259.67, 12.04, 9.49
11:32:47, 1029.10, 11.31, 386, 528, 675, 756, 727, 701, 815, 826, 3181, 860, 18275.29, 12.02, 9.49
11:32:48, 1028.90, 11.30, 386, 536, 689, 782, 730, 690, 835, 798, 3411, 975, 18259.67, 12.04, 9.50
11:32:48, 1029.30, 11.30, 383, 529, 679, 769, 758, 732, 858, 865, 3190, 875, 18244.06, 12.06, 9.50
11:32:48, 1028.80, 11.30, 391, 546, 701, 799, 754, 709, 861, 826, 3466, 990, 18244.06, 12.06, 9.50
11:32:49, 1029.30, 11.30, 385, 533, 683, 777, 770, 734, 870, 865, 3296, 941, 18275.29, 12.02, 9.48
11:32:49, 1029.40, 11.29, 382, 531, 682, 775, 788, 753, 896, 895, 3416, 947, 18275.29, 12.02, 9.48
11:32:50, 1029.00, 11.29, 396, 558, 713, 818, 790, 760, 893, 908, 3352, 946, 18259.67, 12.04, 9.46
11:32:50, 1029.50, 11.29, 395, 552, 708, 807, 776, 737, 883, 872, 3399, 993, 18275.29, 12.02, 9.46
11:32:51, 1029.20, 11.29, 389, 547, 702, 799, 784, 747, 890, 894, 3428, 947, 18290.93, 12.00, 9.47
11:32:51, 1028.90, 11.28, 399, 558, 718, 819, 796, 763, 907, 909, 3468, 1015, 18322.26, 11.97, 9.47
11:32:51, 1029.30, 11.28, 392, 545, 701, 799, 788, 757, 898, 902, 3344, 968, 18244.06, 12.06, 9.47
11:32:52, 1029.00, 11.28, 396, 557, 718, 825, 817, 789, 935, 950, 3524, 992, 18259.67, 12.04, 9.42
11:32:52, 1029.20, 11.28, 397, 553, 713, 814, 794, 761, 915, 905, 3457, 1014, 18275.29, 12.02, 9.42
11:32:53, 1029.30, 11.28, 394, 551, 708, 811, 844, 832, 976, 1015, 3315, 931, 18337.95, 11.95, 9.42
11:32:53, 1029.00, 11.27, 399, 560, 722, 828, 806, 780, 938, 937, 3466, 1015, 18306.58, 11.99, 9.41
11:32:53, 1029.00, 11.27, 397, 569, 727, 846, 817, 796, 936, 961, 3394, 967, 18306.58, 11.99, 9.41
11:32:54, 1029.30, 11.27, 392, 553, 708, 817, 807, 774, 934, 929, 3478, 1008, 18306.58, 11.99, 9.41
11:32:54, 1028.90, 11.27, 394, 556, 716, 824, 827, 802, 952, 968, 3562, 1023, 18275.29, 12.02, 9.41
11:32:55, 1029.50, 11.27, 405, 569, 733, 843, 789, 759, 923, 906, 3477, 1033, 18290.93, 12.00, 9.41
11:32:55, 1029.10, 11.27, 403, 577, 739, 858, 808, 782, 934, 941, 3494, 988, 18322.26, 11.97, 9.41
11:32:55, 1029.30, 11.26, 408, 573, 740, 849, 817, 793, 948, 956, 3501, 1052, 18290.93, 12.00, 9.41
11:32:56, 1029.30, 11.26, 397, 580, 738, 870, 818, 802, 939, 981, 3434, 967, 18290.93, 12.00, 9.41
11:32:56, 1029.40, 11.26, 409, 576, 746, 857, 829, 805, 967, 977, 3605, 1107, 18290.93, 12.00, 9.41
11:32:57, 1029.30, 11.25, 406, 579, 745, 865, 855, 840, 985, 1033, 3510, 1031, 18290.93, 12.00, 9.41
11:32:57, 1029.40, 11.25, 397, 560, 724, 833, 835, 809, 964, 987, 3540, 1061, 18322.26, 11.97, 9.45
11:32:57, 1029.10, 11.25, 402, 567, 734, 846, 862, 844, 995, 1036, 3726, 1120, 18322.26, 11.97, 9.45
11:32:58, 1029.80, 11.25, 397, 559, 722, 828, 832, 804, 962, 982, 3584, 1091, 18306.58, 11.99, 9.49
11:32:58, 1029.20, 11.24, 383, 543, 705, 817, 851, 839, 979, 1036, 3684, 1058, 18306.58, 11.99, 9.49
11:32:59, 1029.50, 11.24, 407, 577, 745, 855, 839, 811, 971, 993, 3714, 1154, 18306.58, 11.99, 9.49
11:32:59, 1029.30, 11.24, 404, 577, 744, 860, 849, 830, 982, 1023, 3747, 1124, 18337.95, 11.95, 9.49
11:33:00, 1029.50, 11.23, 410, 580, 752, 867, 848, 826, 981, 1016, 3655, 1130, 18353.66, 11.93, 9.49
11:33:00, 1029.40, 11.23, 415, 590, 765, 880, 886, 872, 1029, 1080, 3824, 1199, 18337.95, 11.95, 9.50
11:33:00, 1029.50, 11.23, 399, 577, 743, 870, 850, 844, 984, 1046, 3620, 1066, 18322.26, 11.97, 9.50
11:33:01, 1029.20, 11.22, 417, 594, 768, 890, 885, 876, 1027, 1086, 3763, 1179, 18322.26, 11.97, 9.51
11:33:01, 1029.60, 11.22, 415, 589, 765, 883, 906, 892, 1064, 1112, 3777, 1152, 18369.39, 11.92, 9.51
11:33:02, 1029.10, 11.22, 418, 596, 771, 894, 897, 887, 1045, 1104, 3918, 1247, 18337.95, 11.95, 9.51
11:33:02, 1029.40, 11.22, 420, 596, 777, 892, 888, 883, 1051, 1096, 3772, 1149, 18369.39, 11.92, 9.51
11:33:02, 1029.40, 11.22, 429, 611, 795, 915, 883, 872, 1034, 1083, 3943, 1306, 18385.12, 11.90, 9.51
11:33:03, 1029.30, 11.22, 405, 579, 752, 870, 902, 897, 1054, 1123, 3877, 1187, 18337.95, 11.95, 9.51
11:33:03, 1029.20, 11.21, 430, 610, 795, 915, 902, 889, 1062, 1107, 4068, 1379, 18337.95, 11.95, 9.52
11:33:04, 1029.00, 11.21, 402, 580, 751, 873, 896, 895, 1051, 1121, 3823, 1187, 18353.66, 11.93, 9.52
11:33:04, 1029.30, 11.21, 428, 606, 791, 910, 883, 868, 1040, 1079, 4006, 1361, 18353.66, 11.93, 9.51
11:33:04, 1029.00, 11.21, 403, 586, 758, 887, 905, 908, 1062, 1140, 3910, 1206, 18385.12, 11.90, 9.51
11:33:05, 1029.60, 11.20, 426, 603, 787, 903, 898, 881, 1061, 1094, 4161, 1429, 18369.39, 11.92, 9.51
11:33:05, 1029.00, 11.20, 410, 601, 775, 911, 937, 937, 1100, 1178, 4109, 1299, 18369.39, 11.92, 9.52
11:33:06, 1029.40, 11.20, 436, 624, 808, 937, 927, 921, 1094, 1152, 4110, 1389, 18369.39, 11.92, 9.52
11:33:06, 1028.90, 11.20, 421, 618, 797, 937, 931, 936, 1092, 1179, 3944, 1247, 18369.39, 11.92, 9.54
11:33:07, 1029.10, 11.19, 437, 632, 816, 951, 936, 936, 1096, 1173, 3995, 1310, 18369.39, 11.92, 9.54
11:33:07, 1029.00, 11.19, 432, 631, 812, 959, 942, 946, 1104, 1186, 3941, 1264, 18385.12, 11.90, 9.53
11:33:07, 1029.20, 11.19, 444, 638, 823, 965, 947, 949, 1109, 1188, 3963, 1294, 18400.89, 11.88, 9.53
11:33:08, 1028.80, 11.19, 443, 635, 818, 961, 949, 958, 1113, 1204, 3891, 1274, 18432.46, 11.84, 9.53
11:33:08, 1028.60, 11.19, 435, 625, 806, 947, 954, 956, 1118, 1192, 4024, 1300, 18400.89, 11.88, 9.52
11:33:09, 1028.70, 11.18, 445, 639, 823, 969, 954, 960, 1123, 1202, 3939, 1304, 18400.89, 11.88, 9.52
11:33:09, 1029.10, 11.18, 434, 622, 800, 943, 963, 971, 1135, 1221, 3920, 1302, 18416.67, 11.86, 9.52
11:33:09, 1029.00, 11.18, 445, 643, 828, 978, 991, 1004, 1163, 1272, 4071, 1320, 18400.89, 11.88, 9.52
11:33:10, 1028.80, 11.18, 454, 654, 846, 998, 1006, 1018, 1184, 1281, 4090, 1316, 18464.10, 11.81, 9.52
11:33:10, 1028.80, 11.18, 464, 670, 864, 1024, 993, 1014, 1178, 1277, 3893, 1281, 18416.67, 11.86, 9.52
11:33:11, 1028.90, 11.18, 460, 668, 860, 1019, 1025, 1050, 1210, 1327, 4000, 1295, 18400.89, 11.88, 9.52
11:33:11, 1028.90, 11.18, 468, 675, 872, 1035, 1020, 1045, 1217, 1328, 3864, 1288, 18432.46, 11.84, 9.53
11:33:11, 1028.70, 11.17, 455, 658, 846, 1018, 1028, 1056, 1230, 1328, 4019, 1277, 18385.12, 11.90, 9.53
11:33:12, 1028.60, 11.17, 476, 688, 888, 1061, 1044, 1076, 1250, 1366, 3975, 1330, 18400.89, 11.88, 9.53
11:33:12, 1028.80, 11.17, 460, 666, 858, 1032, 1016, 1047, 1213, 1320, 3892, 1237, 18448.28, 11.83, 9.53
11:33:13, 1028.40, 11.17, 480, 694, 898, 1074, 1034, 1072, 1241, 1354, 3948, 1302, 18369.39, 11.92, 9.53
11:33:13, 1029.20, 11.17, 466, 676, 871, 1048, 1038, 1078, 1246, 1357, 3986, 1289, 18416.67, 11.86, 9.54
11:33:14, 1028.50, 11.16, 479, 691, 891, 1071, 1044, 1090, 1253, 1377, 3995, 1310, 18432.46, 11.84, 9.54
11:33:14, 1029.10, 11.16, 477, 691, 890, 1073, 1062, 1106, 1277, 1392, 4057, 1304, 18400.89, 11.88, 9.54
11:33:14, 1028.60, 11.16, 479, 690, 889, 1074, 1047, 1094, 1262, 1380, 3936, 1292, 18400.89, 11.88, 9.52
11:33:15, 1028.80, 11.16, 480, 693, 892, 1082, 1079, 1127, 1303, 1421, 4130, 1351, 18416.67, 11.86, 9.52
11:33:15, 1028.80, 11.16, 480, 691, 892, 1076, 1077, 1122, 1291, 1430, 4003, 1355, 18432.46, 11.84, 9.52
11:33:16, 1028.80, 11.15, 494, 717, 928, 1109, 1098, 1151, 1318, 1467, 4146, 1405, 18416.67, 11.86, 9.52
11:33:16, 1028.40, 11.15, 472, 678, 874, 1062, 1063, 1124, 1291, 1421, 4033, 1347, 18416.67, 11.86, 9.52
11:33:16, 1028.60, 11.15, 484, 695, 897, 1092, 1059, 1120, 1283, 1419, 3959, 1328, 18385.12, 11.90, 9.55
11:33:17, 1028.60, 11.15, 473, 679, 875, 1069, 1054, 1117, 1285, 1413, 3981, 1323, 18448.28, 11.83, 9.55
11:33:17, 1028.70, 11.15, 475, 681, 876, 1072, 1060, 1123, 1290, 1424, 3975, 1326, 18448.28, 11.83, 9.55
11:33:18, 1028.80, 11.15, 477, 683, 881, 1075, 1075, 1140, 1305, 1449, 4004, 1349, 18448.28, 11.83, 9.55
11:33:18, 1029.00, 11.14, 481, 688, 888, 1083, 1073, 1140, 1305, 1447, 3996, 1342, 18464.10, 11.81, 9.55
11:33:18, 1029.00, 11.14, 489, 701, 905, 1104, 1085, 1154, 1318, 1467, 4037, 1360, 18448.28, 11.83, 9.53
11:33:19, 1028.70, 11.14, 484, 693, 894, 1091, 1094, 1166, 1329, 1485, 4071, 1377, 18448.28, 11.83, 9.53
11:33:19, 1028.70, 11.14, 492, 707, 911, 1114, 1082, 1157, 1321, 1469, 4045, 1354, 18400.89, 11.88, 9.53
11:33:20, 1028.90, 11.14, 489, 702, 905, 1107, 1102, 1179, 1341, 1503, 4110, 1392, 18432.46, 11.84, 9.53
11:33:20, 1028.70, 11.14, 491, 705, 908, 1113, 1094, 1174, 1335, 1494, 4079, 1374, 18432.46, 11.84, 9.53
11:33:21, 1028.70, 11.14, 491, 704, 907, 1112, 1104, 1185, 1346, 1512, 4116, 1397, 18511.71, 11.76, 9.52
11:33:21, 1028.50, 11.13, 495, 712, 916, 1124, 1112, 1194, 1357, 1523, 4167, 1412, 18464.10, 11.81, 9.52
11:33:21, 1028.50, 11.13, 495, 711, 916, 1123, 1112, 1195, 1356, 1525, 4154, 1413, 18464.10, 11.81, 9.52
11:33:22, 1028.30, 11.13, 500, 719, 924, 1137, 1109, 1195, 1360, 1524, 4174, 1411, 18479.96, 11.79, 9.52
11:33:22, 1029.00, 11.13, 467, 669, 859, 1062, 1041, 1118, 1274, 1434, 3816, 1311, 18432.46, 11.84, 9.52
11:33:23, 1028.60, 11.13, 456, 657, 846, 1049, 1036, 1119, 1276, 1442, 3783, 1310, 18479.96, 11.79, 9.52
11:33:23, 1028.90, 11.12, 458, 660, 852, 1055, 1049, 1130, 1289, 1467, 3790, 1334, 18448.28, 11.83, 9.52
11:33:23, 1028.30, 11.12, 450, 650, 838, 1042, 1045, 1128, 1287, 1464, 3744, 1313, 18448.28, 11.83, 9.54
11:33:24, 1028.40, 11.12, 456, 664, 855, 1066, 1055, 1126, 1301, 1455, 3900, 1374, 18495.82, 11.77, 9.54
11:33:24, 1028.70, 11.12, 456, 665, 866, 1063, 1056, 1106, 1300, 1426, 4491, 1625, 18464.10, 11.81, 9.54
11:33:25, 1028.60, 11.11, 449, 657, 858, 1040, 1032, 1061, 1272, 1391, 5136, 1962, 18464.10, 11.81, 9.54
11:33:25, 1028.60, 11.11, 459, 672, 876, 1038, 1064, 1085, 1303, 1427, 6003, 2303, 18495.82, 11.77, 9.54
11:33:25, 1028.70, 11.11, 484, 690, 915, 1065, 1096, 1114, 1325, 1465, 6944, 2719, 18495.82, 11.77, 9.52
11:33:26, 1028.80, 11.10, 493, 692, 933, 1055, 1091, 1109, 1301, 1457, 7513, 3109, 18448.28, 11.83, 9.52
11:33:26, 1028.70, 11.09, 504, 705, 941, 1087, 1119, 1171, 1358, 1516, 7926, 3360, 18511.71, 11.76, 9.52
11:33:27, 1029.10, 11.09, 505, 717, 944, 1107, 1127, 1178, 1379, 1535, 7646, 3322, 18511.71, 11.76, 9.52
11:33:27, 1029.90, 11.08, 503, 726, 952, 1117, 1138, 1179, 1394, 1532, 7250, 3169, 18464.10, 11.81, 9.52
11:33:28, 1029.80, 11.07, 499, 749, 975, 1150, 1199, 1244, 1449, 1621, 7113, 2639, 18511.71, 11.76, 9.52
11:33:28, 1030.20, 11.07, 543, 794, 1052, 1220, 1230, 1243, 1489, 1637, 6833, 2587, 18479.96, 11.79, 9.52
11:33:28, 1030.30, 11.06, 520, 765, 1004, 1176, 1254, 1243, 1505, 1659, 6570, 2448, 18495.82, 11.77, 9.52
11:33:29, 1030.10, 11.05, 508, 751, 977, 1153, 1216, 1239, 1455, 1648, 6489, 2425, 18511.71, 11.76, 9.55
11:33:29, 1029.60, 11.05, 514, 765, 998, 1171, 1201, 1232, 1440, 1639, 6467, 2298, 18464.10, 11.81, 9.55
11:33:30, 1029.60, 11.05, 542, 801, 1041, 1221, 1260, 1288, 1512, 1718, 6842, 2799, 18543.52, 11.72, 9.55
11:33:30, 1029.80, 11.04, 486, 700, 939, 1063, 1220, 1238, 1476, 1667, 6611, 2430, 18511.71, 11.76, 9.55
11:33:30, 1029.20, 11.04, 551, 815, 1070, 1245, 1323, 1309, 1598, 1772, 7021, 2926, 18479.96, 11.79, 9.55
11:33:31, 1029.80, 11.03, 540, 794, 1039, 1219, 1303, 1327, 1571, 1784, 7167, 2935, 18511.71, 11.76, 9.55
11:33:31, 1029.00, 11.03, 534, 784, 1031, 1208, 1259, 1298, 1529, 1725, 7038, 2734, 18543.52, 11.72, 9.55
11:33:32, 1029.50, 11.03, 546, 807, 1052, 1236, 1266, 1307, 1535, 1735, 7088, 2830, 18511.71, 11.76, 9.55
11:33:32, 1030.40, 11.02, 531, 789, 1033, 1219, 1224, 1263, 1489, 1679, 6769, 2450, 18479.96, 11.79, 9.55
11:33:32, 1032.60, 11.02, 514, 769, 1014, 1192, 1220, 1235, 1475, 1658, 6502, 2086, 18495.82, 11.77, 9.55
11:33:33, 1034.20, 11.02, 472, 714, 942, 1118, 1200, 1203, 1444, 1626, 6331, 1904, 18527.61, 11.74, 9.55
11:33:33, 1035.90, 11.01, 458, 706, 932, 1118, 1175, 1186, 1419, 1601, 6149, 1642, 18575.42, 11.69, 9.55
11:33:34, 1037.70, 11.01, 440, 685, 908, 1094, 1149, 1167, 1383, 1569, 5975, 1436, 18559.46, 11.70, 9.55
11:33:34, 1039.30, 11.01, 428, 668, 889, 1073, 1122, 1146, 1348, 1530, 5825, 1308, 18559.46, 11.70, 9.55
11:33:35, 1041.10, 11.01, 416, 650, 874, 1057, 1109, 1131, 1331, 1507, 5640, 1170, 18479.96, 11.79, 9.55
11:33:35, 1042.90, 11.00, 403, 633, 857, 1040, 1090, 1110, 1306, 1474, 5460, 1060, 18464.10, 11.81, 9.55
11:33:35, 1045.40, 11.00, 385, 610, 831, 1013, 1069, 1086, 1278, 1438, 5235, 922, 18511.71, 11.76, 9.55
11:33:36, 1047.40, 11.00, 371, 592, 812, 992, 1060, 1072, 1267, 1416, 5095, 847, 18543.52, 11.72, 9.55
11:33:36, 1049.50, 11.00, 359, 576, 796, 975, 1042, 1053, 1243, 1387, 4949, 776, 18575.42, 11.69, 9.55
11:33:37, 1051.40, 11.00, 347, 562, 782, 960, 1028, 1040, 1222, 1368, 4812, 701, 18559.46, 11.70, 9.55
11:33:37, 1053.30, 11.00, 333, 544, 763, 943, 1014, 1025, 1202, 1343, 4643, 624, 18575.42, 11.69, 9.56
11:33:37, 1055.10, 11.00, 325, 532, 749, 928, 995, 1005, 1179, 1314, 4522, 588, 18543.52, 11.72, 9.56
11:33:38, 1057.20, 10.99, 310, 511, 726, 904, 979, 989, 1159, 1288, 4386, 539, 18591.39, 11.67, 9.56
11:33:38, 1059.80, 10.99, 297, 494, 707, 883, 967, 975, 1142, 1267, 4255, 490, 18511.71, 11.76, 9.56
11:33:39, 1062.10, 10.99, 284, 476, 687, 863, 955, 964, 1127, 1248, 4134, 450, 18559.46, 11.70, 9.56
11:33:39, 1064.70, 10.99, 274, 463, 673, 849, 938, 945, 1104, 1216, 3986, 403, 18559.46, 11.70, 9.55
11:33:39, 1066.60, 10.99, 263, 446, 653, 828, 923, 929, 1083, 1191, 3880, 378, 18543.52, 11.72, 9.55
11:33:40, 1069.00, 10.98, 256, 437, 645, 820, 911, 917, 1067, 1169, 3804, 354, 18591.39, 11.67, 9.52
11:33:40, 1071.00, 10.98, 251, 430, 638, 813, 896, 903, 1048, 1145, 3739, 337, 18575.42, 11.69, 9.52
11:33:41, 1073.50, 10.98, 243, 419, 624, 798, 879, 886, 1023, 1115, 3656, 316, 18543.52, 11.72, 9.52
11:33:41, 1075.60, 10.97, 234, 406, 608, 781, 872, 878, 1011, 1100, 3578, 295, 18591.39, 11.67, 9.48
11:33:42, 1077.20, 10.97, 231, 402, 605, 778, 858, 866, 993, 1079, 3539, 286, 18575.42, 11.69, 9.48
11:33:42, 1079.30, 10.97, 226, 395, 596, 768, 849, 858, 980, 1063, 3502, 277, 18591.39, 11.67, 9.46
11:33:42, 1081.60, 10.96, 220, 386, 585, 756, 841, 849, 967, 1044, 3442, 261, 18559.46, 11.70, 9.46
11:33:43, 1083.90, 10.96, 212, 373, 569, 738, 831, 837, 952, 1025, 3358, 247, 18575.42, 11.69, 9.46
11:33:43, 1086.30, 10.96, 207, 365, 558, 726, 816, 822, 932, 1000, 3294, 236, 18591.39, 11.67, 9.45
11:33:44, 1088.40, 10.95, 202, 360, 553, 722, 800, 807, 911, 976, 3226, 227, 18591.39, 11.67, 9.45
11:33:44, 1092.00, 10.95, 193, 342, 529, 691, 795, 800, 902, 961, 3155, 215, 18607.39, 11.65, 9.45
11:33:44, 1094.80, 10.95, 186, 334, 521, 684, 761, 766, 859, 912, 3030, 203, 18559.46, 11.70, 9.45
11:33:45, 1097.30, 10.94, 178, 321, 503, 664, 742, 746, 834, 883, 2935, 193, 18575.42, 11.69, 9.45
11:33:45, 1099.90, 10.94, 170, 307, 484, 640, 729, 733, 817, 861, 2859, 185, 18623.39, 11.63, 9.44
11:33:46, 1101.30, 10.93, 166, 299, 474, 629, 709, 715, 793, 835, 2826, 182, 18623.39, 11.63, 9.44
11:33:46, 1103.10, 10.93, 161, 293, 466, 619, 706, 710, 787, 826, 2788, 177, 18623.39, 11.63, 9.45
11:33:46, 1105.60, 10.92, 157, 284, 455, 606, 697, 701, 775, 811, 2774, 174, 18607.39, 11.65, 9.45
11:33:47, 1107.00, 10.92, 154, 281, 452, 603, 680, 684, 754, 787, 2747, 171, 18607.39, 11.65, 9.45
11:33:47, 1109.50, 10.92, 150, 275, 444, 594, 673, 677, 744, 772, 2747, 168, 18623.39, 11.63, 9.45
11:33:48, 1111.90, 10.91, 144, 264, 427, 572, 656, 660, 722, 747, 2734, 167, 18607.39, 11.65, 9.45
11:33:48, 1114.10, 10.91, 140, 257, 418, 560, 643, 647, 706, 727, 2734, 166, 18607.39, 11.65, 9.45
11:33:49, 1116.00, 10.91, 136, 249, 408, 547, 631, 634, 690, 707, 2717, 164, 18575.42, 11.69, 9.45
11:33:49, 1117.80, 10.90, 133, 244, 401, 539, 618, 620, 674, 686, 2707, 163, 18591.39, 11.67, 9.45
11:33:49, 1119.70, 10.90, 131, 239, 395, 530, 607, 608, 661, 669, 2695, 162, 18591.39, 11.67, 9.45
11:33:50, 1121.10, 10.89, 129, 235, 391, 524, 595, 595, 646, 652, 2674, 161, 18607.39, 11.65, 9.45
11:33:50, 1122.60, 10.89, 129, 236, 393, 528, 590, 590, 639, 642, 2645, 159, 18575.42, 11.69, 9.45
11:33:51, 1124.20, 10.89, 127, 234, 391, 525, 594, 594, 641, 644, 2628, 157, 18655.46, 11.60, 9.45
11:33:51, 1125.70, 10.88, 124, 228, 382, 514, 594, 594, 639, 641, 2608, 154, 18623.39, 11.63, 9.45
11:33:51, 1128.10, 10.88, 121, 223, 375, 505, 579, 578, 621, 621, 2551, 151, 18607.39, 11.65, 9.45
11:33:52, 1130.30, 10.88, 118, 219, 370, 499, 568, 566, 607, 604, 2500, 147, 18639.42, 11.62, 9.45
11:33:52, 1132.10, 10.87, 115, 214, 363, 491, 559, 557, 595, 591, 2453, 144, 18607.39, 11.65, 9.45
11:33:53, 1134.10, 10.87, 113, 211, 359, 486, 558, 555, 593, 588, 2439, 143, 18591.39, 11.67, 9.45
11:33:53, 1136.00, 10.86, 110, 206, 352, 476, 552, 548, 584, 577, 2397, 140, 18623.39, 11.63, 9.45
11:33:53, 1138.20, 10.86, 109, 204, 350, 475, 551, 548, 582, 574, 2376, 138, 18623.39, 11.63, 9.45
11:33:54, 1140.20, 10.86, 106, 200, 344, 468, 551, 547, 580, 571, 2350, 136, 18623.39, 11.63, 9.45
11:33:54, 1142.30, 10.85, 104, 195, 337, 460, 552, 548, 579, 568, 2325, 134, 18655.46, 11.60, 9.45
11:33:55, 1144.70, 10.81, 101, 191, 331, 452, 538, 534, 563, 551, 2277, 131, 18591.39, 11.67, 9.45
11:33:55, 1147.10, 10.81, 100, 190, 330, 453, 523, 517, 545, 533, 2233, 129, 18639.42, 11.62, 9.45
11:33:56, 1149.60, 10.81, 100, 190, 331, 457, 520, 513, 539, 526, 2183, 125, 18655.46, 11.60, 9.45
11:33:56, 1152.00, 10.81, 98, 187, 326, 451, 518, 512, 536, 521, 2148, 123, 18639.42, 11.62, 9.45
11:33:56, 1154.40, 10.80, 94, 181, 316, 440, 512, 505, 528, 512, 2098, 119, 18655.46, 11.60, 9.46
11:33:57, 1156.70, 10.80, 92, 177, 311, 434, 508, 501, 522, 505, 2048, 116, 18655.46, 11.60, 9.46
11:33:57, 1158.80, 10.80, 89, 172, 304, 425, 506, 498, 518, 501, 2006, 113, 18655.46, 11.60, 9.46
11:33:58, 1161.10, 10.79, 88, 170, 301, 422, 499, 491, 510, 492, 1957, 111, 18687.61, 11.56, 9.45
11:33:58, 1163.50, 10.79, 87, 171, 301, 426, 501, 492, 510, 491, 1901, 107, 18591.39, 11.67, 9.45
11:33:58, 1165.90, 10.79, 86, 168, 298, 422, 501, 491, 508, 488, 1860, 104, 18687.61, 11.56, 9.45
11:33:59, 1167.70, 10.78, 84, 165, 294, 417, 493, 483, 498, 477, 1822, 102, 18671.52, 11.58, 9.45
11:33:59, 1170.50, 10.78, 83, 163, 291, 414, 490, 479, 494, 471, 1799, 101, 18639.42, 11.62, 9.45
11:34:00, 1172.30, 10.78, 81, 159, 285, 407, 483, 472, 485, 460, 1776, 100, 18719.82, 11.53, 9.45
11:34:00, 1174.60, 10.78, 80, 157, 283, 404, 478, 467, 478, 454, 1773, 100, 18655.46, 11.60, 9.45
11:34:00, 1176.20, 10.78, 79, 156, 281, 402, 473, 462, 472, 446, 1746, 98, 18671.52, 11.58, 9.46
11:34:01, 1178.70, 10.78, 77, 153, 276, 396, 471, 459, 468, 441, 1730, 97, 18639.42, 11.62, 9.46
11:34:01, 1180.50, 10.78, 75, 148, 270, 388, 466, 454, 462, 434, 1709, 96, 18687.61, 11.56, 9.46
11:34:02, 1181.80, 10.77, 73, 145, 265, 382, 458, 446, 453, 424, 1694, 95, 18687.61, 11.56, 9.45
11:34:02, 1183.50, 10.77, 74, 147, 268, 387, 454, 442, 449, 420, 1686, 95, 18671.52, 11.58, 9.45
11:34:03, 1185.60, 10.77, 73, 147, 268, 388, 466, 453, 458, 427, 1679, 94, 18655.46, 11.60, 9.46
11:34:03, 1187.40, 10.77, 71, 141, 259, 375, 463, 450, 454, 421, 1682, 94, 18687.61, 11.56, 9.46
11:34:03, 1190.60, 10.77, 69, 138, 255, 370, 448, 435, 437, 404, 1655, 93, 18719.82, 11.53, 9.46
11:34:04, 1193.10, 10.77, 68, 136, 254, 369, 438, 425, 425, 392, 1645, 93, 18703.70, 11.54, 9.45
11:34:04, 1195.70, 10.76, 68, 136, 254, 370, 439, 424, 424, 389, 1625, 91, 18703.70, 11.54, 9.45
11:34:05, 1198.40, 10.76, 66, 133, 250, 365, 443, 428, 427, 390, 1608, 90, 18703.70, 11.54, 9.46
11:34:05, 1200.30, 10.76, 65, 131, 247, 363, 438, 423, 420, 383, 1571, 88, 18687.61, 11.56, 9.46
11:34:05, 1202.90, 10.76, 64, 130, 245, 361, 438, 422, 419, 381, 1544, 86, 18671.52, 11.58, 9.46
11:34:06, 1205.30, 10.76, 63, 127, 240, 355, 431, 415, 410, 372, 1497, 84, 18687.61, 11.56, 9.45
11:34:06, 1208.00, 10.76, 61, 124, 236, 350, 426, 409, 404, 365, 1451, 81, 18671.52, 11.58, 9.45
11:34:07, 1210.40, 10.75, 60, 122, 232, 346, 419, 402, 397, 356, 1394, 78, 18703.70, 11.54, 9.46
11:34:07, 1212.70, 10.75, 58, 119, 227, 339, 414, 396, 391, 350, 1347, 75, 18687.61, 11.56, 9.46
11:34:07, 1214.80, 10.75, 57, 116, 223, 335, 410, 392, 386, 345, 1314, 73, 18735.96, 11.51, 9.46
11:34:08, 1216.90, 10.75, 56, 114, 219, 329, 405, 386, 379, 338, 1282, 71, 18703.70, 11.54, 9.46
11:34:08, 1219.50, 10.75, 54, 112, 216, 325, 399, 380, 372, 330, 1269, 71, 18703.70, 11.54, 9.46
11:34:09, 1221.80, 10.75, 54, 110, 214, 323, 393, 374, 366, 323, 1261, 70, 18687.61, 11.56, 9.46
11:34:09, 1224.40, 10.74, 53, 108, 210, 318, 390, 371, 361, 319, 1265, 71, 18671.52, 11.58, 9.46
11:34:10, 1226.70, 10.74, 51, 106, 206, 313, 384, 365, 354, 311, 1245, 70, 18703.70, 11.54, 9.46
11:34:10, 1229.20, 10.74, 50, 103, 202, 307, 379, 360, 348, 305, 1243, 69, 18703.70, 11.54, 9.47
11:34:10, 1231.60, 10.74, 49, 101, 199, 303, 373, 353, 340, 297, 1232, 69, 18719.82, 11.53, 9.47
11:34:11, 1234.30, 10.74, 48, 100, 198, 302, 370, 350, 336, 293, 1223, 68, 18703.70, 11.54, 9.47
11:34:11, 1236.40, 10.74, 48, 98, 195, 298, 367, 347, 332, 288, 1210, 68, 18735.96, 11.51, 9.47
11:34:12, 1238.70, 10.74, 47, 97, 193, 295, 364, 344, 329, 284, 1194, 67, 18703.70, 11.54, 9.47
11:34:12, 1240.70, 10.74, 46, 96, 191, 293, 361, 341, 325, 280, 1167, 65, 18735.96, 11.51, 9.48
11:34:12, 1242.80, 10.74, 45, 93, 186, 286, 358, 338, 321, 276, 1145, 64, 18735.96, 11.51, 9.48
11:34:13, 1245.50, 10.74, 44, 91, 182, 281, 351, 330, 313, 268, 1115, 62, 18703.70, 11.54, 9.48
11:34:13, 1248.20, 10.74, 43, 89, 179, 277, 346, 325, 308, 263, 1090, 61, 18719.82, 11.53, 9.48
11:34:14, 1250.70, 10.74, 42, 87, 177, 275, 343, 321, 303, 257, 1059, 59, 18687.61, 11.56, 9.48
11:34:14, 1252.80, 10.74, 41, 85, 173, 269, 336, 314, 296, 251, 1031, 58, 18752.11, 11.49, 9.48
11:34:14, 1254.80, 10.73, 40, 84, 171, 267, 334, 312, 294, 248, 1007, 56, 18719.82, 11.53, 9.48
11:34:15, 1257.40, 10.73, 39, 82, 168, 262, 329, 307, 288, 242, 976, 54, 18768.28, 11.47, 9.48
11:34:15, 1259.50, 10.73, 38, 80, 164, 257, 325, 302, 283, 237, 949, 53, 18735.96, 11.51, 9.48
11:34:16, 1261.30, 10.73, 38, 79, 163, 256, 317, 294, 275, 230, 917, 51, 18735.96, 11.51, 9.48
11:34:16, 1263.60, 10.73, 35, 72, 149, 233, 273, 254, 235, 198, 878, 50, 18735.96, 11.51, 9.49
11:34:17, 1264.80, 10.73, 26, 52, 112, 173, 182, 168, 151, 126, 688, 41, 18784.47, 11.46, 9.49
11:34:17, 1264.00, 10.73, 10, 16, 39, 57, 55, 54, 42, 34, 198, 12, 18752.11, 11.49, 9.50
11:34:17, 1264.20, 10.73, 7, 11, 27, 41, 52, 51, 39, 32, 180, 10, 18735.96, 11.51, 9.50
11:34:18, 1264.40, 10.73, 7, 11, 27, 42, 52, 51, 39, 32, 180, 10, 18768.28, 11.47, 9.50
11:34:18, 1264.10, 10.73, 7, 11, 27, 42, 52, 51, 39, 32, 181, 10, 18768.28, 11.47, 9.52
11:34:19, 1264.50, 10.73, 7, 11, 27, 42, 52, 51, 40, 32, 181, 11, 18735.96, 11.51, 9.52
11:34:19, 1264.90, 10.73, 7, 11, 28, 43, 63, 63, 48, 40, 238, 14, 18735.96, 11.51, 9.53
11:34:19, 1263.70, 10.74, 33, 70, 147, 232, 362, 330, 309, 247, 978, 53, 18719.82, 11.53, 9.53
11:34:20, 1261.40, 10.74, 38, 82, 167, 263, 311, 289, 269, 224, 914, 51, 18719.82, 11.53, 9.53
11:34:20, 1259.50, 10.74, 37, 77, 158, 246, 316, 293, 274, 229, 913, 51, 18768.28, 11.47, 9.52
11:34:21, 1258.50, 10.74, 37, 79, 162, 253, 316, 293, 275, 230, 902, 50, 18735.96, 11.51, 9.52
11:34:21, 1256.40, 10.74, 37, 79, 160, 250, 313, 291, 273, 230, 894, 50, 18735.96, 11.51, 9.52
11:34:21, 1255.10, 10.74, 38, 80, 162, 252, 316, 293, 276, 232, 888, 49, 18784.47, 11.46, 9.52
11:34:22, 1254.80, 10.74, 38, 79, 161, 250, 312, 289, 272, 230, 863, 48, 18784.47, 11.46, 9.52
11:34:22, 1254.60, 10.73, 37, 78, 159, 247, 312, 289, 271, 229, 847, 47, 18752.11, 11.49, 9.52
11:34:23, 1253.80, 10.73, 38, 79, 161, 249, 310, 288, 270, 229, 836, 46, 18752.11, 11.49, 9.52
11:34:23, 1254.20, 10.73, 38, 80, 163, 252, 310, 287, 270, 229, 826, 46, 18768.28, 11.47, 9.51
11:34:24, 1254.40, 10.73, 38, 80, 162, 251, 311, 288, 271, 229, 836, 46, 18768.28, 11.47, 9.51
11:34:24, 1254.50, 10.73, 37, 78, 159, 246, 312, 289, 271, 229, 848, 47, 18784.47, 11.46, 9.51
11:34:24, 1255.00, 10.73, 38, 79, 160, 248, 315, 291, 274, 231, 850, 47, 18784.47, 11.46, 9.50
11:34:25, 1255.10, 10.74, 37, 79, 160, 248, 314, 291, 273, 230, 858, 48, 18768.28, 11.47, 9.50
11:34:25, 1254.40, 10.74, 38, 79, 161, 249, 317, 294, 276, 233, 880, 49, 18800.68, 11.44, 9.50
11:34:26, 1254.30, 10.74, 38, 79, 161, 249, 317, 293, 276, 232, 889, 49, 18752.11, 11.49, 9.50
11:34:26, 1254.30, 10.74, 38, 80, 162, 251, 317, 294, 276, 232, 895, 50, 18800.68, 11.44, 9.50
11:34:26, 1254.00, 10.74, 38, 80, 163, 252, 315, 292, 274, 231, 900, 50, 18784.47, 11.46, 9.49
11:34:27, 1254.10, 10.74, 38, 80, 163, 252, 316, 293, 275, 231, 912, 51, 18816.90, 11.42, 9.49
11:34:27, 1253.90, 10.74, 38, 80, 162, 251, 317, 294, 276, 232, 922, 51, 18784.47, 11.46, 9.50
11:34:28, 1253.80, 10.74, 38, 80, 163, 252, 318, 295, 278, 232, 929, 52, 18800.68, 11.44, 9.50
11:34:28, 1253.70, 10.74, 39, 81, 165, 255, 317, 294, 276, 232, 934, 52, 18768.28, 11.47, 9.50
11:34:28, 1253.50, 10.75, 39, 82, 165, 255, 316, 294, 276, 231, 937, 52, 18816.90, 11.42, 9.50
11:34:29, 1253.60, 10.75, 39, 81, 165, 255, 318, 295, 277, 232, 945, 53, 18768.28, 11.47, 9.50
11:34:29, 1253.40, 10.75, 39, 81, 164, 254, 318, 295, 277, 232, 951, 53, 18833.15, 11.40, 9.50
11:34:30, 1253.70, 10.75, 38, 81, 164, 253, 321, 297, 279, 233, 959, 53, 18816.90, 11.42, 9.50
11:34:30, 1253.30, 10.75, 39, 81, 165, 255, 316, 293, 275, 229, 961, 53, 18800.68, 11.44, 9.50
11:34:31, 1253.90, 10.76, 39, 81, 164, 254, 315, 292, 274, 228, 960, 53, 18752.11, 11.49, 9.49
11:34:31, 1253.70, 10.75, 38, 80, 162, 250, 319, 296, 277, 230, 968, 54, 18816.90, 11.42, 9.49
11:34:31, 1253.40, 10.76, 38, 80, 163, 252, 317, 293, 275, 229, 970, 54, 18833.15, 11.40, 9.49
11:34:32, 1253.70, 10.75, 39, 81, 164, 253, 314, 290, 272, 226, 970, 54, 18816.90, 11.42, 9.49
11:34:32, 1253.80, 10.75, 38, 80, 162, 251, 311, 288, 269, 224, 973, 54, 18800.68, 11.44, 9.49
11:34:33, 1253.70, 10.76, 38, 80, 162, 250, 311, 288, 269, 223, 978, 54, 18816.90, 11.42, 9.49
11:34:33, 1253.60, 10.76, 38, 80, 162, 250, 310, 287, 267, 222, 978, 54, 18816.90, 11.42, 9.49
11:34:33, 1252.60, 10.76, 38, 80, 162, 250, 315, 292, 273, 226, 990, 55, 18768.28, 11.47, 9.50
11:34:34, 1252.00, 10.76, 39, 81, 164, 253, 312, 289, 270, 224, 992, 55, 18800.68, 11.44, 9.50
11:34:34, 1251.80, 10.76, 38, 79, 159, 244, 308, 286, 267, 221, 998, 56, 18865.69, 11.37, 9.50
11:34:35, 1252.20, 10.76, 38, 79, 160, 246, 310, 287, 268, 222, 999, 56, 18816.90, 11.42, 9.49
11:34:35, 1252.40, 10.76, 38, 79, 160, 246, 305, 283, 263, 218, 984, 55, 18849.41, 11.39, 9.49
11:34:35, 1252.00, 10.76, 37, 77, 155, 239, 298, 276, 256, 212, 976, 54, 18816.90, 11.42, 9.49
11:34:36, 1252.00, 10.75, 37, 77, 157, 241, 295, 273, 253, 209, 973, 54, 18800.68, 11.44, 9.49
11:34:36, 1251.90, 10.75, 37, 77, 156, 239, 293, 271, 251, 207, 970, 54, 18865.69, 11.37, 9.49
11:34:37, 1251.50, 10.75, 37, 77, 156, 240, 294, 272, 251, 207, 968, 54, 18816.90, 11.42, 9.48
11:34:37, 1250.20, 10.75, 37, 77, 155, 237, 293, 271, 251, 208, 972, 54, 18816.90, 11.42, 9.48
11:34:38, 1249.10, 10.75, 36, 76, 153, 234, 293, 271, 251, 207, 977, 54, 18849.41, 11.39, 9.49
11:34:38, 1248.20, 10.75, 36, 75, 152, 232, 291, 269, 249, 206, 981, 55, 18881.99, 11.35, 9.49
11:34:38, 1247.10, 10.75, 36, 76, 153, 233, 288, 266, 247, 204, 984, 55, 18833.15, 11.40, 9.49
11:34:39, 1246.20, 10.74, 37, 77, 155, 236, 287, 265, 246, 204, 986, 55, 18816.90, 11.42, 9.49
11:34:39, 1245.10, 10.74, 37, 77, 156, 237, 290, 268, 249, 206, 991, 55, 18849.41, 11.39, 9.49
11:34:40, 1244.20, 10.74, 37, 78, 156, 236, 291, 269, 250, 208, 995, 56, 18833.15, 11.40, 9.49
11:34:40, 1242.80, 10.74, 38, 78, 156, 237, 292, 271, 252, 209, 1000, 56, 18865.69, 11.37, 9.49
11:34:41, 1241.90, 10.73, 38, 79, 157, 238, 292, 271, 252, 210, 1001, 56, 18816.90, 11.42, 9.49
11:34:41, 1240.70, 10.74, 38, 79, 158, 238, 293, 271, 253, 210, 1002, 56, 18816.90, 11.42, 9.49
11:34:41, 1240.00, 10.73, 38, 79, 158, 239, 294, 273, 255, 212, 1008, 56, 18816.90, 11.42, 9.49
11:34:42, 1239.00, 10.74, 39, 80, 159, 240, 294, 273, 255, 212, 1009, 56, 18816.90, 11.42, 9.49
11:34:42, 1238.40, 10.74, 39, 81, 160, 242, 294, 272, 255, 213, 1013, 57, 18816.90, 11.42, 9.49
11:34:43, 1237.40, 10.74, 39, 81, 161, 243, 295, 274, 256, 214, 1017, 57, 18865.69, 11.37, 9.49
11:34:43, 1236.50, 10.74, 40, 82, 162, 243, 296, 275, 258, 215, 1020, 57, 18849.41, 11.39, 9.49
11:34:43, 1235.20, 10.74, 40, 83, 163, 244, 298, 277, 260, 217, 1023, 57, 18816.90, 11.42, 9.49
11:34:44, 1234.20, 10.74, 40, 83, 163, 244, 298, 277, 260, 218, 1028, 57, 18881.99, 11.35, 9.49
11:34:44, 1232.90, 10.74, 40, 84, 164, 245, 298, 276, 260, 218, 1029, 57, 18849.41, 11.39, 9.49
11:34:45, 1232.00, 10.74, 41, 84, 165, 246, 299, 277, 261, 219, 1029, 57, 18865.69, 11.37, 9.49
11:34:45, 1230.90, 10.74, 41, 84, 165, 246, 298, 276, 261, 219, 1027, 57, 18881.99, 11.35, 9.48
11:34:45, 1229.90, 10.74, 41, 85, 165, 246, 299, 277, 262, 220, 1028, 57, 18881.99, 11.35, 9.48
11:34:46, 1228.60, 10.75, 41, 85, 165, 246, 299, 277, 262, 221, 1027, 57, 18865.69, 11.37, 9.49
11:34:46, 1227.00, 10.75, 41, 85, 165, 246, 298, 277, 262, 222, 1028, 57, 18898.30, 11.33, 9.49
11:34:47, 1225.10, 10.75, 42, 86, 167, 248, 299, 278, 264, 223, 1035, 58, 18881.99, 11.35, 9.49
11:34:47, 1223.70, 10.75, 42, 87, 168, 249, 299, 279, 265, 224, 1045, 58, 18881.99, 11.35, 9.49
11:34:48, 1222.40, 10.75, 43, 88, 169, 251, 300, 279, 265, 225, 1049, 58, 18833.15, 11.40, 9.49
11:34:48, 1221.10, 10.74, 43, 89, 170, 252, 302, 282, 268, 228, 1059, 59, 18865.69, 11.37, 9.49
11:34:48, 1219.30, 10.74, 43, 89, 171, 252, 306, 285, 272, 232, 1067, 59, 18865.69, 11.37, 9.49
11:34:49, 1217.90, 10.74, 44, 89, 171, 251, 305, 285, 272, 232, 1079, 60, 18865.69, 11.37, 9.49
11:34:49, 1216.30, 10.74, 44, 91, 173, 253, 306, 285, 273, 234, 1089, 61, 18865.69, 11.37, 9.48
11:34:50, 1215.00, 10.74, 45, 92, 175, 256, 306, 286, 274, 235, 1103, 61, 18914.64, 11.31, 9.48
11:34:50, 1213.20, 10.73, 46, 94, 178, 260, 311, 291, 279, 240, 1122, 62, 18914.64, 11.31, 9.48
11:34:50, 1212.00, 10.73, 46, 93, 177, 258, 313, 293, 281, 242, 1136, 63, 18898.30, 11.33, 9.48
11:34:51, 1210.30, 10.73, 47, 95, 181, 263, 312, 293, 282, 243, 1151, 64, 18898.30, 11.33, 9.48
11:34:51, 1208.60, 10.73, 48, 98, 185, 269, 318, 299, 288, 249, 1174, 66, 18865.69, 11.37, 9.48
11:34:52, 1206.70, 10.73, 48, 98, 185, 267, 323, 303, 292, 254, 1193, 67, 18898.30, 11.33, 9.48
11:34:52, 1205.40, 10.73, 49, 99, 187, 269, 320, 300, 290, 252, 1200, 67, 18898.30, 11.33, 9.48
11:34:52, 1203.90, 10.73, 50, 102, 191, 274, 321, 301, 292, 254, 1208, 68, 18865.69, 11.37, 9.48
11:34:53, 1202.40, 10.73, 51, 103, 194, 278, 326, 306, 297, 259, 1221, 69, 18898.30, 11.33, 9.48
11:34:53, 1200.80, 10.72, 52, 105, 197, 281, 333, 313, 304, 266, 1238, 70, 18898.30, 11.33, 9.47
11:34:54, 1199.60, 10.72, 52, 105, 197, 281, 334, 314, 305, 268, 1245, 70, 18898.30, 11.33, 9.47
11:34:54, 1198.20, 10.72, 53, 106, 198, 282, 336, 317, 308, 271, 1257, 71, 18865.69, 11.37, 9.48
11:34:54, 1196.60, 10.72, 53, 107, 199, 284, 336, 317, 309, 272, 1268, 71, 18881.99, 11.35, 9.48
11:34:55, 1195.60, 10.72, 54, 109, 202, 287, 339, 321, 313, 276, 1281, 72, 18881.99, 11.35, 9.48
11:34:55, 1194.30, 10.72, 55, 109, 202, 287, 342, 323, 315, 279, 1290, 72, 18849.41, 11.39, 9.47
11:34:56, 1193.10, 10.72, 55, 110, 204, 289, 344, 325, 318, 282, 1301, 73, 18833.15, 11.40, 9.47
11:34:56, 1191.70, 10.72, 56, 111, 205, 290, 342, 324, 317, 282, 1307, 73, 18931.00, 11.30, 9.48
11:34:57, 1190.00, 10.72, 57, 114, 210, 297, 346, 328, 323, 287, 1323, 74, 18881.99, 11.35, 9.48
11:34:57, 1188.80, 10.71, 57, 114, 209, 295, 350, 332, 326, 291, 1332, 74, 18898.30, 11.33, 9.48
11:34:57, 1187.70, 10.71, 58, 116, 211, 298, 347, 330, 325, 290, 1338, 75, 18865.69, 11.37, 9.47
11:34:58, 1187.20, 10.71, 59, 117, 214, 302, 351, 333, 329, 294, 1343, 75, 18865.69, 11.37, 9.47
11:34:58, 1186.10, 10.71, 59, 117, 214, 302, 355, 337, 333, 298, 1352, 75, 18865.69, 11.37, 9.47
11:34:59, 1184.90, 10.71, 59, 117, 213, 299, 354, 337, 332, 298, 1355, 76, 18898.30, 11.33, 9.47
11:34:59, 1183.50, 10.71, 60, 119, 216, 304, 354, 337, 334, 300, 1367, 76, 18898.30, 11.33, 9.47
11:34:59, 1181.50, 10.71, 61, 120, 217, 304, 359, 341, 338, 304, 1383, 77, 18881.99, 11.35, 9.47
11:35:00, 1179.20, 10.70, 62, 123, 222, 310, 362, 346, 343, 310, 1409, 79, 18898.30, 11.33, 9.47
11:35:00, 1177.60, 10.70, 63, 123, 222, 309, 366, 349, 347, 314, 1422, 80, 18931.00, 11.30, 9.48
11:35:01, 1176.20, 10.70, 63, 124, 224, 311, 363, 346, 346, 312, 1422, 80, 18865.69, 11.37, 9.48
11:35:01, 1174.70, 10.70, 64, 126, 227, 314, 371, 353, 354, 320, 1437, 81, 18914.64, 11.31, 9.48
11:35:01, 1172.50, 10.70, 65, 127, 229, 316, 374, 356, 359, 325, 1449, 82, 18898.30, 11.33, 9.47
11:35:02, 1170.80, 10.70, 66, 129, 231, 318, 375, 357, 361, 327, 1455, 83, 18914.64, 11.31, 9.47
11:35:02, 1169.50, 10.69, 67, 131, 234, 321, 375, 356, 361, 328, 1458, 83, 18914.64, 11.31, 9.48
11:35:03, 1167.70, 10.69, 68, 133, 237, 326, 379, 360, 366, 333, 1471, 84, 18898.30, 11.33, 9.48
11:35:03, 1165.80, 10.69, 69, 135, 240, 329, 382, 363, 371, 337, 1486, 85, 18898.30, 11.33, 9.48
11:35:04, 1164.10, 10.69, 70, 137, 242, 331, 387, 368, 377, 344, 1503, 86, 18931.00, 11.30, 9.46
11:35:04, 1162.20, 10.68, 72, 138, 245, 334, 391, 372, 382, 349, 1521, 87, 18898.30, 11.33, 9.46
11:35:04, 1160.40, 10.68, 73, 141, 249, 338, 395, 376, 387, 354, 1537, 88, 18898.30, 11.33, 9.47
11:35:05, 1158.60, 10.68, 74, 143, 252, 342, 398, 379, 392, 359, 1554, 89, 18947.37, 11.28, 9.47
11:35:05, 1157.10, 10.68, 76, 146, 256, 347, 400, 381, 395, 362, 1561, 90, 18931.00, 11.30, 9.47
11:35:06, 1155.20, 10.68, 77, 148, 260, 352, 407, 388, 403, 370, 1585, 92, 18914.64, 11.31, 9.46
11:35:06, 1153.30, 10.68, 78, 149, 261, 353, 413, 393, 410, 377, 1601, 93, 18947.37, 11.28, 9.46
11:35:06, 1151.70, 10.67, 79, 150, 261, 353, 414, 394, 412, 380, 1612, 93, 18931.00, 11.30, 9.46
11:35:07, 1149.60, 10.67, 80, 153, 266, 358, 416, 397, 417, 384, 1635, 95, 18914.64, 11.31, 9.46
11:35:07, 1147.80, 10.67, 83, 157, 272, 366, 422, 403, 424, 392, 1659, 96, 18931.00, 11.30, 9.46
11:35:08, 1146.40, 10.67, 84, 159, 275, 369, 425, 406, 429, 396, 1669, 97, 18914.64, 11.31, 9.46
11:35:08, 1145.10, 10.67, 85, 161, 277, 371, 429, 410, 433, 401, 1680, 98, 18931.00, 11.30, 9.46
11:35:08, 1143.50, 10.67, 86, 162, 279, 374, 433, 413, 438, 406, 1691, 99, 18914.64, 11.31, 9.46
11:35:09, 1141.00, 10.67, 88, 166, 284, 379, 438, 418, 445, 414, 1718, 101, 18947.37, 11.28, 9.46
11:35:09, 1139.00, 10.67, 91, 170, 291, 386, 440, 420, 449, 418, 1736, 102, 18914.64, 11.31, 9.46
11:35:10, 1137.20, 10.66, 93, 173, 295, 392, 447, 427, 457, 426, 1767, 105, 18931.00, 11.30, 9.45
11:35:10, 1134.80, 10.66, 94, 176, 298, 394, 455, 435, 467, 437, 1797, 107, 18931.00, 11.30, 9.45
11:35:11, 1132.10, 10.66, 97, 180, 303, 401, 462, 443, 476, 447, 1838, 109, 18931.00, 11.30, 9.46
11:35:11, 1129.40, 10.66, 99, 184, 309, 406, 469, 452, 485, 458, 1878, 112, 18931.00, 11.30, 9.46
11:35:11, 1126.70, 10.66, 104, 191, 320, 419, 479, 462, 498, 473, 1939, 116, 18963.76, 11.26, 9.46
11:35:12, 1123.60, 10.65, 108, 198, 329, 430, 486, 469, 508, 483, 1983, 120, 18931.00, 11.30, 9.46
11:35:12, 1119.30, 10.65, 114, 208, 344, 447, 505, 490, 531, 509, 2083, 127, 18931.00, 11.30, 9.46
11:35:13, 1116.20, 10.65, 119, 214, 352, 456, 515, 500, 544, 525, 2159, 132, 18931.00, 11.30, 9.45
11:35:13, 1112.30, 10.64, 124, 222, 362, 467, 529, 515, 563, 545, 2261, 140, 18963.76, 11.26, 9.45
11:35:13, 1109.60, 10.64, 130, 231, 375, 481, 543, 531, 580, 564, 2359, 147, 18980.17, 11.24, 9.45
11:35:14, 1106.10, 10.64, 135, 238, 385, 493, 558, 546, 598, 584, 2463, 155, 18963.76, 11.26, 9.45
11:35:14, 1102.40, 10.64, 143, 250, 402, 512, 576, 566, 621, 612, 2583, 165, 18963.76, 11.26, 9.45
11:35:15, 1099.90, 10.64, 148, 257, 411, 520, 582, 573, 631, 624, 2667, 173, 18914.64, 11.31, 9.45
11:35:15, 1097.70, 10.64, 155, 267, 425, 536, 590, 582, 640, 636, 2738, 179, 18947.37, 11.28, 9.45
11:35:15, 1093.50, 10.64, 162, 277, 438, 551, 609, 604, 667, 667, 2865, 192, 18947.37, 11.28, 9.45
11:35:16, 1090.40, 10.64, 173, 293, 459, 574, 637, 633, 701, 706, 3019, 207, 18931.00, 11.30, 9.44
11:35:16, 1087.10, 10.64, 183, 309, 480, 600, 668, 666, 737, 748, 3165, 221, 18931.00, 11.30, 9.44
11:35:17, 1085.00, 10.64, 193, 325, 500, 623, 692, 692, 765, 781, 3287, 234, 18947.37, 11.28, 9.44
11:35:17, 1083.20, 10.64, 200, 334, 511, 635, 690, 690, 767, 784, 3334, 245, 18947.37, 11.28, 9.44
11:35:18, 1080.50, 10.64, 205, 340, 518, 644, 691, 692, 770, 792, 3391, 256, 18947.37, 11.28, 9.44
11:35:18, 1078.00, 10.64, 211, 349, 527, 654, 709, 711, 792, 818, 3480, 271, 18996.60, 11.23, 9.45
11:35:18, 1074.90, 10.64, 215, 353, 531, 657, 724, 726, 812, 841, 3573, 288, 18914.64, 11.31, 9.45
11:35:19, 1070.80, 10.63, 226, 366, 546, 672, 734, 738, 829, 865, 3735, 327, 18947.37, 11.28, 9.44
11:35:19, 1068.00, 10.64, 240, 387, 572, 703, 761, 768, 864, 904, 3893, 353, 18947.37, 11.28, 9.44
11:35:20, 1063.90, 10.63, 256, 409, 600, 733, 790, 800, 905, 950, 4120, 404, 18931.00, 11.30, 9.44
11:35:20, 1060.80, 10.64, 270, 426, 621, 755, 807, 818, 928, 977, 4305, 453, 18947.37, 11.28, 9.44
11:35:20, 1056.40, 10.64, 281, 438, 636, 768, 832, 842, 958, 1013, 4538, 523, 18980.17, 11.24, 9.44
11:35:21, 1052.70, 10.64, 296, 454, 655, 784, 851, 861, 985, 1045, 4783, 615, 18980.17, 11.24, 9.45
11:35:21, 1049.20, 10.64, 319, 483, 691, 823, 879, 889, 1023, 1087, 5065, 731, 18947.37, 11.28, 9.45
11:35:22, 1046.20, 10.64, 344, 513, 728, 860, 912, 924, 1065, 1135, 5344, 849, 18947.37, 11.28, 9.45
11:35:22, 1043.10, 10.64, 362, 534, 752, 883, 926, 937, 1091, 1157, 5536, 971, 18996.60, 11.23, 9.45
11:35:22, 1039.90, 10.64, 370, 541, 755, 884, 937, 948, 1108, 1176, 5783, 1142, 18963.76, 11.26, 9.45
11:35:23, 1034.50, 10.64, 398, 572, 789, 917, 971, 979, 1154, 1229, 6277, 1547, 18980.17, 11.24, 9.47
11:35:23, 1030.80, 10.64, 438, 616, 836, 968, 1031, 1048, 1234, 1321, 6979, 2277, 18980.17, 11.24, 9.47
11:35:24, 1029.50, 10.64, 477, 661, 896, 1023, 1086, 1109, 1298, 1398, 7429, 2713, 18963.76, 11.26, 9.47
11:35:24, 1028.80, 10.64, 531, 735, 983, 1139, 1159, 1193, 1395, 1500, 7863, 3091, 18947.37, 11.28, 9.50
11:35:25, 1029.50, 10.64, 530, 726, 975, 1118, 1110, 1141, 1321, 1440, 7676, 2981, 18963.76, 11.26, 9.50
11:35:25, 1028.50, 10.64, 494, 684, 929, 1065, 1151, 1180, 1382, 1490, 7797, 2929, 18931.00, 11.30, 9.52
11:35:25, 1026.90, 10.63, 560, 771, 1028, 1186, 1180, 1227, 1410, 1545, 8101, 3163, 19013.05, 11.21, 9.52
11:35:26, 1025.80, 10.63, 541, 742, 993, 1138, 1143, 1186, 1361, 1496, 7982, 3168, 18980.17, 11.24, 9.52
11:35:26, 1026.50, 10.63, 547, 745, 993, 1135, 1138, 1187, 1343, 1497, 8085, 3204, 18980.17, 11.24, 9.52
11:35:27, 1026.20, 10.63, 533, 720, 966, 1097, 1158, 1222, 1377, 1540, 8193, 3247, 18980.17, 11.24, 9.52
11:35:27, 1026.00, 10.63, 544, 727, 978, 1108, 1099, 1156, 1303, 1458, 8084, 3227, 18996.60, 11.23, 9.53
11:35:27, 1025.90, 10.62, 547, 719, 978, 1104, 1146, 1213, 1369, 1521, 8342, 3344, 18996.60, 11.23, 9.53
11:35:28, 1026.00, 10.62, 558, 716, 981, 1133, 1063, 1147, 1298, 1414, 8095, 3318, 18980.17, 11.24, 9.53
11:35:28, 1025.90, 10.61, 542, 693, 951, 1099, 1123, 1209, 1364, 1498, 8244, 3387, 19013.05, 11.21, 9.54
11:35:29, 1025.80, 10.62, 600, 772, 1054, 1209, 1215, 1323, 1461, 1654, 8645, 3495, 18963.76, 11.26, 9.54
11:35:29, 1025.90, 10.62, 598, 787, 1064, 1222, 1301, 1428, 1566, 1797, 8790, 3546, 18980.17, 11.24, 9.54
11:35:29, 1025.90, 10.63, 692, 905, 1220, 1421, 1423, 1537, 1739, 1933, 8797, 3597, 19013.05, 11.21, 9.54
11:35:30, 1025.90, 10.64, 684, 915, 1226, 1461, 1492, 1622, 1819, 2044, 8983, 3653, 18980.17, 11.24, 9.54
11:35:30, 1025.60, 10.64, 711, 957, 1269, 1491, 1496, 1618, 1812, 2050, 9058, 3664, 18980.17, 11.24, 9.56
11:35:31, 1025.70, 10.65, 733, 979, 1310, 1538, 1602, 1723, 1943, 2177, 9223, 3736, 18963.76, 11.26, 9.56
11:35:31, 1025.80, 10.66, 747, 1007, 1351, 1599, 1620, 1711, 1971, 2191, 8866, 3642, 18996.60, 11.23, 9.56
11:35:32, 1025.90, 10.66, 716, 963, 1286, 1516, 1532, 1644, 1870, 2080, 8951, 3663, 18980.17, 11.24, 9.56
11:35:32, 1025.90, 10.67, 727, 982, 1301, 1551, 1587, 1715, 1964, 2155, 9032, 3692, 18980.17, 11.24, 9.56
11:35:32, 1025.90, 10.68, 744, 1008, 1347, 1628, 1593, 1727, 1986, 2172, 8932, 3664, 18963.76, 11.26, 9.58
11:35:33, 1025.70, 10.68, 693, 953, 1251, 1507, 1487, 1594, 1844, 2015, 8699, 3634, 18996.60, 11.23, 9.58
11:35:33, 1025.80, 10.69, 689, 953, 1252, 1518, 1567, 1678, 1969, 2118, 8805, 3650, 18980.17, 11.24, 9.59
11:35:34, 1026.00, 10.69, 746, 1031, 1354, 1674, 1680, 1812, 2178, 2290, 8943, 3661, 18980.17, 11.24, 9.59
11:35:34, 1025.50, 10.68, 704, 980, 1286, 1577, 1539, 1636, 1932, 2072, 8654, 3635, 18996.60, 11.23, 9.59
11:35:34, 1025.20, 10.67, 684, 958, 1255, 1523, 1561, 1636, 1962, 2095, 8615, 3615, 18980.17, 11.24, 9.60
11:35:35, 1025.40, 10.66, 706, 985, 1287, 1574, 1601, 1701, 2005, 2160, 8640, 3603, 19013.05, 11.21, 9.60
11:35:35, 1025.40, 10.65, 722, 1011, 1324, 1612, 1647, 1739, 2065, 2219, 8677, 3596, 18947.37, 11.28, 9.63
11:35:36, 1025.30, 10.64, 714, 1003, 1315, 1594, 1574, 1667, 1958, 2128, 8512, 3529, 18996.60, 11.23, 9.63
11:35:36, 1025.30, 10.64, 644, 907, 1193, 1426, 1056, 1132, 1428, 1576, 4838, 2171, 18980.17, 11.24, 9.63
11:35:36, 1025.20, 10.65, 573, 874, 1109, 1368, 1449, 1471, 1799, 1960, 7151, 2984, 18963.76, 11.26, 9.63
11:35:37, 1025.40, 10.66, 668, 884, 1212, 1382, 1484, 1551, 1802, 2054, 7294, 3303, 18947.37, 11.28, 9.63
