Secchi Depth (cm) = 0295
Forel Ule Scale = 08
pH Colour Scale = 99
SmartSecchi S/N = A003
Latitude (degs N) = 50.21559
Longitude (degs E) = -5.02743
Date = 2023-02-03
Time (UTC), Pressure (mbar) MS5803, Temp (deg C) MS5803, 415nm, 445nm, 480nm, 515nm, 555nm, 590nm, 630nm, 680nm, Clear, NIR, Resistance 10KTHERM, Temp (deg C) 10KTHERM, Temp (deg C) TMP117
14:04:00, 1024.70, 10.64, 672, 972, 1348, 1617, 1770, 1919, 2210, 2662, 10893, 5086, 18865.69, 11.37, 9.95
14:04:00, 1024.80, 10.65, 690, 988, 1374, 1633, 1769, 1920, 2203, 2636, 10929, 5071, 18931.00, 11.30, 9.95
14:04:00, 1024.80, 10.65, 666, 959, 1331, 1613, 1707, 1885, 2178, 2564, 10630, 4919, 18898.30, 11.33, 9.93
14:04:01, 1024.70, 10.66, 627, 919, 1269, 1557, 1598, 1746, 2071, 2412, 10555, 4885, 18865.69, 11.37, 9.93
14:04:01, 1025.00, 10.66, 601, 874, 1194, 1472, 1630, 1754, 2111, 2405, 10520, 4912, 18914.64, 11.31, 9.93
14:04:02, 1024.80, 10.66, 616, 928, 1270, 1526, 1664, 1742, 2108, 2439, 10300, 4842, 18865.69, 11.37, 9.91
14:04:02, 1024.90, 10.66, 599, 861, 1217, 1420, 1578, 1672, 1976, 2325, 9800, 4674, 18881.99, 11.35, 9.91
14:04:02, 1024.90, 10.66, 592, 875, 1204, 1435, 1604, 1688, 2009, 2368, 9343, 4482, 18881.99, 11.35, 9.90
14:04:03, 1025.00, 10.66, 617, 880, 1225, 1441, 1599, 1718, 1975, 2393, 9399, 4502, 18849.41, 11.39, 9.90
14:04:03, 1024.80, 10.66, 654, 953, 1310, 1563, 1772, 1891, 2227, 2659, 10746, 5197, 18865.69, 11.37, 9.90
14:04:04, 1025.00, 10.66, 701, 1047, 1439, 1721, 1894, 2025, 2404, 2807, 11580, 5330, 18881.99, 11.35, 9.88
14:04:04, 1024.90, 10.66, 581, 833, 1159, 1403, 1473, 1585, 1900, 2179, 10581, 5115, 18898.30, 11.33, 9.88
14:04:05, 1025.00, 10.66, 667, 959, 1343, 1618, 1805, 1977, 2311, 2699, 12232, 5854, 18881.99, 11.35, 9.88
14:04:05, 1025.00, 10.66, 716, 1043, 1431, 1758, 1824, 2051, 2323, 2787, 11406, 5141, 18881.99, 11.35, 9.88
14:04:05, 1024.80, 10.66, 658, 945, 1302, 1588, 1601, 1751, 2048, 2400, 11173, 5363, 18881.99, 11.35, 9.88
14:04:06, 1024.80, 10.66, 636, 922, 1275, 1564, 1784, 1943, 2291, 2667, 12138, 5787, 18914.64, 11.31, 9.86
14:04:06, 1024.80, 10.66, 693, 1000, 1380, 1680, 1743, 1906, 2222, 2605, 11693, 5545, 18865.69, 11.37, 9.86
14:04:07, 1025.00, 10.66, 687, 997, 1360, 1663, 1806, 1979, 2297, 2708, 11820, 5591, 18881.99, 11.35, 9.85
14:04:07, 1024.90, 10.66, 617, 894, 1235, 1509, 1610, 1729, 2075, 2403, 11068, 5352, 18881.99, 11.35, 9.85
14:04:08, 1024.90, 10.67, 668, 977, 1343, 1647, 1868, 2047, 2373, 2810, 12048, 5674, 18914.64, 11.31, 9.86
14:04:08, 1024.90, 10.67, 697, 1003, 1369, 1649, 1601, 1749, 2016, 2379, 10713, 5121, 18865.69, 11.37, 9.86
14:04:08, 1024.80, 10.67, 619, 881, 1219, 1480, 1706, 1847, 2180, 2551, 11624, 5547, 18898.30, 11.33, 9.86
14:04:09, 1025.00, 10.67, 655, 947, 1313, 1595, 1672, 1823, 2127, 2510, 11478, 5496, 18898.30, 11.33, 9.86
14:04:09, 1024.90, 10.67, 655, 929, 1274, 1549, 1648, 1832, 2076, 2460, 10729, 4985, 18898.30, 11.33, 9.86
14:04:10, 1025.00, 10.67, 671, 951, 1301, 1590, 1666, 1842, 2115, 2508, 11165, 5224, 18881.99, 11.35, 9.86
14:04:10, 1024.70, 10.67, 664, 948, 1308, 1601, 1716, 1901, 2194, 2595, 11488, 5383, 18816.90, 11.42, 9.85
14:04:10, 1024.90, 10.67, 687, 995, 1352, 1659, 1677, 1894, 2108, 2599, 10740, 5062, 18881.99, 11.35, 9.85
14:04:11, 1024.90, 10.67, 709, 1027, 1403, 1715, 1797, 1995, 2275, 2727, 10635, 4849, 18898.30, 11.33, 9.84
14:04:11, 1024.80, 10.67, 701, 988, 1366, 1668, 1776, 1993, 2269, 2653, 10981, 4930, 18898.30, 11.33, 9.84
14:04:12, 1024.70, 10.67, 768, 1147, 1556, 1932, 2119, 2295, 2722, 3182, 11945, 5429, 18898.30, 11.33, 9.84
14:04:12, 1024.80, 10.67, 771, 1178, 1591, 1967, 2064, 2222, 2644, 3089, 11255, 5087, 18816.90, 11.42, 9.84
14:04:12, 1025.00, 10.67, 751, 1137, 1537, 1893, 2010, 2170, 2565, 3022, 11197, 5101, 18849.41, 11.39, 9.84
14:04:13, 1024.90, 10.67, 730, 1084, 1477, 1810, 1947, 2104, 2475, 2926, 10782, 4939, 18898.30, 11.33, 9.84
14:04:13, 1024.90, 10.67, 739, 1074, 1462, 1775, 1901, 2017, 2385, 2810, 8944, 4075, 18898.30, 11.33, 9.84
14:04:14, 1024.60, 10.67, 693, 1065, 1423, 1726, 2022, 2119, 2566, 3000, 9622, 4311, 18849.41, 11.39, 9.84
14:04:14, 1025.10, 10.67, 735, 1092, 1488, 1820, 1876, 2026, 2383, 2840, 11434, 5375, 18865.69, 11.37, 9.84
14:04:15, 1024.80, 10.68, 718, 1064, 1453, 1792, 2065, 2243, 2632, 3086, 11812, 5347, 18881.99, 11.35, 9.84
14:04:15, 1025.00, 10.67, 775, 1149, 1565, 1928, 2054, 2259, 2625, 3094, 11579, 5209, 18865.69, 11.37, 9.83
14:04:15, 1025.10, 10.67, 745, 1099, 1501, 1844, 1953, 2136, 2505, 2930, 11767, 5298, 18898.30, 11.33, 9.83
14:04:16, 1025.00, 10.68, 715, 1058, 1441, 1772, 1891, 2074, 2410, 2844, 11800, 5389, 18881.99, 11.35, 9.80
14:04:16, 1025.10, 10.68, 727, 1068, 1462, 1789, 1871, 2052, 2377, 2807, 12383, 5790, 18947.37, 11.28, 9.80
14:04:17, 1025.00, 10.68, 620, 903, 1253, 1508, 1738, 1867, 2214, 2569, 12196, 5804, 18833.15, 11.40, 9.80
14:04:17, 1025.10, 10.68, 673, 982, 1366, 1639, 1705, 1835, 2163, 2535, 11615, 5566, 18898.30, 11.33, 9.80
14:04:17, 1025.10, 10.68, 620, 932, 1270, 1531, 1708, 1804, 2164, 2523, 10978, 5315, 18898.30, 11.33, 9.80
14:04:18, 1025.00, 10.68, 584, 877, 1205, 1471, 1566, 1661, 2030, 2294, 10192, 4830, 18865.69, 11.37, 9.80
14:04:18, 1025.00, 10.68, 608, 930, 1263, 1548, 1597, 1675, 2081, 2343, 9896, 4692, 18881.99, 11.35, 9.80
14:04:19, 1025.20, 10.68, 575, 878, 1186, 1467, 1554, 1651, 2037, 2291, 9091, 4213, 18881.99, 11.35, 9.80
14:04:19, 1025.00, 10.68, 535, 786, 1090, 1338, 1388, 1484, 1834, 2033, 7691, 3537, 18881.99, 11.35, 9.80
14:04:19, 1025.00, 10.68, 519, 774, 1057, 1325, 1461, 1558, 1927, 2125, 7585, 3390, 18881.99, 11.35, 9.80
14:04:20, 1025.00, 10.69, 542, 801, 1112, 1369, 1446, 1545, 1912, 2118, 7615, 3445, 18865.69, 11.37, 9.80
14:04:20, 1025.20, 10.69, 514, 774, 1040, 1322, 1407, 1516, 1863, 2074, 7382, 3354, 18914.64, 11.31, 9.80
14:04:21, 1024.80, 10.69, 537, 811, 1091, 1386, 1469, 1573, 1946, 2156, 7608, 3411, 18865.69, 11.37, 9.80
14:04:21, 1025.00, 10.69, 529, 786, 1085, 1341, 1427, 1498, 1883, 2054, 8062, 3690, 18881.99, 11.35, 9.80
14:04:22, 1025.00, 10.69, 526, 774, 1075, 1307, 1417, 1472, 1850, 2020, 8630, 4049, 18849.41, 11.39, 9.80
14:04:22, 1025.10, 10.69, 541, 805, 1104, 1350, 1457, 1537, 1915, 2147, 9395, 4417, 18914.64, 11.31, 9.78
14:04:22, 1024.90, 10.69, 546, 835, 1120, 1398, 1525, 1610, 1985, 2255, 10295, 4940, 18865.69, 11.37, 9.78
14:04:23, 1024.90, 10.69, 579, 874, 1180, 1441, 1556, 1648, 1989, 2306, 10895, 5286, 18816.90, 11.42, 9.78
14:04:23, 1025.10, 10.70, 594, 877, 1213, 1460, 1594, 1702, 2032, 2352, 11374, 5490, 18898.30, 11.33, 9.78
14:04:24, 1025.10, 10.69, 624, 916, 1267, 1521, 1651, 1759, 2096, 2432, 11972, 5709, 18865.69, 11.37, 9.78
14:04:24, 1025.10, 10.69, 627, 911, 1267, 1508, 1664, 1793, 2100, 2460, 12073, 5701, 18898.30, 11.33, 9.80
14:04:24, 1027.50, 10.69, 646, 924, 1288, 1532, 1664, 1824, 2097, 2478, 11893, 5548, 18898.30, 11.33, 9.80
14:04:25, 1027.40, 10.68, 630, 899, 1246, 1498, 1601, 1769, 2032, 2396, 11690, 5446, 18833.15, 11.40, 9.80
14:04:25, 1027.70, 10.68, 641, 918, 1275, 1537, 1655, 1836, 2100, 2483, 11788, 5468, 18914.64, 11.31, 9.77
14:04:26, 1027.60, 10.67, 637, 911, 1262, 1521, 1678, 1858, 2123, 2515, 11816, 5478, 18849.41, 11.39, 9.77
14:04:26, 1028.00, 10.67, 646, 925, 1284, 1541, 1659, 1829, 2091, 2475, 11696, 5423, 18914.64, 11.31, 9.77
14:04:26, 1027.20, 10.67, 645, 924, 1285, 1544, 1665, 1839, 2104, 2491, 11816, 5493, 18914.64, 11.31, 9.77
14:04:27, 1028.00, 10.67, 640, 916, 1270, 1524, 1633, 1799, 2061, 2440, 11696, 5437, 18833.15, 11.40, 9.77
14:04:27, 1027.20, 10.67, 629, 900, 1251, 1499, 1634, 1800, 2064, 2443, 11806, 5505, 18898.30, 11.33, 9.76
14:04:28, 1027.80, 10.66, 636, 912, 1268, 1515, 1662, 1825, 2093, 2482, 11896, 5550, 18914.64, 11.31, 9.76
14:04:28, 1027.60, 10.66, 639, 920, 1277, 1520, 1661, 1810, 2088, 2473, 11955, 5600, 18898.30, 11.33, 9.75
14:04:28, 1027.60, 10.66, 648, 931, 1298, 1538, 1646, 1778, 2066, 2438, 11930, 5602, 18931.00, 11.30, 9.75
14:04:29, 1027.60, 10.65, 638, 921, 1280, 1519, 1641, 1771, 2064, 2429, 11996, 5657, 18898.30, 11.33, 9.75
14:04:29, 1027.60, 10.65, 635, 917, 1276, 1513, 1639, 1759, 2062, 2421, 11950, 5624, 18881.99, 11.35, 9.75
14:04:30, 1027.80, 10.65, 623, 905, 1254, 1491, 1636, 1754, 2063, 2418, 11979, 5649, 18881.99, 11.35, 9.75
14:04:30, 1027.50, 10.65, 625, 910, 1261, 1499, 1643, 1755, 2073, 2423, 11971, 5646, 18914.64, 11.31, 9.75
14:04:31, 1027.80, 10.64, 621, 906, 1253, 1493, 1643, 1752, 2078, 2421, 11977, 5665, 18931.00, 11.30, 9.75
14:04:31, 1027.60, 10.64, 630, 921, 1274, 1519, 1634, 1736, 2073, 2405, 11902, 5644, 18865.69, 11.37, 9.75
14:04:31, 1027.40, 10.64, 626, 919, 1264, 1519, 1664, 1771, 2112, 2453, 12049, 5727, 18881.99, 11.35, 9.75
14:04:32, 1027.60, 10.64, 624, 918, 1265, 1517, 1656, 1762, 2106, 2438, 11940, 5673, 18898.30, 11.33, 9.75
14:04:32, 1027.00, 10.64, 627, 925, 1270, 1528, 1678, 1785, 2128, 2473, 12079, 5756, 18881.99, 11.35, 9.74
14:04:33, 1027.40, 10.64, 626, 924, 1271, 1527, 1652, 1755, 2104, 2432, 11886, 5670, 18865.69, 11.37, 9.74
14:04:33, 1027.60, 10.64, 625, 925, 1269, 1529, 1659, 1764, 2113, 2444, 11917, 5690, 18898.30, 11.33, 9.74
14:04:33, 1027.00, 10.63, 624, 920, 1269, 1523, 1659, 1767, 2109, 2444, 11974, 5721, 18931.00, 11.30, 9.75
14:04:34, 1028.00, 10.63, 613, 903, 1243, 1493, 1618, 1722, 2059, 2378, 11693, 5590, 18865.69, 11.37, 9.75
14:04:34, 1027.70, 10.63, 618, 911, 1259, 1509, 1644, 1752, 2092, 2422, 11883, 5682, 18914.64, 11.31, 9.75
14:04:35, 1028.30, 10.63, 613, 905, 1243, 1495, 1566, 1659, 1993, 2299, 11443, 5507, 18898.30, 11.33, 9.75
14:04:35, 1027.90, 10.63, 621, 913, 1266, 1517, 1811, 1928, 2286, 2655, 13111, 6080, 18898.30, 11.33, 9.75
14:04:36, 1028.30, 10.62, 695, 1015, 1407, 1679, 1644, 1725, 2086, 2370, 12263, 5834, 18931.00, 11.30, 9.75
14:04:36, 1027.60, 10.62, 684, 1018, 1405, 1689, 1919, 2051, 2428, 2831, 13281, 6000, 18881.99, 11.35, 9.75
14:04:36, 1028.40, 10.62, 703, 1035, 1432, 1712, 1774, 1877, 2254, 2583, 12916, 6080, 18931.00, 11.30, 9.75
14:04:37, 1027.60, 10.62, 635, 934, 1295, 1552, 1728, 1819, 2198, 2510, 12608, 5963, 18947.37, 11.28, 9.75
14:04:37, 1028.20, 10.62, 680, 995, 1380, 1648, 1832, 1952, 2319, 2681, 13150, 6106, 18898.30, 11.33, 9.75
14:04:38, 1027.70, 10.62, 643, 945, 1311, 1566, 1671, 1766, 2116, 2429, 12224, 5780, 18914.64, 11.31, 9.75
14:04:38, 1028.00, 10.61, 709, 1038, 1439, 1719, 1817, 1928, 2301, 2654, 13130, 6054, 18914.64, 11.31, 9.75
14:04:38, 1027.90, 10.61, 659, 964, 1336, 1596, 1751, 1859, 2218, 2556, 12873, 6120, 18931.00, 11.30, 9.75
14:04:39, 1027.90, 10.61, 709, 1032, 1432, 1706, 1838, 1956, 2324, 2688, 13307, 6202, 18881.99, 11.35, 9.75
14:04:39, 1028.20, 10.61, 693, 1010, 1399, 1669, 1772, 1890, 2243, 2593, 12976, 6151, 18947.37, 11.28, 9.75
14:04:40, 1028.00, 10.61, 655, 950, 1318, 1571, 1736, 1842, 2196, 2538, 12892, 6143, 18963.76, 11.26, 9.74
14:04:40, 1028.20, 10.61, 686, 990, 1376, 1640, 1804, 1957, 2268, 2634, 12936, 6055, 18963.76, 11.26, 9.74
14:04:40, 1027.70, 10.61, 657, 950, 1319, 1573, 1776, 1890, 2244, 2601, 13086, 6214, 18963.76, 11.26, 9.75
14:04:41, 1028.40, 10.61, 740, 1046, 1461, 1731, 1875, 2016, 2352, 2733, 13313, 6241, 18947.37, 11.28, 9.75
14:04:41, 1027.80, 10.61, 645, 931, 1295, 1539, 1799, 1923, 2256, 2616, 13063, 6177, 18980.17, 11.24, 9.75
14:04:42, 1028.10, 10.60, 662, 937, 1309, 1557, 1759, 1895, 2220, 2567, 12888, 5970, 18963.76, 11.26, 9.74
14:04:42, 1028.60, 10.60, 637, 914, 1273, 1515, 1530, 1620, 1926, 2208, 11751, 5600, 18931.00, 11.30, 9.74
14:04:43, 1028.00, 10.60, 695, 1014, 1406, 1679, 1835, 1970, 2318, 2710, 13012, 5828, 18898.30, 11.33, 9.75
14:04:43, 1028.70, 10.60, 688, 1014, 1392, 1676, 1755, 1864, 2212, 2567, 12846, 5792, 18931.00, 11.30, 9.75
14:04:43, 1027.80, 10.60, 676, 987, 1372, 1636, 1823, 1942, 2301, 2671, 13140, 5905, 18963.76, 11.26, 9.75
14:04:44, 1028.60, 10.60, 681, 991, 1370, 1640, 1770, 1884, 2231, 2592, 12883, 5841, 18963.76, 11.26, 9.74
14:04:44, 1028.10, 10.60, 674, 985, 1367, 1630, 1847, 1977, 2335, 2717, 13186, 5920, 18947.37, 11.28, 9.74
14:04:45, 1028.30, 10.60, 711, 1051, 1440, 1737, 1747, 1847, 2201, 2542, 12961, 6009, 18931.00, 11.30, 9.74
14:04:45, 1028.30, 10.59, 689, 1004, 1390, 1660, 1805, 1927, 2279, 2642, 13145, 6060, 18980.17, 11.24, 9.74
14:04:45, 1028.10, 10.59, 663, 968, 1342, 1601, 1635, 1733, 2059, 2380, 12016, 5572, 18947.37, 11.28, 9.74
14:04:46, 1028.40, 10.59, 718, 1051, 1451, 1739, 1829, 1955, 2306, 2681, 13211, 6032, 18947.37, 11.28, 9.74
14:04:46, 1028.50, 10.59, 676, 988, 1367, 1632, 1680, 1778, 2115, 2447, 12499, 5771, 18963.76, 11.26, 9.74
14:04:47, 1028.10, 10.59, 693, 1008, 1397, 1668, 1809, 1929, 2283, 2649, 13173, 6033, 18914.64, 11.31, 9.75
14:04:47, 1028.50, 10.59, 710, 1036, 1431, 1712, 1798, 1919, 2269, 2635, 13112, 6092, 18931.00, 11.30, 9.75
14:04:48, 1028.50, 10.59, 551, 815, 1140, 1355, 1714, 1819, 2152, 2493, 12341, 5089, 18947.37, 11.28, 9.75
14:04:48, 1028.30, 10.59, 705, 1042, 1423, 1722, 1826, 1959, 2302, 2682, 13131, 5961, 18931.00, 11.30, 9.74
14:04:48, 1028.50, 10.59, 649, 951, 1319, 1574, 1500, 1584, 1885, 2176, 11494, 5143, 18931.00, 11.30, 9.74
14:04:49, 1028.30, 10.59, 696, 1013, 1398, 1675, 1801, 1921, 2268, 2634, 13152, 6049, 18931.00, 11.30, 9.74
14:04:49, 1028.20, 10.58, 656, 954, 1324, 1577, 1698, 1792, 2138, 2463, 12712, 5968, 18963.76, 11.26, 9.74
14:04:50, 1028.70, 10.58, 691, 1001, 1385, 1655, 1797, 1911, 2268, 2633, 13134, 5989, 18931.00, 11.30, 9.74
14:04:50, 1027.80, 10.58, 663, 967, 1344, 1603, 1815, 1934, 2284, 2656, 13149, 5833, 18980.17, 11.24, 9.73
14:04:50, 1028.50, 10.58, 703, 1020, 1408, 1686, 1796, 1938, 2268, 2659, 12752, 5776, 18947.37, 11.28, 9.73
14:04:51, 1028.10, 10.58, 564, 819, 1148, 1361, 1765, 1882, 2219, 2585, 12758, 5515, 18931.00, 11.30, 9.74
14:04:51, 1027.90, 10.58, 711, 1039, 1430, 1718, 1873, 2021, 2358, 2767, 13269, 5997, 19013.05, 11.21, 9.74
14:04:52, 1028.70, 10.58, 691, 1015, 1390, 1676, 1774, 1894, 2231, 2602, 12948, 5861, 18931.00, 11.30, 9.74
14:04:52, 1028.10, 10.58, 678, 987, 1367, 1632, 1812, 1937, 2280, 2658, 13096, 5841, 19013.05, 11.21, 9.73
14:04:52, 1028.20, 10.57, 707, 1030, 1418, 1701, 1821, 1954, 2294, 2684, 13165, 6049, 18914.64, 11.31, 9.73
14:04:53, 1028.90, 10.58, 664, 962, 1328, 1585, 1627, 1727, 2047, 2370, 12292, 5761, 18931.00, 11.30, 9.73
14:04:53, 1027.90, 10.57, 687, 995, 1378, 1647, 1808, 1939, 2277, 2665, 13032, 5792, 18947.37, 11.28, 9.73
14:04:54, 1028.60, 10.57, 694, 1008, 1392, 1665, 1780, 1910, 2241, 2625, 12929, 5932, 18963.76, 11.26, 9.73
14:04:54, 1028.00, 10.57, 612, 885, 1244, 1471, 1818, 1943, 2283, 2667, 13058, 5545, 18947.37, 11.28, 9.73
14:04:55, 1028.60, 10.57, 737, 1084, 1485, 1791, 1816, 1955, 2287, 2671, 13111, 5964, 18931.00, 11.30, 9.73
14:04:55, 1028.10, 10.57, 588, 862, 1204, 1430, 1571, 1659, 1967, 2278, 11685, 5012, 18931.00, 11.30, 9.73
14:04:55, 1028.60, 10.57, 710, 1052, 1431, 1738, 1744, 1870, 2196, 2551, 12776, 5843, 18980.17, 11.24, 9.73
14:04:56, 1028.30, 10.57, 562, 817, 1150, 1353, 1771, 1887, 2221, 2594, 12864, 5453, 18947.37, 11.28, 9.73
14:04:56, 1028.50, 10.57, 718, 1057, 1445, 1747, 1818, 1960, 2288, 2679, 13136, 5968, 18996.60, 11.23, 9.73
14:04:57, 1028.50, 10.57, 639, 935, 1297, 1547, 1530, 1611, 1921, 2213, 11755, 5228, 18996.60, 11.23, 9.73
14:04:57, 1028.10, 10.57, 695, 1018, 1398, 1680, 1822, 1961, 2291, 2684, 13148, 5954, 18996.60, 11.23, 9.73
14:04:57, 1028.90, 10.57, 678, 991, 1363, 1634, 1734, 1845, 2181, 2539, 12879, 5935, 18980.17, 11.24, 9.73
14:04:58, 1028.20, 10.56, 665, 976, 1346, 1610, 1769, 1891, 2228, 2590, 12972, 5782, 18996.60, 11.23, 9.73
14:04:58, 1028.50, 10.56, 706, 1031, 1420, 1698, 1763, 1889, 2223, 2593, 12995, 6037, 18963.76, 11.26, 9.73
14:04:59, 1028.60, 10.56, 653, 956, 1323, 1577, 1644, 1734, 2061, 2383, 12365, 5518, 18963.76, 11.26, 9.73
14:04:59, 1028.40, 10.56, 697, 1024, 1406, 1686, 1787, 1918, 2250, 2624, 13085, 5991, 18963.76, 11.26, 9.73
14:05:00, 1028.40, 10.56, 659, 968, 1338, 1598, 1536, 1612, 1932, 2216, 11699, 5360, 18996.60, 11.23, 9.73
14:05:00, 1028.40, 10.56, 705, 1031, 1418, 1697, 1736, 1856, 2189, 2544, 12834, 5931, 18996.60, 11.23, 9.73
14:05:00, 1027.90, 10.56, 574, 839, 1172, 1389, 1751, 1859, 2205, 2561, 12904, 5677, 19013.05, 11.21, 9.73
14:05:01, 1028.60, 10.56, 697, 1025, 1407, 1691, 1806, 1958, 2279, 2685, 12802, 5788, 18963.76, 11.26, 9.73
14:05:01, 1028.50, 10.56, 574, 839, 1171, 1390, 1725, 1831, 2173, 2527, 12682, 5488, 18996.60, 11.23, 9.73
14:05:02, 1028.50, 10.56, 697, 1023, 1406, 1685, 1769, 1906, 2232, 2612, 12841, 5878, 18947.37, 11.28, 9.73
14:05:02, 1028.60, 10.56, 631, 924, 1284, 1525, 1564, 1651, 1966, 2270, 11849, 5274, 19013.05, 11.21, 9.73
14:05:02, 1028.40, 10.56, 689, 1005, 1387, 1656, 1774, 1912, 2238, 2629, 12850, 5862, 18963.76, 11.26, 9.73
14:05:03, 1028.20, 10.56, 653, 952, 1319, 1570, 1644, 1736, 2067, 2383, 12466, 5800, 18980.17, 11.24, 9.73
14:05:03, 1028.60, 10.56, 696, 1026, 1405, 1689, 1725, 1833, 2170, 2530, 12796, 5757, 19029.51, 11.19, 9.74
14:05:04, 1028.40, 10.56, 686, 998, 1380, 1646, 1805, 1944, 2271, 2665, 13108, 5913, 18996.60, 11.23, 9.74
14:05:04, 1028.40, 10.56, 675, 989, 1362, 1629, 1611, 1702, 2029, 2345, 12164, 5635, 18963.76, 11.26, 9.74
14:05:04, 1028.60, 10.55, 688, 1001, 1380, 1648, 1771, 1907, 2232, 2620, 12962, 5912, 18963.76, 11.26, 9.73
14:05:05, 1028.40, 10.55, 617, 906, 1260, 1496, 1710, 1815, 2149, 2502, 12703, 5526, 19029.51, 11.19, 9.73
14:05:05, 1028.60, 10.55, 696, 1021, 1402, 1682, 1763, 1910, 2222, 2613, 12646, 5740, 19029.51, 11.19, 9.74
14:05:06, 1028.70, 10.55, 631, 921, 1280, 1522, 1590, 1681, 2001, 2312, 11964, 5249, 19013.05, 11.21, 9.74
14:05:06, 1028.30, 10.55, 682, 995, 1370, 1638, 1759, 1891, 2213, 2597, 12943, 5924, 18947.37, 11.28, 9.73
14:05:07, 1028.50, 10.55, 662, 970, 1337, 1599, 1565, 1668, 1968, 2287, 11597, 5274, 19079.02, 11.14, 9.73
14:05:07, 1028.60, 10.55, 687, 1002, 1380, 1650, 1731, 1861, 2179, 2549, 12759, 5837, 18996.60, 11.23, 9.73
14:05:07, 1028.60, 10.55, 611, 893, 1243, 1474, 1682, 1785, 2111, 2463, 12488, 5356, 18996.60, 11.23, 9.73
14:05:08, 1028.30, 10.55, 697, 1024, 1404, 1687, 1771, 1916, 2227, 2621, 12884, 5870, 18996.60, 11.23, 9.73
14:05:08, 1028.60, 10.55, 580, 850, 1183, 1406, 1692, 1796, 2119, 2479, 12502, 5216, 19029.51, 11.19, 9.73
14:05:09, 1028.00, 10.55, 684, 1008, 1380, 1662, 1888, 2056, 2371, 2812, 13216, 5821, 18996.60, 11.23, 9.73
14:05:09, 1028.80, 10.55, 629, 936, 1273, 1542, 1444, 1547, 1831, 2151, 10710, 4519, 18996.60, 11.23, 9.73
14:05:09, 1028.20, 10.55, 679, 994, 1368, 1639, 1800, 1960, 2264, 2687, 12779, 5640, 19029.51, 11.19, 9.73
14:05:10, 1028.60, 10.55, 690, 1022, 1394, 1684, 1576, 1667, 1982, 2305, 12042, 5402, 19029.51, 11.19, 9.73
14:05:10, 1028.50, 10.55, 686, 999, 1373, 1646, 1738, 1885, 2190, 2585, 12490, 5575, 18980.17, 11.24, 9.73
14:05:11, 1028.50, 10.55, 655, 959, 1320, 1581, 1655, 1762, 2070, 2412, 12538, 5590, 19029.51, 11.19, 9.73
14:05:11, 1028.40, 10.55, 669, 986, 1346, 1623, 1731, 1865, 2172, 2564, 12778, 5738, 18996.60, 11.23, 9.73
14:05:12, 1028.40, 10.54, 624, 904, 1256, 1492, 1730, 1865, 2172, 2562, 12678, 5575, 19045.99, 11.17, 9.73
14:05:12, 1028.40, 10.54, 654, 955, 1315, 1574, 1683, 1805, 2113, 2471, 12571, 5589, 18996.60, 11.23, 9.73
14:05:12, 1028.50, 10.54, 678, 991, 1360, 1630, 1758, 1905, 2208, 2601, 12902, 5848, 19062.50, 11.16, 9.73
14:05:13, 1028.60, 10.54, 653, 957, 1315, 1574, 1562, 1654, 1962, 2278, 11889, 5429, 18996.60, 11.23, 9.73
14:05:13, 1028.20, 10.54, 668, 975, 1344, 1607, 1739, 1878, 2183, 2574, 12730, 5678, 19045.99, 11.17, 9.73
14:05:14, 1028.90, 10.54, 688, 1021, 1386, 1679, 1706, 1833, 2142, 2527, 12600, 5563, 19029.51, 11.19, 9.73
14:05:14, 1028.20, 10.54, 667, 982, 1346, 1617, 1751, 1891, 2196, 2586, 12807, 5624, 19029.51, 11.19, 9.73
14:05:14, 1029.00, 10.54, 682, 1003, 1365, 1650, 1767, 1927, 2223, 2650, 12610, 5550, 19045.99, 11.17, 9.73
14:05:15, 1028.30, 10.54, 622, 912, 1266, 1506, 1707, 1840, 2140, 2510, 12650, 5521, 19079.02, 11.14, 9.73
14:05:15, 1028.50, 10.54, 686, 1016, 1378, 1669, 1794, 1956, 2258, 2690, 12772, 5658, 18996.60, 11.23, 9.73
14:05:16, 1028.60, 10.54, 603, 876, 1214, 1448, 1752, 1906, 2201, 2608, 12556, 5341, 19045.99, 11.17, 9.73
14:05:16, 1028.30, 10.54, 648, 946, 1306, 1559, 1730, 1869, 2173, 2555, 12797, 5768, 19062.50, 11.16, 9.73
14:05:16, 1028.70, 10.54, 669, 986, 1345, 1620, 1648, 1760, 2069, 2422, 12416, 5523, 19029.51, 11.19, 9.74
14:05:17, 1028.50, 10.53, 670, 976, 1342, 1607, 1751, 1917, 2207, 2628, 12438, 5490, 19062.50, 11.16, 9.74
14:05:17, 1028.50, 10.53, 638, 937, 1289, 1542, 1666, 1789, 2091, 2453, 12471, 5565, 19029.51, 11.19, 9.74
14:05:18, 1028.50, 10.54, 673, 992, 1351, 1633, 1696, 1828, 2128, 2515, 12508, 5547, 19045.99, 11.17, 9.73
14:05:18, 1028.50, 10.53, 678, 998, 1361, 1642, 1735, 1887, 2180, 2577, 12660, 5621, 19062.50, 11.16, 9.73
14:05:19, 1028.40, 10.53, 603, 879, 1215, 1451, 1706, 1836, 2141, 2525, 12547, 5486, 19013.05, 11.21, 9.74
14:05:19, 1028.70, 10.53, 662, 976, 1331, 1605, 1657, 1776, 2080, 2441, 12407, 5529, 19029.51, 11.19, 9.74
14:05:19, 1028.00, 10.53, 678, 995, 1358, 1638, 1796, 1963, 2258, 2685, 12762, 5599, 18996.60, 11.23, 9.74
14:05:20, 1028.80, 10.53, 673, 1000, 1353, 1645, 1591, 1709, 1993, 2345, 11924, 5274, 19045.99, 11.17, 9.73
14:05:20, 1028.40, 10.53, 668, 980, 1338, 1616, 1708, 1850, 2139, 2522, 12568, 5522, 19079.02, 11.14, 9.73
14:05:21, 1028.50, 10.53, 682, 1013, 1366, 1667, 1726, 1875, 2167, 2567, 12593, 5643, 19062.50, 11.16, 9.73
14:05:21, 1028.50, 10.53, 622, 899, 1247, 1485, 1732, 1880, 2171, 2569, 12456, 5248, 19045.99, 11.17, 9.73
14:05:21, 1028.60, 10.53, 671, 988, 1343, 1626, 1727, 1879, 2166, 2555, 12609, 5642, 19062.50, 11.16, 9.73
14:05:22, 1028.60, 10.53, 646, 955, 1302, 1572, 1532, 1632, 1918, 2240, 11821, 5306, 19029.51, 11.19, 9.73
14:05:22, 1028.60, 10.53, 668, 987, 1339, 1626, 1749, 1905, 2199, 2616, 12535, 5489, 19062.50, 11.16, 9.73
14:05:23, 1028.50, 10.53, 633, 923, 1273, 1522, 1746, 1900, 2192, 2599, 12559, 5497, 18980.17, 11.24, 9.73
14:05:23, 1028.50, 10.53, 650, 964, 1309, 1588, 1519, 1629, 1899, 2228, 11540, 5105, 19029.51, 11.19, 9.73
14:05:24, 1028.50, 10.53, 676, 992, 1350, 1632, 1746, 1915, 2199, 2622, 12320, 5406, 19062.50, 11.16, 9.73
14:05:24, 1028.60, 10.53, 598, 874, 1204, 1441, 1689, 1818, 2114, 2497, 12453, 5301, 19062.50, 11.16, 9.72
14:05:24, 1028.20, 10.53, 664, 973, 1325, 1599, 1717, 1866, 2157, 2552, 12553, 5624, 19079.02, 11.14, 9.72
14:05:25, 1028.90, 10.53, 689, 1016, 1375, 1666, 1717, 1857, 2158, 2559, 12449, 5557, 19045.99, 11.17, 9.73
14:05:25, 1028.20, 10.53, 564, 816, 1141, 1351, 1753, 1904, 2201, 2608, 12501, 5199, 19029.51, 11.19, 9.73
14:05:26, 1028.50, 10.53, 715, 1062, 1435, 1743, 1760, 1922, 2210, 2622, 12611, 5634, 19095.57, 11.12, 9.73
14:05:26, 1028.50, 10.53, 659, 965, 1320, 1584, 1648, 1775, 2068, 2419, 12362, 5638, 19013.05, 11.21, 9.72
14:05:26, 1028.30, 10.53, 649, 960, 1312, 1580, 1691, 1818, 2116, 2488, 12505, 5479, 19062.50, 11.16, 9.72
14:05:27, 1028.40, 10.52, 692, 1027, 1388, 1683, 1751, 1909, 2196, 2601, 12640, 5648, 19029.51, 11.19, 9.72
14:05:27, 1028.50, 10.53, 657, 971, 1320, 1592, 1483, 1574, 1860, 2159, 11406, 5102, 19079.02, 11.14, 9.72
14:05:28, 1028.10, 10.52, 678, 997, 1360, 1634, 1778, 1945, 2234, 2665, 12561, 5490, 19062.50, 11.16, 9.72
14:05:28, 1028.50, 10.52, 687, 1017, 1376, 1667, 1748, 1909, 2199, 2615, 12575, 5684, 19013.05, 11.21, 9.72
14:05:28, 1028.60, 10.52, 576, 834, 1158, 1376, 1718, 1844, 2157, 2549, 12388, 5212, 18996.60, 11.23, 9.72
14:05:29, 1027.60, 10.52, 690, 1035, 1393, 1699, 1844, 2027, 2318, 2780, 12689, 5484, 19062.50, 11.16, 9.72
14:05:29, 1028.70, 10.52, 672, 992, 1342, 1624, 1717, 1872, 2154, 2563, 12368, 5414, 19029.51, 11.19, 9.72
14:05:30, 1027.80, 10.52, 674, 997, 1355, 1636, 1780, 1947, 2238, 2666, 12534, 5408, 19045.99, 11.17, 9.72
14:05:30, 1028.50, 10.52, 703, 1046, 1407, 1714, 1716, 1876, 2158, 2568, 12255, 5481, 19079.02, 11.14, 9.72
14:05:31, 1028.20, 10.52, 582, 855, 1176, 1410, 1728, 1866, 2164, 2564, 12455, 5308, 19095.57, 11.12, 9.72
14:05:31, 1028.10, 10.52, 700, 1049, 1406, 1720, 1811, 1990, 2277, 2715, 12579, 5496, 19013.05, 11.21, 9.72
14:05:31, 1028.70, 10.52, 674, 1007, 1350, 1653, 1676, 1809, 2101, 2490, 12224, 5357, 19079.02, 11.14, 9.72
14:05:32, 1027.70, 10.52, 680, 1009, 1364, 1660, 1804, 1982, 2274, 2714, 12372, 5278, 19029.51, 11.19, 9.72
14:05:32, 1028.50, 10.52, 691, 1046, 1390, 1721, 1732, 1880, 2172, 2579, 12463, 5468, 19062.50, 11.16, 9.72
14:05:33, 1028.40, 10.52, 692, 1037, 1390, 1710, 1750, 1916, 2201, 2608, 12314, 5372, 19062.50, 11.16, 9.72
14:05:33, 1028.00, 10.52, 655, 978, 1321, 1610, 1556, 1668, 1944, 2278, 11872, 5284, 19062.50, 11.16, 9.73
14:05:33, 1028.50, 10.52, 689, 1022, 1374, 1681, 1737, 1896, 2180, 2582, 12391, 5471, 19112.12, 11.10, 9.73
14:05:34, 1028.40, 10.52, 646, 961, 1295, 1580, 1594, 1720, 1997, 2345, 11837, 5232, 19045.99, 11.17, 9.73
14:05:34, 1028.30, 10.52, 667, 992, 1335, 1633, 1742, 1899, 2189, 2594, 12341, 5386, 18996.60, 11.23, 9.73
14:05:35, 1028.40, 10.52, 678, 1014, 1357, 1666, 1758, 1928, 2213, 2632, 12266, 5407, 19128.70, 11.08, 9.73
14:05:35, 1028.50, 10.52, 631, 939, 1271, 1550, 1664, 1797, 2081, 2458, 12214, 5277, 19079.02, 11.14, 9.72
14:05:36, 1027.90, 10.52, 686, 1027, 1374, 1689, 1792, 1970, 2256, 2684, 12370, 5360, 19062.50, 11.16, 9.72
14:05:36, 1028.60, 10.52, 675, 1018, 1354, 1672, 1706, 1857, 2141, 2542, 12273, 5394, 19062.50, 11.16, 9.72
14:05:36, 1028.20, 10.51, 682, 1020, 1365, 1675, 1817, 2000, 2288, 2732, 12328, 5246, 19079.02, 11.14, 9.71
14:05:37, 1028.70, 10.52, 684, 1038, 1376, 1708, 1691, 1842, 2128, 2530, 12055, 5146, 19013.05, 11.21, 9.71
14:05:37, 1027.90, 10.52, 677, 1011, 1357, 1662, 1794, 1975, 2264, 2705, 12117, 5124, 19112.12, 11.10, 9.72
14:05:38, 1028.40, 10.51, 691, 1052, 1392, 1730, 1707, 1855, 2141, 2544, 12323, 5383, 19062.50, 11.16, 9.72
14:05:38, 1028.50, 10.52, 691, 1037, 1391, 1707, 1748, 1921, 2199, 2611, 12292, 5343, 19079.02, 11.14, 9.72
14:05:38, 1028.20, 10.51, 645, 963, 1296, 1583, 1498, 1606, 1874, 2191, 11494, 4975, 19079.02, 11.14, 9.72
14:05:39, 1028.20, 10.51, 697, 1058, 1404, 1740, 1786, 1960, 2245, 2680, 12331, 5302, 19045.99, 11.17, 9.72
14:05:39, 1028.50, 10.51, 654, 972, 1306, 1593, 1553, 1663, 1944, 2287, 11730, 5080, 19062.50, 11.16, 9.72
14:05:40, 1028.00, 10.51, 684, 1024, 1371, 1680, 1794, 1981, 2261, 2713, 12054, 5123, 19095.57, 11.12, 9.72
14:05:40, 1028.50, 10.51, 667, 1005, 1338, 1647, 1681, 1831, 2112, 2511, 12134, 5357, 19029.51, 11.19, 9.72
14:05:40, 1028.50, 10.51, 671, 1006, 1346, 1648, 1703, 1872, 2144, 2553, 11910, 5168, 19062.50, 11.16, 9.72
14:05:41, 1027.80, 10.51, 664, 989, 1330, 1620, 1645, 1782, 2064, 2427, 11880, 5273, 19095.57, 11.12, 9.72
14:05:41, 1028.60, 10.51, 678, 1009, 1352, 1652, 1736, 1912, 2187, 2617, 11942, 5198, 19095.57, 11.12, 9.72
14:05:42, 1027.80, 10.51, 558, 816, 1127, 1345, 1725, 1888, 2166, 2578, 12127, 5122, 19112.12, 11.10, 9.72
14:05:42, 1028.50, 10.51, 675, 1002, 1344, 1641, 1766, 1951, 2226, 2668, 11827, 5116, 19079.02, 11.14, 9.72
14:05:43, 1028.50, 10.51, 607, 889, 1215, 1462, 1714, 1868, 2155, 2568, 12061, 5148, 19045.99, 11.17, 9.72
14:05:43, 1028.20, 10.51, 671, 1003, 1341, 1644, 1746, 1922, 2200, 2633, 12117, 5311, 19062.50, 11.16, 9.72
14:05:43, 1028.90, 10.51, 666, 993, 1325, 1625, 1664, 1826, 2092, 2497, 11925, 5329, 19128.70, 11.08, 9.72
14:05:44, 1028.10, 10.51, 601, 858, 1193, 1409, 1679, 1838, 2113, 2514, 11725, 4878, 19079.02, 11.14, 9.72
14:05:44, 1028.60, 10.51, 698, 1045, 1394, 1713, 1739, 1912, 2185, 2608, 12121, 5281, 19045.99, 11.17, 9.71
14:05:45, 1028.80, 10.51, 634, 954, 1277, 1565, 1497, 1611, 1872, 2196, 11261, 4890, 19062.50, 11.16, 9.71
14:05:45, 1028.10, 10.51, 666, 998, 1335, 1638, 1756, 1931, 2211, 2643, 12068, 5185, 19112.12, 11.10, 9.71
14:05:45, 1028.40, 10.51, 670, 999, 1333, 1636, 1698, 1870, 2140, 2560, 11871, 5219, 19045.99, 11.17, 9.71
14:05:46, 1028.40, 10.51, 599, 880, 1199, 1446, 1606, 1740, 2019, 2392, 11592, 4931, 19079.02, 11.14, 9.71
14:05:46, 1027.90, 10.51, 657, 985, 1316, 1618, 1744, 1920, 2201, 2629, 11891, 5068, 19145.30, 11.07, 9.72
14:05:47, 1028.50, 10.51, 648, 969, 1289, 1588, 1709, 1881, 2154, 2576, 11898, 5131, 19095.57, 11.12, 9.72
14:05:47, 1028.30, 10.51, 592, 873, 1193, 1436, 1668, 1828, 2102, 2504, 11755, 5055, 19112.12, 11.10, 9.72
14:05:48, 1028.20, 10.51, 645, 969, 1295, 1592, 1654, 1806, 2083, 2476, 11802, 5155, 19128.70, 11.08, 9.71
14:05:48, 1028.40, 10.50, 677, 1017, 1352, 1671, 1682, 1850, 2116, 2521, 11892, 5198, 19112.12, 11.10, 9.71
14:05:48, 1028.20, 10.51, 589, 888, 1194, 1463, 1608, 1741, 2019, 2394, 11701, 4937, 19079.02, 11.14, 9.71
14:05:49, 1028.10, 10.51, 671, 1010, 1342, 1658, 1705, 1882, 2151, 2563, 11808, 5107, 19095.57, 11.12, 9.71
14:05:49, 1028.80, 10.50, 646, 978, 1294, 1604, 1630, 1782, 2051, 2447, 11624, 5006, 19095.57, 11.12, 9.71
14:05:50, 1028.00, 10.50, 646, 970, 1293, 1593, 1684, 1849, 2121, 2526, 11746, 4949, 19062.50, 11.16, 9.71
14:05:50, 1028.60, 10.50, 662, 993, 1318, 1626, 1669, 1840, 2106, 2519, 11674, 5110, 19145.30, 11.07, 9.71
14:05:50, 1028.40, 10.51, 621, 917, 1243, 1505, 1626, 1783, 2046, 2437, 11453, 4815, 19079.02, 11.14, 9.72
14:05:51, 1028.60, 10.50, 664, 994, 1322, 1630, 1657, 1828, 2091, 2495, 11546, 5019, 19095.57, 11.12, 9.72
14:05:51, 1028.10, 10.50, 602, 900, 1213, 1479, 1659, 1817, 2090, 2487, 11704, 4992, 19095.57, 11.12, 9.72
14:05:52, 1028.90, 10.50, 659, 985, 1311, 1615, 1681, 1861, 2126, 2542, 11372, 4895, 19145.30, 11.07, 9.72
14:05:52, 1028.40, 10.50, 541, 798, 1095, 1314, 1667, 1827, 2102, 2504, 11617, 4724, 19112.12, 11.10, 9.72
14:05:52, 1028.20, 10.50, 673, 1015, 1346, 1667, 1708, 1887, 2159, 2574, 11649, 5010, 19161.92, 11.05, 9.72
14:05:53, 1028.90, 10.50, 648, 977, 1291, 1600, 1553, 1694, 1956, 2319, 11179, 4822, 19045.99, 11.17, 9.72
14:05:53, 1027.70, 10.50, 644, 970, 1292, 1594, 1678, 1843, 2117, 2524, 11641, 4869, 19079.02, 11.14, 9.72
14:05:54, 1029.10, 10.50, 659, 990, 1312, 1621, 1646, 1814, 2076, 2474, 11011, 4708, 19079.02, 11.14, 9.72
14:05:54, 1028.00, 10.50, 555, 804, 1111, 1328, 1645, 1805, 2073, 2463, 11485, 4666, 19145.30, 11.07, 9.72
14:05:55, 1027.90, 10.50, 673, 1015, 1343, 1666, 1717, 1894, 2175, 2591, 11518, 4939, 19095.57, 11.12, 9.71
14:05:55, 1028.80, 10.50, 642, 974, 1283, 1597, 1619, 1774, 2041, 2429, 11348, 4884, 19128.70, 11.08, 9.71
14:05:55, 1028.00, 10.50, 634, 961, 1275, 1583, 1653, 1812, 2088, 2479, 11410, 4674, 19112.12, 11.10, 9.71
14:05:56, 1028.60, 10.50, 674, 1020, 1346, 1676, 1665, 1832, 2104, 2500, 11504, 4925, 19079.02, 11.14, 9.71
14:05:56, 1028.70, 10.50, 546, 823, 1105, 1353, 1380, 1480, 1719, 2022, 10573, 4263, 19095.57, 11.12, 9.71
14:05:57, 1027.70, 10.50, 645, 979, 1293, 1608, 1766, 1950, 2239, 2661, 11308, 4714, 19062.50, 11.16, 9.73
14:05:57, 1029.20, 10.50, 619, 941, 1241, 1545, 1448, 1591, 1832, 2195, 9905, 3966, 19128.70, 11.08, 9.73
14:05:57, 1027.70, 10.49, 622, 937, 1243, 1542, 1670, 1832, 2114, 2514, 11349, 4729, 19145.30, 11.07, 9.73
14:05:58, 1028.40, 10.50, 653, 990, 1300, 1621, 1598, 1755, 2019, 2396, 11225, 4886, 19112.12, 11.10, 9.72
14:05:58, 1028.70, 10.50, 534, 788, 1077, 1299, 1620, 1769, 2039, 2428, 11126, 4307, 19128.70, 11.08, 9.72
14:05:59, 1027.90, 10.49, 636, 959, 1268, 1573, 1740, 1923, 2201, 2622, 11217, 4694, 19161.92, 11.05, 9.72
14:05:59, 1028.80, 10.50, 642, 967, 1275, 1580, 1661, 1838, 2102, 2513, 11085, 4716, 19062.50, 11.16, 9.72
14:06:00, 1028.10, 10.49, 595, 897, 1200, 1473, 1624, 1792, 2053, 2445, 11072, 4441, 19095.57, 11.12, 9.72
14:06:00, 1028.30, 10.49, 666, 1006, 1331, 1652, 1664, 1838, 2105, 2511, 11263, 4828, 19112.12, 11.10, 9.72
14:06:00, 1028.60, 10.49, 629, 954, 1258, 1563, 1497, 1624, 1884, 2220, 10838, 4744, 19112.12, 11.10, 9.72
14:06:01, 1028.70, 10.49, 631, 958, 1264, 1574, 1583, 1739, 2000, 2391, 10805, 4374, 19128.70, 11.08, 9.72
14:06:01, 1027.80, 10.49, 631, 955, 1261, 1567, 1712, 1894, 2162, 2581, 11076, 4617, 19128.70, 11.08, 9.72
14:06:02, 1028.00, 10.49, 643, 971, 1280, 1588, 1593, 1761, 2013, 2402, 11074, 4808, 19062.50, 11.16, 9.72
14:06:02, 1027.70, 10.49, 631, 952, 1253, 1558, 1605, 1774, 2031, 2430, 11018, 4816, 19095.57, 11.12, 9.71
14:06:02, 1028.10, 10.49, 631, 957, 1261, 1570, 1607, 1778, 2035, 2434, 10967, 4770, 19178.55, 11.03, 9.71
14:06:03, 1029.00, 10.49, 588, 884, 1169, 1447, 1371, 1495, 1722, 2026, 10323, 4609, 19161.92, 11.05, 9.72
14:06:03, 1029.00, 10.49, 580, 889, 1174, 1462, 1509, 1660, 1903, 2265, 10580, 4254, 19161.92, 11.05, 9.72
14:06:04, 1030.80, 10.49, 579, 873, 1157, 1432, 1393, 1520, 1751, 2086, 9850, 3621, 19161.92, 11.05, 9.72
14:06:04, 1032.60, 10.49, 533, 812, 1092, 1349, 1446, 1578, 1814, 2162, 9677, 2960, 19128.70, 11.08, 9.72
14:06:04, 1033.40, 10.49, 520, 805, 1088, 1351, 1459, 1592, 1832, 2180, 9434, 2706, 19095.57, 11.12, 9.72
14:06:05, 1036.00, 10.49, 497, 773, 1048, 1305, 1451, 1573, 1816, 2153, 8971, 2224, 19112.12, 11.10, 9.73
14:06:05, 1037.40, 10.49, 479, 750, 1024, 1282, 1389, 1501, 1736, 2045, 8719, 2017, 19095.57, 11.12, 9.73
14:06:06, 1039.80, 10.49, 468, 737, 1002, 1258, 1353, 1456, 1688, 1980, 8368, 1772, 19112.12, 11.10, 9.73
14:06:06, 1041.00, 10.49, 455, 718, 989, 1246, 1312, 1406, 1634, 1900, 8168, 1628, 19145.30, 11.07, 9.71
14:06:07, 1042.20, 10.49, 459, 729, 998, 1260, 1326, 1417, 1653, 1918, 8149, 1607, 19145.30, 11.07, 9.71
14:06:07, 1044.40, 10.48, 437, 702, 971, 1234, 1337, 1428, 1661, 1920, 7723, 1305, 19145.30, 11.07, 9.70
14:06:07, 1045.00, 10.49, 424, 677, 938, 1187, 1305, 1386, 1625, 1873, 7700, 1357, 19062.50, 11.16, 9.70
14:06:08, 1047.80, 10.48, 414, 673, 936, 1195, 1272, 1350, 1575, 1805, 7280, 1101, 19145.30, 11.07, 9.70
14:06:08, 1049.10, 10.48, 398, 648, 904, 1155, 1221, 1288, 1513, 1723, 7095, 1078, 19128.70, 11.08, 9.67
14:06:09, 1051.10, 10.48, 403, 659, 923, 1181, 1217, 1285, 1503, 1704, 6924, 991, 19161.92, 11.05, 9.67
14:06:09, 1053.30, 10.48, 388, 640, 908, 1163, 1236, 1304, 1522, 1719, 6692, 860, 19128.70, 11.08, 9.66
14:06:09, 1055.20, 10.48, 369, 610, 865, 1110, 1239, 1308, 1524, 1718, 6549, 804, 19112.12, 11.10, 9.66
14:06:10, 1058.10, 10.48, 352, 586, 837, 1076, 1195, 1258, 1462, 1645, 6331, 720, 19095.57, 11.12, 9.66
14:06:10, 1060.50, 10.48, 346, 575, 827, 1064, 1138, 1197, 1383, 1551, 6182, 675, 19161.92, 11.05, 9.64
14:06:11, 1061.60, 10.48, 344, 575, 827, 1067, 1137, 1197, 1380, 1547, 6146, 652, 19128.70, 11.08, 9.64
14:06:11, 1063.50, 10.48, 340, 570, 822, 1062, 1130, 1187, 1369, 1529, 5962, 604, 19145.30, 11.07, 9.63
14:06:12, 1065.00, 10.47, 330, 554, 804, 1040, 1116, 1170, 1350, 1502, 5800, 563, 19161.92, 11.05, 9.63
14:06:12, 1067.00, 10.47, 318, 536, 780, 1011, 1113, 1164, 1342, 1489, 5690, 529, 19112.12, 11.10, 9.63
14:06:12, 1068.90, 10.47, 305, 518, 756, 983, 1090, 1135, 1312, 1447, 5514, 493, 19145.30, 11.07, 9.62
14:06:13, 1070.70, 10.47, 302, 515, 755, 982, 1059, 1096, 1272, 1396, 5374, 470, 19145.30, 11.07, 9.62
14:06:13, 1072.30, 10.47, 302, 517, 760, 990, 1070, 1105, 1281, 1399, 5247, 440, 19128.70, 11.08, 9.62
14:06:14, 1074.70, 10.47, 287, 494, 729, 951, 1072, 1102, 1278, 1389, 5044, 406, 19145.30, 11.07, 9.62
14:06:14, 1076.80, 10.46, 278, 481, 714, 933, 1043, 1069, 1238, 1343, 4936, 386, 19145.30, 11.07, 9.62
14:06:14, 1078.90, 10.47, 272, 473, 705, 922, 1026, 1051, 1215, 1316, 4817, 369, 19145.30, 11.07, 9.62
14:06:15, 1080.60, 10.47, 267, 466, 698, 913, 1015, 1036, 1198, 1291, 4688, 351, 19195.21, 11.01, 9.62
14:06:15, 1082.10, 10.46, 263, 461, 695, 911, 1030, 1053, 1213, 1305, 4646, 339, 19145.30, 11.07, 9.62
14:06:16, 1083.40, 10.46, 256, 450, 678, 887, 1004, 1022, 1180, 1266, 4496, 327, 19145.30, 11.07, 9.62
14:06:16, 1085.40, 10.46, 253, 446, 677, 889, 999, 1016, 1169, 1249, 4406, 310, 19145.30, 11.07, 9.62
14:06:17, 1087.50, 10.46, 244, 431, 656, 860, 979, 993, 1143, 1220, 4263, 299, 19161.92, 11.05, 9.62
14:06:17, 1089.30, 10.46, 237, 420, 644, 843, 958, 969, 1113, 1185, 4155, 286, 19145.30, 11.07, 9.62
14:06:17, 1090.80, 10.46, 231, 411, 632, 830, 930, 939, 1078, 1144, 4028, 275, 19145.30, 11.07, 9.61
14:06:18, 1091.60, 10.46, 228, 406, 625, 820, 924, 933, 1070, 1135, 3980, 270, 19145.30, 11.07, 9.61
14:06:18, 1092.90, 10.45, 226, 405, 625, 820, 917, 925, 1061, 1122, 3905, 263, 19128.70, 11.08, 9.61
14:06:19, 1094.60, 10.45, 221, 396, 614, 809, 913, 920, 1053, 1109, 3822, 253, 19178.55, 11.03, 9.61
14:06:19, 1096.30, 10.45, 214, 384, 598, 786, 898, 904, 1034, 1088, 3769, 248, 19178.55, 11.03, 9.61
14:06:19, 1098.60, 10.45, 211, 380, 594, 784, 875, 880, 1003, 1052, 3664, 237, 19145.30, 11.07, 9.61
14:06:20, 1100.80, 10.45, 205, 370, 580, 767, 869, 874, 994, 1040, 3589, 230, 19145.30, 11.07, 9.61
14:06:20, 1102.40, 10.45, 199, 361, 569, 751, 863, 865, 983, 1022, 3471, 220, 19178.55, 11.03, 9.61
14:06:21, 1103.80, 10.45, 195, 354, 560, 740, 854, 855, 972, 1011, 3419, 217, 19178.55, 11.03, 9.61
14:06:21, 1105.60, 10.44, 191, 348, 552, 729, 841, 841, 954, 988, 3319, 208, 19161.92, 11.05, 9.61
14:06:21, 1107.80, 10.44, 186, 338, 541, 715, 829, 827, 936, 968, 3243, 202, 19161.92, 11.05, 9.60
14:06:22, 1109.30, 10.44, 180, 328, 526, 695, 809, 807, 911, 941, 3173, 197, 19145.30, 11.07, 9.60
14:06:22, 1111.00, 10.44, 179, 327, 526, 698, 791, 788, 888, 914, 3102, 191, 19195.21, 11.01, 9.58
14:06:23, 1112.60, 10.44, 175, 321, 517, 686, 784, 781, 878, 904, 3050, 188, 19195.21, 11.01, 9.58
14:06:23, 1114.90, 10.44, 171, 315, 509, 677, 774, 770, 863, 883, 2943, 179, 19178.55, 11.03, 9.58
14:06:24, 1117.10, 10.44, 165, 304, 495, 657, 744, 738, 825, 844, 2843, 173, 19195.21, 11.01, 9.57
14:06:24, 1119.00, 10.44, 161, 296, 483, 642, 755, 747, 833, 851, 2798, 169, 19145.30, 11.07, 9.57
14:06:24, 1120.90, 10.44, 156, 288, 472, 627, 743, 732, 815, 830, 2710, 163, 19161.92, 11.05, 9.56
14:06:25, 1122.20, 10.44, 155, 286, 470, 625, 736, 726, 806, 822, 2664, 160, 19128.70, 11.08, 9.56
14:06:25, 1123.50, 10.43, 153, 282, 465, 618, 729, 716, 794, 808, 2607, 156, 19161.92, 11.05, 9.56
14:06:26, 1125.00, 10.43, 149, 276, 456, 606, 712, 699, 773, 786, 2546, 153, 19178.55, 11.03, 9.55
14:06:26, 1126.80, 10.43, 147, 272, 450, 599, 703, 690, 760, 772, 2484, 148, 19145.30, 11.07, 9.55
14:06:26, 1128.60, 10.43, 144, 266, 442, 587, 686, 674, 738, 753, 2408, 144, 19161.92, 11.05, 9.56
14:06:27, 1130.20, 10.43, 140, 259, 432, 573, 669, 655, 712, 726, 2297, 136, 19195.21, 11.01, 9.56
14:06:27, 1131.80, 10.43, 137, 252, 423, 561, 663, 650, 701, 715, 2167, 127, 19178.55, 11.03, 9.56
14:06:28, 1133.90, 10.43, 132, 243, 408, 541, 631, 622, 662, 678, 2002, 117, 19178.55, 11.03, 9.55
14:06:28, 1136.00, 10.43, 130, 239, 403, 537, 629, 623, 657, 674, 1911, 110, 19161.92, 11.05, 9.55
14:06:28, 1137.70, 10.43, 128, 233, 394, 527, 619, 616, 642, 661, 1797, 102, 19195.21, 11.01, 9.55
14:06:29, 1139.60, 10.42, 125, 228, 385, 517, 612, 612, 634, 652, 1661, 93, 19211.88, 11.00, 9.55
14:06:29, 1141.20, 10.42, 122, 223, 378, 513, 594, 597, 614, 629, 1475, 81, 19161.92, 11.05, 9.55
14:06:30, 1142.50, 10.42, 119, 219, 370, 506, 579, 583, 601, 614, 1339, 73, 19145.30, 11.07, 9.53
14:06:30, 1143.60, 10.42, 118, 219, 368, 508, 585, 591, 608, 617, 1332, 71, 19178.55, 11.03, 9.53
14:06:31, 1145.50, 10.42, 115, 213, 359, 499, 570, 573, 593, 595, 1235, 65, 19211.88, 11.00, 9.53
14:06:31, 1147.00, 10.42, 112, 209, 352, 491, 564, 565, 589, 585, 1209, 63, 19228.57, 10.98, 9.53
14:06:31, 1148.00, 10.42, 109, 204, 345, 483, 561, 560, 588, 578, 1197, 63, 19178.55, 11.03, 9.53
14:06:32, 1149.70, 10.41, 107, 201, 340, 477, 546, 543, 572, 559, 1143, 60, 19178.55, 11.03, 9.52
14:06:32, 1151.50, 10.41, 105, 198, 336, 472, 540, 536, 564, 548, 1139, 60, 19161.92, 11.05, 9.52
14:06:33, 1153.60, 10.41, 103, 195, 331, 466, 538, 532, 559, 542, 1144, 60, 19195.21, 11.01, 9.52
14:06:33, 1155.50, 10.41, 100, 189, 323, 455, 525, 520, 544, 527, 1091, 57, 19161.92, 11.05, 9.52
14:06:33, 1157.30, 10.41, 99, 188, 321, 452, 523, 518, 538, 522, 1084, 56, 19211.88, 11.00, 9.52
14:06:34, 1159.10, 10.40, 96, 183, 314, 443, 512, 507, 524, 509, 1046, 54, 19211.88, 11.00, 9.51
14:06:34, 1160.50, 10.40, 96, 182, 313, 441, 508, 504, 518, 503, 1037, 54, 19211.88, 11.00, 9.51
14:06:35, 1162.50, 10.40, 94, 180, 309, 437, 505, 501, 513, 497, 1039, 54, 19161.92, 11.05, 9.52
14:06:35, 1164.30, 10.40, 93, 176, 304, 429, 501, 496, 507, 490, 1024, 53, 19228.57, 10.98, 9.52
14:06:36, 1165.60, 10.40, 91, 173, 299, 423, 492, 487, 496, 479, 991, 52, 19195.21, 11.01, 9.52
14:06:36, 1167.20, 10.40, 91, 173, 299, 424, 488, 482, 491, 473, 973, 51, 19195.21, 11.01, 9.50
14:06:36, 1168.80, 10.40, 90, 171, 297, 420, 484, 478, 486, 467, 962, 50, 19211.88, 11.00, 9.50
14:06:37, 1170.30, 10.40, 89, 169, 294, 417, 480, 473, 480, 460, 947, 49, 19178.55, 11.03, 9.50
14:06:37, 1172.40, 10.39, 87, 167, 291, 413, 476, 468, 474, 452, 941, 49, 19211.88, 11.00, 9.50
14:06:38, 1173.60, 10.39, 84, 162, 282, 401, 475, 466, 472, 449, 941, 49, 19228.57, 10.98, 9.50
14:06:38, 1175.40, 10.39, 83, 160, 279, 397, 463, 454, 459, 435, 895, 46, 19211.88, 11.00, 9.50
14:06:38, 1176.50, 10.39, 82, 158, 276, 393, 457, 448, 452, 428, 877, 45, 19195.21, 11.01, 9.50
14:06:39, 1177.60, 10.39, 82, 159, 278, 396, 457, 447, 450, 426, 882, 46, 19178.55, 11.03, 9.50
14:06:39, 1178.60, 10.39, 82, 157, 276, 393, 455, 445, 447, 423, 884, 46, 19178.55, 11.03, 9.50
14:06:40, 1180.00, 10.39, 80, 155, 272, 388, 452, 443, 444, 419, 882, 46, 19228.57, 10.98, 9.50
14:06:40, 1181.50, 10.39, 79, 153, 269, 384, 446, 436, 436, 411, 857, 44, 19245.29, 10.96, 9.49
14:06:40, 1183.70, 10.38, 78, 151, 267, 381, 438, 428, 427, 400, 832, 43, 19245.29, 10.96, 9.49
14:06:41, 1184.50, 10.38, 77, 149, 263, 377, 438, 427, 427, 398, 828, 43, 19211.88, 11.00, 9.50
14:06:41, 1185.40, 10.38, 76, 147, 260, 373, 432, 421, 421, 392, 811, 42, 19195.21, 11.01, 9.50
14:06:42, 1186.50, 10.38, 75, 146, 258, 370, 429, 417, 417, 388, 804, 41, 19195.21, 11.01, 9.50
14:06:42, 1187.90, 10.38, 74, 144, 255, 367, 424, 413, 411, 382, 789, 41, 19245.29, 10.96, 9.49
14:06:43, 1189.30, 10.38, 74, 143, 253, 364, 418, 406, 404, 374, 770, 40, 19211.88, 11.00, 9.49
14:06:43, 1190.40, 10.38, 73, 141, 251, 361, 416, 403, 401, 370, 769, 40, 19211.88, 11.00, 9.50
14:06:43, 1192.10, 10.37, 72, 139, 247, 356, 415, 402, 398, 367, 773, 40, 19211.88, 11.00, 9.50
14:06:44, 1193.90, 10.37, 69, 135, 241, 347, 408, 395, 391, 359, 754, 39, 19228.57, 10.98, 9.50
14:06:44, 1196.00, 10.37, 68, 133, 237, 342, 401, 387, 382, 350, 726, 37, 19211.88, 11.00, 9.50
14:06:45, 1197.00, 10.37, 66, 130, 232, 336, 392, 378, 374, 341, 701, 36, 19228.57, 10.98, 9.50
14:06:45, 1198.80, 10.37, 66, 129, 231, 334, 387, 373, 368, 335, 689, 35, 19211.88, 11.00, 9.51
14:06:45, 1200.50, 10.37, 65, 127, 227, 330, 381, 366, 361, 327, 673, 35, 19195.21, 11.01, 9.51
14:06:46, 1200.90, 10.37, 63, 125, 224, 324, 379, 364, 359, 324, 668, 34, 19195.21, 11.01, 9.51
14:06:46, 1202.10, 10.36, 63, 124, 222, 322, 381, 366, 360, 325, 686, 35, 19211.88, 11.00, 9.51
14:06:47, 1203.30, 10.37, 61, 120, 216, 313, 373, 358, 351, 317, 655, 34, 19211.88, 11.00, 9.51
14:06:47, 1205.30, 10.36, 61, 120, 216, 314, 362, 348, 340, 307, 622, 32, 19278.76, 10.92, 9.52
14:06:48, 1207.20, 10.37, 61, 119, 215, 313, 362, 347, 337, 304, 627, 32, 19228.57, 10.98, 9.52
14:06:48, 1209.90, 10.36, 59, 116, 210, 305, 355, 340, 330, 296, 607, 31, 19228.57, 10.98, 9.52
14:06:48, 1212.10, 10.36, 57, 112, 203, 296, 345, 329, 319, 285, 576, 30, 19211.88, 11.00, 9.52
14:06:49, 1213.70, 10.36, 56, 111, 201, 294, 342, 325, 316, 280, 575, 29, 19228.57, 10.98, 9.52
14:06:49, 1215.60, 10.36, 55, 109, 198, 290, 332, 315, 306, 271, 549, 28, 19262.02, 10.94, 9.52
14:06:50, 1217.60, 10.36, 55, 109, 198, 290, 331, 314, 304, 267, 555, 28, 19245.29, 10.96, 9.52
14:06:50, 1219.40, 10.36, 53, 105, 192, 281, 334, 317, 305, 268, 565, 29, 19228.57, 10.98, 9.52
14:06:50, 1221.10, 10.36, 51, 102, 187, 274, 328, 311, 298, 262, 546, 28, 19228.57, 10.98, 9.52
14:06:51, 1222.90, 10.35, 51, 100, 184, 271, 326, 309, 295, 260, 539, 27, 19262.02, 10.94, 9.52
14:06:51, 1224.70, 10.35, 49, 97, 178, 262, 314, 298, 284, 250, 503, 26, 19262.02, 10.94, 9.53
14:06:52, 1226.60, 10.35, 49, 97, 179, 263, 309, 292, 278, 244, 486, 25, 19262.02, 10.94, 9.53
14:06:52, 1229.20, 10.35, 49, 98, 180, 266, 308, 291, 275, 240, 486, 25, 19211.88, 11.00, 9.54
14:06:52, 1231.40, 10.35, 48, 96, 177, 262, 306, 288, 272, 236, 486, 25, 19245.29, 10.96, 9.54
14:06:53, 1233.20, 10.35, 47, 94, 174, 257, 303, 284, 269, 232, 485, 25, 19228.57, 10.98, 9.54
14:06:53, 1234.50, 10.35, 46, 91, 169, 251, 299, 281, 265, 228, 476, 24, 19278.76, 10.92, 9.55
14:06:54, 1236.30, 10.35, 46, 92, 172, 254, 298, 279, 263, 226, 472, 24, 19228.57, 10.98, 9.55
14:06:54, 1238.40, 10.35, 46, 92, 170, 253, 300, 281, 263, 226, 477, 24, 19228.57, 10.98, 9.55
14:06:55, 1240.30, 10.35, 45, 91, 169, 251, 299, 280, 261, 224, 471, 24, 19245.29, 10.96, 9.55
14:06:55, 1242.20, 10.35, 45, 90, 167, 248, 294, 276, 256, 220, 458, 23, 19245.29, 10.96, 9.55
14:06:55, 1244.20, 10.35, 44, 88, 164, 244, 288, 270, 251, 215, 442, 23, 19245.29, 10.96, 9.55
14:06:56, 1246.40, 10.35, 44, 89, 167, 248, 286, 267, 247, 211, 436, 22, 19262.02, 10.94, 9.55
14:06:56, 1248.60, 10.35, 44, 89, 166, 248, 287, 267, 247, 210, 445, 23, 19262.02, 10.94, 9.55
14:06:57, 1250.20, 10.34, 43, 87, 163, 242, 284, 264, 244, 206, 440, 22, 19245.29, 10.96, 9.55
14:06:57, 1251.20, 10.34, 42, 85, 161, 239, 281, 261, 241, 203, 435, 22, 19262.02, 10.94, 9.55
14:06:57, 1252.40, 10.34, 42, 86, 161, 240, 281, 260, 240, 202, 435, 22, 19211.88, 11.00, 9.56
14:06:58, 1253.40, 10.34, 42, 85, 159, 238, 283, 262, 241, 203, 439, 22, 19245.29, 10.96, 9.56
14:06:58, 1254.20, 10.34, 42, 84, 158, 237, 282, 261, 239, 201, 435, 22, 19245.29, 10.96, 9.56
14:06:59, 1254.90, 10.34, 42, 84, 158, 237, 282, 262, 239, 202, 436, 22, 19295.53, 10.91, 9.56
14:06:59, 1255.70, 10.34, 42, 84, 159, 237, 276, 257, 234, 198, 419, 21, 19262.02, 10.94, 9.56
14:07:00, 1257.10, 10.34, 42, 86, 162, 241, 277, 257, 233, 197, 425, 22, 19295.53, 10.91, 9.57
14:07:00, 1258.40, 10.34, 42, 84, 159, 238, 284, 263, 238, 201, 450, 23, 19245.29, 10.96, 9.57
14:07:00, 1260.00, 10.34, 40, 81, 153, 229, 277, 257, 232, 195, 429, 22, 19312.32, 10.89, 9.59
14:07:01, 1261.50, 10.34, 40, 81, 153, 229, 273, 252, 228, 191, 415, 21, 19278.76, 10.92, 9.59
14:07:01, 1262.90, 10.34, 40, 81, 153, 230, 271, 250, 226, 188, 411, 21, 19295.53, 10.91, 9.59
14:07:02, 1264.20, 10.34, 40, 81, 153, 229, 267, 246, 223, 185, 401, 20, 19278.76, 10.92, 9.59
14:07:02, 1265.70, 10.34, 40, 81, 154, 231, 265, 244, 221, 183, 396, 20, 19262.02, 10.94, 9.59
14:07:02, 1267.00, 10.34, 40, 82, 156, 233, 271, 249, 224, 186, 414, 21, 19228.57, 10.98, 9.61
14:07:03, 1268.60, 10.34, 40, 82, 155, 233, 271, 249, 224, 185, 418, 21, 19278.76, 10.92, 9.61
14:07:03, 1269.70, 10.34, 39, 80, 152, 229, 274, 252, 225, 187, 431, 22, 19278.76, 10.92, 9.61
14:07:04, 1271.50, 10.34, 39, 80, 153, 229, 270, 248, 221, 183, 425, 21, 19262.02, 10.94, 9.60
14:07:04, 1272.30, 10.34, 39, 80, 153, 229, 273, 251, 221, 184, 445, 23, 19278.76, 10.92, 9.60
14:07:04, 1273.40, 10.34, 39, 80, 152, 228, 270, 248, 218, 182, 449, 23, 19278.76, 10.92, 9.61
14:07:05, 1274.80, 10.34, 39, 79, 151, 226, 268, 246, 216, 180, 449, 23, 19312.32, 10.89, 9.61
14:07:05, 1276.60, 10.34, 39, 79, 151, 227, 266, 244, 214, 178, 447, 23, 19262.02, 10.94, 9.61
14:07:06, 1277.60, 10.34, 39, 79, 151, 226, 264, 242, 212, 175, 435, 22, 19262.02, 10.94, 9.61
14:07:06, 1279.10, 10.34, 39, 79, 152, 227, 266, 244, 213, 176, 438, 22, 19278.76, 10.92, 9.61
14:07:07, 1280.70, 10.34, 38, 79, 151, 226, 264, 242, 211, 174, 430, 22, 19295.53, 10.91, 9.61
14:07:07, 1282.00, 10.35, 38, 78, 149, 224, 262, 240, 209, 172, 423, 21, 19262.02, 10.94, 9.61
14:07:07, 1283.30, 10.34, 38, 77, 148, 223, 267, 244, 213, 174, 435, 22, 19278.76, 10.92, 9.61
14:07:08, 1285.60, 10.34, 38, 77, 148, 223, 264, 240, 209, 171, 418, 21, 19295.53, 10.91, 9.61
14:07:08, 1286.50, 10.34, 38, 77, 149, 224, 265, 241, 210, 171, 417, 21, 19295.53, 10.91, 9.61
14:07:09, 1288.20, 10.34, 38, 79, 151, 228, 266, 241, 210, 170, 416, 21, 19278.76, 10.92, 9.63
14:07:09, 1289.50, 10.34, 37, 77, 149, 225, 270, 244, 213, 172, 427, 21, 19245.29, 10.96, 9.63
14:07:09, 1290.90, 10.34, 37, 77, 148, 223, 270, 244, 212, 171, 427, 21, 19278.76, 10.92, 9.63
14:07:10, 1292.90, 10.34, 38, 78, 150, 227, 270, 244, 211, 170, 431, 21, 19245.29, 10.96, 9.62
14:07:10, 1295.10, 10.34, 37, 77, 149, 225, 272, 246, 211, 170, 445, 22, 19262.02, 10.94, 9.62
14:07:11, 1296.30, 10.34, 37, 76, 147, 222, 268, 242, 207, 167, 441, 22, 19295.53, 10.91, 9.62
14:07:11, 1297.50, 10.34, 37, 78, 150, 226, 266, 241, 204, 165, 451, 23, 19278.76, 10.92, 9.62
14:07:12, 1298.70, 10.34, 38, 78, 151, 227, 262, 237, 201, 163, 461, 23, 19278.76, 10.92, 9.62
14:07:12, 1300.10, 10.34, 38, 78, 151, 226, 261, 236, 198, 161, 474, 24, 19295.53, 10.91, 9.61
14:07:12, 1301.10, 10.34, 37, 76, 149, 222, 261, 236, 198, 161, 488, 25, 19262.02, 10.94, 9.61
14:07:13, 1302.20, 10.34, 37, 76, 148, 220, 260, 235, 196, 160, 490, 25, 19278.76, 10.92, 9.62
14:07:13, 1303.20, 10.34, 36, 74, 145, 217, 259, 234, 195, 158, 483, 24, 19245.29, 10.96, 9.62
14:07:14, 1304.20, 10.34, 36, 74, 144, 215, 257, 231, 193, 156, 467, 24, 19312.32, 10.89, 9.62
14:07:14, 1305.70, 10.34, 35, 73, 143, 215, 254, 229, 191, 154, 443, 22, 19278.76, 10.92, 9.62
14:07:14, 1307.20, 10.34, 35, 73, 142, 214, 254, 228, 191, 153, 424, 21, 19312.32, 10.89, 9.62
14:07:15, 1309.20, 10.34, 35, 72, 142, 214, 253, 226, 190, 151, 408, 20, 19278.76, 10.92, 9.63
14:07:15, 1311.00, 10.34, 34, 71, 138, 210, 255, 228, 191, 151, 409, 20, 19278.76, 10.92, 9.63
14:07:16, 1312.30, 10.34, 33, 68, 134, 204, 250, 223, 188, 148, 391, 19, 19295.53, 10.91, 9.63
14:07:16, 1313.80, 10.34, 32, 68, 133, 202, 245, 219, 184, 145, 376, 19, 19228.57, 10.98, 9.63
14:07:16, 1315.50, 10.34, 34, 71, 138, 211, 240, 214, 180, 141, 362, 18, 19295.53, 10.91, 9.63
14:07:17, 1316.70, 10.34, 34, 71, 140, 213, 243, 217, 181, 142, 381, 19, 19295.53, 10.91, 9.63
14:07:17, 1318.60, 10.34, 34, 71, 140, 212, 247, 221, 182, 144, 407, 20, 19312.32, 10.89, 9.63
14:07:18, 1320.10, 10.34, 33, 69, 136, 207, 248, 221, 182, 143, 423, 21, 19312.32, 10.89, 9.63
14:07:18, 1321.30, 10.34, 33, 68, 135, 204, 243, 217, 178, 140, 418, 21, 19295.53, 10.91, 9.63
14:07:19, 1322.70, 10.34, 33, 68, 135, 204, 240, 214, 175, 138, 416, 21, 19312.32, 10.89, 9.63
14:07:19, 1324.70, 10.34, 33, 69, 136, 206, 242, 215, 175, 138, 424, 21, 19295.53, 10.91, 9.64
14:07:19, 1326.20, 10.34, 32, 68, 134, 204, 239, 212, 173, 135, 410, 21, 19312.32, 10.89, 9.64
14:07:20, 1328.80, 10.34, 32, 68, 134, 204, 241, 214, 174, 136, 406, 20, 19278.76, 10.92, 9.64
14:07:20, 1330.00, 10.34, 31, 66, 130, 199, 236, 209, 170, 132, 380, 19, 19295.53, 10.91, 9.63
14:07:21, 1331.80, 10.34, 31, 66, 130, 199, 240, 212, 172, 133, 384, 19, 19295.53, 10.91, 9.63
14:07:21, 1333.90, 10.34, 31, 65, 129, 198, 236, 208, 169, 130, 370, 18, 19312.32, 10.89, 9.64
14:07:21, 1336.00, 10.34, 30, 64, 127, 195, 233, 205, 167, 128, 361, 18, 19295.53, 10.91, 9.64
14:07:22, 1337.80, 10.34, 30, 63, 126, 194, 230, 202, 164, 125, 349, 17, 19295.53, 10.91, 9.64
14:07:22, 1338.80, 10.34, 30, 63, 127, 193, 227, 200, 162, 123, 344, 17, 19295.53, 10.91, 9.63
14:07:23, 1340.40, 10.34, 30, 63, 126, 194, 227, 199, 161, 123, 350, 17, 19295.53, 10.91, 9.63
14:07:23, 1342.00, 10.34, 30, 63, 125, 193, 227, 200, 160, 122, 360, 18, 19295.53, 10.91, 9.63
14:07:24, 1343.90, 10.34, 29, 62, 124, 190, 226, 198, 159, 121, 363, 18, 19312.32, 10.89, 9.63
14:07:24, 1345.70, 10.34, 29, 61, 124, 189, 221, 194, 155, 118, 353, 18, 19312.32, 10.89, 9.63
14:07:24, 1347.20, 10.34, 29, 61, 125, 190, 221, 194, 154, 117, 353, 18, 19295.53, 10.91, 9.63
14:07:25, 1349.00, 10.34, 29, 61, 123, 189, 216, 189, 151, 114, 335, 17, 19312.32, 10.89, 9.63
14:07:25, 1350.80, 10.34, 28, 60, 123, 188, 221, 193, 153, 116, 344, 17, 19312.32, 10.89, 9.64
14:07:26, 1352.00, 10.34, 27, 58, 119, 182, 219, 191, 152, 114, 335, 17, 19329.13, 10.87, 9.64
14:07:26, 1353.60, 10.34, 27, 58, 118, 181, 216, 188, 150, 112, 323, 16, 19312.32, 10.89, 9.64
14:07:26, 1355.20, 10.34, 27, 57, 117, 180, 215, 187, 149, 111, 320, 16, 19329.13, 10.87, 9.63
14:07:27, 1357.00, 10.34, 26, 57, 115, 178, 212, 184, 146, 109, 312, 15, 19312.32, 10.89, 9.63
14:07:27, 1358.70, 10.34, 26, 56, 115, 178, 212, 184, 145, 108, 314, 16, 19312.32, 10.89, 9.63
14:07:28, 1360.60, 10.34, 26, 56, 114, 176, 209, 181, 143, 106, 307, 15, 19312.32, 10.89, 9.63
14:07:28, 1362.40, 10.34, 26, 56, 115, 178, 205, 178, 140, 104, 297, 15, 19312.32, 10.89, 9.63
14:07:28, 1363.70, 10.34, 26, 56, 116, 178, 207, 179, 141, 104, 305, 15, 19312.32, 10.89, 9.63
14:07:29, 1365.60, 10.34, 26, 56, 114, 177, 208, 180, 141, 104, 311, 15, 19329.13, 10.87, 9.63
14:07:29, 1367.30, 10.34, 25, 54, 110, 172, 208, 180, 141, 103, 315, 16, 19329.13, 10.87, 9.63
14:07:30, 1368.60, 10.34, 24, 52, 108, 167, 205, 177, 138, 102, 308, 15, 19312.32, 10.89, 9.63
14:07:30, 1369.80, 10.34, 25, 52, 109, 168, 203, 175, 137, 100, 301, 15, 19312.32, 10.89, 9.63
14:07:31, 1371.50, 10.34, 25, 53, 110, 170, 201, 173, 134, 99, 296, 15, 19329.13, 10.87, 9.63
14:07:31, 1373.20, 10.34, 24, 53, 109, 169, 200, 172, 134, 98, 294, 15, 19329.13, 10.87, 9.63
14:07:31, 1374.70, 10.34, 24, 52, 108, 167, 199, 171, 132, 97, 292, 14, 19362.80, 10.84, 9.63
14:07:32, 1376.50, 10.34, 24, 51, 105, 164, 195, 168, 131, 95, 280, 14, 19295.53, 10.91, 9.63
14:07:32, 1378.40, 10.34, 23, 50, 105, 164, 193, 165, 128, 93, 271, 13, 19345.96, 10.85, 9.64
14:07:33, 1379.30, 10.34, 23, 50, 105, 163, 196, 168, 129, 94, 282, 14, 19362.80, 10.84, 9.64
14:07:33, 1380.80, 10.33, 23, 49, 102, 159, 195, 166, 128, 93, 278, 14, 19345.96, 10.85, 9.64
14:07:33, 1382.50, 10.34, 23, 49, 102, 159, 189, 162, 125, 90, 263, 13, 19329.13, 10.87, 9.64
14:07:34, 1384.40, 10.34, 22, 49, 102, 159, 189, 162, 124, 89, 264, 13, 19312.32, 10.89, 9.64
14:07:34, 1386.20, 10.33, 22, 48, 101, 157, 187, 159, 123, 88, 260, 13, 19329.13, 10.87, 9.64
14:07:35, 1388.00, 10.34, 22, 48, 101, 158, 185, 158, 121, 86, 257, 13, 19312.32, 10.89, 9.64
14:07:35, 1389.60, 10.33, 22, 47, 100, 156, 186, 158, 122, 86, 260, 13, 19345.96, 10.85, 9.64
14:07:36, 1391.80, 10.33, 22, 47, 99, 155, 185, 157, 120, 85, 263, 13, 19329.13, 10.87, 9.64
14:07:36, 1393.80, 10.33, 21, 46, 97, 152, 185, 156, 119, 84, 262, 13, 19312.32, 10.89, 9.64
14:07:36, 1396.00, 10.34, 21, 46, 97, 152, 182, 154, 118, 82, 255, 12, 19312.32, 10.89, 9.64
14:07:37, 1398.40, 10.33, 21, 46, 97, 152, 183, 154, 118, 82, 259, 13, 19329.13, 10.87, 9.64
14:07:37, 1400.40, 10.33, 21, 45, 96, 151, 182, 153, 117, 81, 258, 13, 19329.13, 10.87, 9.64
14:07:38, 1401.80, 10.34, 21, 45, 96, 151, 181, 152, 116, 80, 256, 12, 19345.96, 10.85, 9.65
14:07:38, 1403.70, 10.34, 21, 45, 96, 151, 180, 152, 115, 80, 255, 12, 19312.32, 10.89, 9.65
14:07:38, 1405.70, 10.33, 21, 45, 96, 152, 181, 152, 115, 79, 258, 13, 19312.32, 10.89, 9.66
14:07:39, 1408.30, 10.33, 21, 45, 96, 152, 181, 151, 114, 79, 259, 13, 19329.13, 10.87, 9.66
14:07:39, 1410.40, 10.33, 20, 44, 95, 150, 180, 151, 114, 78, 259, 13, 19312.32, 10.89, 9.66
14:07:40, 1413.00, 10.33, 20, 44, 94, 148, 178, 149, 111, 76, 255, 12, 19345.96, 10.85, 9.65
14:07:40, 1415.20, 10.33, 20, 43, 93, 147, 178, 148, 111, 76, 255, 12, 19312.32, 10.89, 9.65
14:07:40, 1416.70, 10.33, 20, 43, 93, 147, 176, 147, 110, 75, 251, 12, 19329.13, 10.87, 9.66
14:07:41, 1418.70, 10.33, 20, 43, 93, 147, 176, 146, 109, 74, 249, 12, 19329.13, 10.87, 9.66
14:07:41, 1420.50, 10.33, 20, 43, 93, 148, 176, 146, 109, 74, 249, 12, 19329.13, 10.87, 9.66
14:07:42, 1422.20, 10.33, 20, 43, 94, 148, 176, 146, 108, 73, 250, 12, 19345.96, 10.85, 9.66
14:07:42, 1423.90, 10.33, 19, 42, 92, 146, 177, 147, 108, 73, 251, 12, 19379.66, 10.82, 9.66
14:07:43, 1426.20, 10.33, 19, 42, 91, 145, 174, 145, 105, 72, 245, 12, 19345.96, 10.85, 9.66
14:07:43, 1428.60, 10.33, 19, 42, 91, 145, 175, 146, 106, 72, 251, 12, 19329.13, 10.87, 9.66
14:07:43, 1430.50, 10.33, 19, 41, 89, 142, 172, 142, 104, 70, 243, 12, 19345.96, 10.85, 9.66
14:07:44, 1431.60, 10.33, 19, 41, 90, 142, 170, 141, 102, 69, 240, 12, 19329.13, 10.87, 9.65
14:07:44, 1433.50, 10.33, 19, 41, 90, 143, 170, 140, 102, 69, 242, 12, 19329.13, 10.87, 9.65
14:07:45, 1434.80, 10.33, 18, 41, 89, 141, 170, 140, 101, 68, 244, 12, 19312.32, 10.89, 9.66
14:07:45, 1436.60, 10.33, 18, 40, 88, 140, 170, 140, 101, 68, 245, 12, 19329.13, 10.87, 9.66
14:07:45, 1438.80, 10.33, 18, 40, 87, 138, 167, 138, 99, 66, 236, 12, 19379.66, 10.82, 9.66
14:07:46, 1440.90, 10.33, 18, 39, 87, 138, 167, 138, 99, 66, 237, 12, 19312.32, 10.89, 9.65
14:07:46, 1443.00, 10.33, 18, 39, 86, 136, 166, 137, 98, 65, 235, 11, 19329.13, 10.87, 9.65
14:07:47, 1445.30, 10.33, 17, 38, 84, 134, 163, 134, 96, 64, 226, 11, 19329.13, 10.87, 9.66
14:07:47, 1446.80, 10.33, 17, 38, 84, 134, 161, 132, 95, 63, 221, 11, 19312.32, 10.89, 9.66
14:07:48, 1448.70, 10.33, 17, 38, 83, 134, 160, 131, 94, 62, 219, 11, 19345.96, 10.85, 9.66
14:07:48, 1451.00, 10.33, 17, 38, 83, 133, 161, 131, 94, 62, 224, 11, 19329.13, 10.87, 9.66
14:07:48, 1453.00, 10.33, 16, 37, 81, 131, 158, 129, 92, 60, 218, 11, 19362.80, 10.84, 9.66
14:07:49, 1454.60, 10.33, 16, 36, 81, 130, 156, 127, 91, 59, 217, 11, 19345.96, 10.85, 9.66
14:07:49, 1455.80, 10.33, 16, 36, 81, 130, 154, 125, 89, 58, 213, 10, 19345.96, 10.85, 9.66
14:07:50, 1458.40, 10.33, 16, 36, 80, 128, 152, 124, 88, 57, 210, 10, 19278.76, 10.92, 9.66
14:07:50, 1460.40, 10.33, 16, 35, 79, 127, 155, 126, 89, 58, 218, 11, 19329.13, 10.87, 9.65
14:07:50, 1461.90, 10.33, 16, 35, 79, 127, 154, 125, 88, 57, 215, 10, 19345.96, 10.85, 9.65
14:07:51, 1464.20, 10.33, 16, 35, 79, 128, 154, 124, 87, 56, 214, 10, 19345.96, 10.85, 9.66
14:07:51, 1464.20, 10.33, 15, 33, 74, 120, 124, 100, 71, 46, 141, 7, 19312.32, 10.89, 9.66
14:07:52, 1468.20, 10.33, 8, 18, 42, 68, 133, 108, 76, 49, 168, 8, 19345.96, 10.85, 9.66
14:07:52, 1468.30, 10.33, 12, 26, 60, 97, 99, 81, 56, 37, 102, 5, 19329.13, 10.87, 9.66
14:07:53, 1468.60, 10.33, 7, 14, 35, 55, 69, 55, 38, 25, 69, 4, 19345.96, 10.85, 9.66
14:07:53, 1468.90, 10.33, 7, 14, 35, 55, 69, 55, 38, 25, 69, 4, 19379.66, 10.82, 9.66
14:07:53, 1468.80, 10.33, 7, 14, 35, 55, 69, 55, 38, 25, 69, 4, 19362.80, 10.84, 9.66
14:07:54, 1468.80, 10.33, 7, 14, 35, 55, 72, 58, 40, 26, 71, 4, 19312.32, 10.89, 9.66
14:07:54, 1468.60, 10.32, 9, 17, 40, 64, 80, 65, 45, 30, 77, 4, 19329.13, 10.87, 9.66
14:07:55, 1468.50, 10.33, 8, 17, 40, 64, 82, 67, 47, 31, 80, 4, 19345.96, 10.85, 9.66
14:07:55, 1468.30, 10.33, 11, 22, 52, 83, 111, 90, 63, 42, 117, 6, 19329.13, 10.87, 9.66
14:07:55, 1468.50, 10.33, 12, 25, 57, 93, 106, 86, 61, 40, 109, 6, 19329.13, 10.87, 9.66
14:07:56, 1467.90, 10.33, 14, 32, 71, 115, 147, 119, 83, 54, 196, 10, 19312.32, 10.89, 9.66
14:07:56, 1466.90, 10.33, 15, 34, 76, 122, 149, 121, 84, 55, 200, 10, 19329.13, 10.87, 9.65
14:07:57, 1466.50, 10.33, 15, 34, 76, 122, 149, 120, 84, 55, 199, 10, 19345.96, 10.85, 9.65
14:07:57, 1465.20, 10.33, 15, 34, 76, 123, 148, 120, 84, 55, 197, 10, 19396.55, 10.80, 9.66
14:07:57, 1465.10, 10.33, 15, 34, 77, 124, 150, 122, 86, 55, 203, 10, 19345.96, 10.85, 9.66
14:07:58, 1464.60, 10.33, 15, 34, 77, 124, 151, 123, 86, 56, 204, 10, 19345.96, 10.85, 9.66
14:07:58, 1464.10, 10.33, 15, 35, 78, 125, 148, 121, 85, 55, 196, 10, 19345.96, 10.85, 9.66
14:07:59, 1464.50, 10.33, 16, 35, 78, 126, 151, 123, 86, 56, 204, 10, 19345.96, 10.85, 9.66
14:07:59, 1464.40, 10.33, 15, 34, 77, 124, 153, 125, 87, 57, 210, 10, 19345.96, 10.85, 9.66
14:08:00, 1464.20, 10.33, 15, 34, 77, 124, 150, 122, 85, 56, 202, 10, 19329.13, 10.87, 9.66
14:08:00, 1464.40, 10.33, 15, 34, 77, 125, 149, 121, 85, 55, 199, 10, 19362.80, 10.84, 9.66
14:08:00, 1464.50, 10.33, 16, 35, 78, 126, 151, 123, 86, 56, 207, 10, 19329.13, 10.87, 9.66
14:08:01, 1464.50, 10.33, 16, 35, 78, 125, 152, 124, 86, 56, 212, 10, 19362.80, 10.84, 9.66
14:08:01, 1464.60, 10.33, 15, 34, 77, 124, 152, 124, 86, 56, 211, 10, 19345.96, 10.85, 9.66
14:08:02, 1464.50, 10.33, 15, 34, 77, 124, 150, 122, 85, 56, 207, 10, 19345.96, 10.85, 9.66
14:08:02, 1464.60, 10.33, 15, 34, 77, 125, 150, 122, 85, 56, 206, 10, 19329.13, 10.87, 9.66
14:08:02, 1464.60, 10.34, 16, 35, 78, 125, 151, 123, 86, 56, 206, 10, 19312.32, 10.89, 9.66
14:08:03, 1464.50, 10.33, 15, 34, 77, 124, 152, 123, 86, 56, 207, 10, 19362.80, 10.84, 9.66
14:08:03, 1464.50, 10.33, 15, 34, 77, 125, 151, 123, 86, 56, 205, 10, 19345.96, 10.85, 9.66
14:08:04, 1464.40, 10.34, 15, 34, 77, 125, 151, 123, 86, 56, 204, 10, 19329.13, 10.87, 9.66
14:08:04, 1464.70, 10.33, 15, 34, 77, 125, 151, 123, 86, 56, 202, 10, 19362.80, 10.84, 9.66
14:08:05, 1464.50, 10.34, 15, 34, 77, 125, 151, 123, 86, 56, 201, 10, 19345.96, 10.85, 9.66
14:08:05, 1464.60, 10.34, 15, 35, 77, 125, 152, 123, 86, 56, 204, 10, 19345.96, 10.85, 9.66
14:08:05, 1464.70, 10.34, 15, 34, 77, 125, 151, 123, 86, 56, 204, 10, 19396.55, 10.80, 9.66
14:08:06, 1464.70, 10.34, 15, 34, 77, 124, 151, 122, 86, 56, 204, 10, 19345.96, 10.85, 9.66
14:08:06, 1464.70, 10.34, 15, 34, 77, 124, 150, 122, 86, 56, 205, 10, 19345.96, 10.85, 9.66
14:08:07, 1464.70, 10.34, 15, 34, 77, 125, 151, 122, 86, 55, 208, 10, 19345.96, 10.85, 9.66
14:08:07, 1464.50, 10.34, 15, 34, 77, 125, 151, 122, 86, 56, 210, 10, 19396.55, 10.80, 9.66
14:08:07, 1464.60, 10.34, 15, 34, 77, 124, 151, 122, 86, 55, 212, 10, 19329.13, 10.87, 9.66
14:08:08, 1464.70, 10.34, 15, 34, 77, 124, 151, 122, 86, 55, 215, 10, 19345.96, 10.85, 9.66
14:08:08, 1464.60, 10.34, 15, 34, 77, 124, 151, 122, 86, 55, 217, 11, 19362.80, 10.84, 9.66
14:08:09, 1464.40, 10.34, 15, 34, 77, 124, 150, 121, 86, 55, 218, 11, 19345.96, 10.85, 9.66
14:08:09, 1464.60, 10.34, 15, 34, 77, 124, 150, 121, 86, 55, 220, 11, 19312.32, 10.89, 9.66
14:08:09, 1464.70, 10.34, 15, 34, 77, 124, 150, 121, 86, 55, 222, 11, 19379.66, 10.82, 9.66
14:08:10, 1464.50, 10.34, 15, 34, 77, 124, 150, 121, 86, 55, 224, 11, 19379.66, 10.82, 9.66
14:08:10, 1464.90, 10.34, 15, 34, 77, 124, 150, 121, 86, 55, 226, 11, 19345.96, 10.85, 9.66
14:08:11, 1464.80, 10.35, 15, 34, 76, 123, 150, 121, 86, 55, 227, 11, 19345.96, 10.85, 9.66
14:08:11, 1464.60, 10.35, 15, 34, 76, 123, 150, 121, 86, 55, 228, 11, 19379.66, 10.82, 9.66
14:08:12, 1464.60, 10.35, 15, 34, 76, 123, 149, 120, 85, 54, 228, 11, 19379.66, 10.82, 9.66
14:08:12, 1464.80, 10.35, 15, 34, 76, 123, 149, 120, 85, 55, 229, 11, 19345.96, 10.85, 9.66
14:08:12, 1464.70, 10.35, 15, 34, 76, 123, 149, 120, 85, 54, 230, 11, 19345.96, 10.85, 9.66
14:08:13, 1464.60, 10.35, 15, 34, 76, 123, 149, 120, 86, 55, 230, 11, 19312.32, 10.89, 9.66
14:08:13, 1464.60, 10.35, 15, 34, 76, 123, 149, 120, 85, 55, 230, 11, 19362.80, 10.84, 9.66
14:08:14, 1464.70, 10.35, 15, 34, 77, 123, 149, 120, 86, 55, 231, 11, 19362.80, 10.84, 9.66
14:08:14, 1464.60, 10.35, 15, 34, 77, 124, 150, 121, 86, 55, 232, 11, 19345.96, 10.85, 9.66
14:08:14, 1464.70, 10.35, 15, 34, 76, 123, 149, 120, 85, 54, 230, 11, 19379.66, 10.82, 9.66
14:08:15, 1464.90, 10.35, 15, 34, 76, 123, 150, 121, 86, 55, 231, 11, 19362.80, 10.84, 9.66
14:08:15, 1464.70, 10.35, 15, 34, 76, 123, 149, 120, 86, 55, 230, 11, 19362.80, 10.84, 9.66
14:08:16, 1464.70, 10.35, 15, 34, 76, 124, 150, 121, 86, 55, 230, 11, 19345.96, 10.85, 9.66
14:08:16, 1464.60, 10.35, 15, 34, 77, 124, 150, 121, 86, 55, 230, 11, 19362.80, 10.84, 9.66
14:08:17, 1464.80, 10.35, 15, 34, 77, 124, 150, 121, 86, 55, 230, 11, 19379.66, 10.82, 9.66
14:08:17, 1464.70, 10.35, 15, 34, 77, 124, 150, 121, 86, 55, 229, 11, 19362.80, 10.84, 9.66
14:08:17, 1464.60, 10.35, 15, 34, 77, 124, 150, 121, 86, 55, 227, 11, 19345.96, 10.85, 9.66
14:08:18, 1464.60, 10.35, 15, 34, 76, 123, 150, 121, 86, 55, 227, 11, 19379.66, 10.82, 9.66
14:08:18, 1464.60, 10.35, 15, 34, 77, 124, 151, 121, 86, 55, 228, 11, 19379.66, 10.82, 9.66
14:08:19, 1464.70, 10.36, 15, 34, 77, 124, 150, 121, 86, 55, 226, 11, 19362.80, 10.84, 9.66
14:08:19, 1464.80, 10.35, 15, 34, 77, 124, 151, 122, 87, 55, 227, 11, 19362.80, 10.84, 9.66
14:08:19, 1464.60, 10.36, 15, 34, 77, 124, 151, 122, 87, 55, 227, 11, 19345.96, 10.85, 9.66
14:08:20, 1464.90, 10.36, 15, 34, 77, 125, 151, 122, 87, 56, 226, 11, 19329.13, 10.87, 9.66
14:08:20, 1464.70, 10.36, 15, 34, 77, 124, 151, 122, 87, 56, 225, 11, 19379.66, 10.82, 9.66
14:08:21, 1464.70, 10.36, 15, 34, 77, 125, 151, 122, 87, 56, 224, 11, 19362.80, 10.84, 9.66
14:08:21, 1464.60, 10.36, 15, 34, 77, 124, 151, 122, 87, 56, 224, 11, 19362.80, 10.84, 9.66
14:08:21, 1464.70, 10.36, 15, 34, 77, 124, 151, 122, 87, 56, 223, 11, 19379.66, 10.82, 9.66
14:08:22, 1464.50, 10.36, 15, 34, 77, 125, 151, 122, 87, 56, 223, 11, 19379.66, 10.82, 9.66
14:08:22, 1464.50, 10.36, 15, 34, 77, 125, 151, 122, 87, 56, 223, 11, 19379.66, 10.82, 9.66
14:08:23, 1463.70, 10.36, 15, 34, 77, 124, 151, 122, 87, 56, 221, 11, 19379.66, 10.82, 9.66
14:08:23, 1462.20, 10.36, 15, 34, 77, 124, 154, 125, 89, 57, 227, 11, 19362.80, 10.84, 9.66
14:08:24, 1460.90, 10.36, 15, 34, 77, 125, 152, 124, 88, 57, 219, 11, 19379.66, 10.82, 9.66
14:08:24, 1459.80, 10.36, 16, 35, 78, 127, 152, 124, 88, 57, 214, 10, 19396.55, 10.80, 9.66
14:08:24, 1459.20, 10.36, 16, 35, 79, 128, 154, 125, 89, 58, 216, 11, 19362.80, 10.84, 9.66
14:08:25, 1458.60, 10.36, 16, 35, 79, 128, 155, 126, 90, 59, 216, 11, 19396.55, 10.80, 9.66
14:08:25, 1457.80, 10.36, 16, 35, 79, 128, 156, 127, 91, 59, 215, 11, 19362.80, 10.84, 9.66
14:08:26, 1456.50, 10.36, 16, 35, 79, 128, 156, 127, 91, 59, 211, 10, 19362.80, 10.84, 9.66
14:08:26, 1455.10, 10.35, 16, 36, 80, 130, 157, 128, 92, 60, 212, 10, 19379.66, 10.82, 9.66
14:08:26, 1453.80, 10.36, 16, 36, 80, 130, 158, 130, 93, 61, 214, 10, 19362.80, 10.84, 9.66
14:08:27, 1452.50, 10.36, 16, 36, 80, 129, 159, 130, 93, 62, 214, 10, 19362.80, 10.84, 9.66
14:08:27, 1451.30, 10.36, 16, 36, 80, 130, 158, 130, 93, 62, 212, 10, 19396.55, 10.80, 9.66
14:08:28, 1449.60, 10.36, 16, 36, 81, 131, 160, 132, 95, 63, 218, 11, 19396.55, 10.80, 9.66
14:08:28, 1448.10, 10.36, 17, 37, 82, 131, 161, 132, 95, 63, 219, 11, 19396.55, 10.80, 9.66
14:08:29, 1446.60, 10.36, 17, 37, 81, 131, 160, 132, 95, 63, 219, 11, 19396.55, 10.80, 9.66
14:08:29, 1445.40, 10.36, 17, 37, 82, 132, 160, 132, 95, 64, 217, 11, 19396.55, 10.80, 9.66
14:08:29, 1444.10, 10.36, 17, 37, 83, 133, 161, 133, 96, 64, 221, 11, 19396.55, 10.80, 9.66
14:08:30, 1442.70, 10.35, 17, 37, 83, 133, 161, 133, 96, 64, 219, 11, 19396.55, 10.80, 9.66
14:08:30, 1441.70, 10.35, 17, 38, 84, 135, 163, 135, 98, 66, 225, 11, 19413.46, 10.78, 9.66
14:08:31, 1440.10, 10.36, 17, 38, 83, 134, 165, 136, 99, 66, 227, 11, 19362.80, 10.84, 9.66
14:08:31, 1437.60, 10.36, 17, 37, 83, 134, 166, 138, 100, 67, 228, 11, 19379.66, 10.82, 9.66
14:08:31, 1436.00, 10.36, 17, 37, 83, 133, 165, 137, 100, 68, 224, 11, 19362.80, 10.84, 9.66
14:08:32, 1434.50, 10.36, 17, 38, 84, 135, 165, 137, 100, 68, 221, 11, 19345.96, 10.85, 9.66
14:08:32, 1433.20, 10.35, 18, 39, 86, 138, 166, 138, 101, 68, 222, 11, 19362.80, 10.84, 9.66
14:08:33, 1431.90, 10.35, 18, 39, 86, 138, 166, 139, 102, 69, 224, 11, 19379.66, 10.82, 9.66
14:08:33, 1430.30, 10.35, 18, 39, 86, 138, 167, 140, 103, 70, 226, 11, 19379.66, 10.82, 9.66
14:08:33, 1428.80, 10.36, 18, 39, 87, 139, 170, 142, 105, 71, 233, 11, 19362.80, 10.84, 9.66
14:08:34, 1427.50, 10.35, 18, 39, 87, 139, 171, 142, 105, 71, 234, 12, 19379.66, 10.82, 9.66
14:08:34, 1425.50, 10.35, 18, 39, 86, 138, 171, 143, 106, 72, 235, 12, 19362.80, 10.84, 9.66
14:08:35, 1424.10, 10.35, 18, 40, 87, 139, 169, 141, 105, 72, 228, 11, 19379.66, 10.82, 9.66
14:08:35, 1422.10, 10.35, 18, 40, 88, 140, 170, 143, 106, 73, 230, 11, 19362.80, 10.84, 9.66
14:08:36, 1419.50, 10.35, 18, 40, 87, 139, 171, 144, 108, 74, 230, 11, 19345.96, 10.85, 9.66
14:08:36, 1418.60, 10.35, 19, 42, 91, 145, 173, 145, 109, 75, 234, 12, 19362.80, 10.84, 9.66
14:08:36, 1416.70, 10.35, 19, 41, 90, 144, 175, 147, 110, 76, 237, 12, 19379.66, 10.82, 9.66
14:08:37, 1415.40, 10.35, 19, 42, 90, 144, 177, 149, 112, 77, 242, 12, 19362.80, 10.84, 9.66
14:08:37, 1414.30, 10.35, 19, 41, 90, 143, 176, 148, 111, 77, 238, 12, 19362.80, 10.84, 9.66
14:08:38, 1413.50, 10.35, 19, 42, 91, 145, 175, 148, 111, 77, 235, 12, 19396.55, 10.80, 9.66
14:08:38, 1411.80, 10.35, 19, 42, 91, 145, 176, 148, 112, 78, 237, 12, 19379.66, 10.82, 9.66
14:08:38, 1409.10, 10.35, 19, 42, 91, 145, 175, 148, 112, 78, 233, 12, 19396.55, 10.80, 9.66
14:08:39, 1407.30, 10.35, 20, 43, 92, 146, 176, 149, 113, 79, 234, 12, 19396.55, 10.80, 9.66
14:08:39, 1405.60, 10.35, 20, 43, 93, 148, 176, 149, 114, 80, 234, 12, 19329.13, 10.87, 9.65
14:08:40, 1404.00, 10.35, 20, 44, 95, 152, 180, 153, 116, 82, 245, 12, 19379.66, 10.82, 9.65
14:08:40, 1402.70, 10.35, 20, 44, 95, 151, 185, 157, 118, 84, 257, 13, 19379.66, 10.82, 9.66
14:08:41, 1401.50, 10.35, 20, 43, 93, 148, 185, 157, 120, 84, 256, 13, 19379.66, 10.82, 9.66
14:08:41, 1400.90, 10.35, 20, 43, 93, 148, 182, 155, 117, 83, 247, 12, 19396.55, 10.80, 9.66
14:08:41, 1399.50, 10.35, 20, 43, 93, 148, 180, 154, 117, 83, 241, 12, 19413.46, 10.78, 9.66
14:08:42, 1399.00, 10.35, 21, 44, 95, 151, 181, 154, 118, 84, 242, 12, 19379.66, 10.82, 9.66
14:08:42, 1398.40, 10.35, 21, 45, 98, 155, 185, 158, 121, 85, 255, 13, 19379.66, 10.82, 9.65
14:08:43, 1396.80, 10.34, 21, 44, 95, 151, 187, 159, 123, 86, 258, 13, 19396.55, 10.80, 9.65
14:08:43, 1395.20, 10.34, 21, 45, 96, 151, 185, 158, 122, 87, 253, 13, 19379.66, 10.82, 9.65
14:08:43, 1393.60, 10.34, 21, 46, 98, 155, 188, 161, 124, 88, 258, 13, 19413.46, 10.78, 9.65
14:08:44, 1391.90, 10.35, 21, 46, 98, 156, 190, 163, 125, 90, 262, 13, 19413.46, 10.78, 9.65
14:08:44, 1389.70, 10.35, 21, 46, 98, 155, 189, 162, 126, 90, 259, 13, 19362.80, 10.84, 9.65
14:08:45, 1388.20, 10.35, 22, 47, 100, 157, 191, 164, 127, 91, 263, 13, 19413.46, 10.78, 9.65
14:08:45, 1386.40, 10.34, 22, 48, 101, 159, 191, 164, 127, 92, 264, 13, 19379.66, 10.82, 9.65
14:08:45, 1384.80, 10.34, 22, 48, 103, 162, 193, 166, 130, 94, 275, 14, 19379.66, 10.82, 9.64
14:08:46, 1383.50, 10.34, 22, 48, 101, 159, 197, 170, 131, 96, 289, 15, 19379.66, 10.82, 9.64
14:08:46, 1383.50, 10.35, 23, 49, 103, 162, 196, 168, 130, 95, 291, 15, 19396.55, 10.80, 9.64
14:08:47, 1383.60, 10.34, 23, 49, 104, 163, 194, 167, 130, 95, 293, 15, 19379.66, 10.82, 9.64
14:08:47, 1383.60, 10.34, 23, 49, 104, 163, 197, 170, 130, 96, 307, 16, 19413.46, 10.78, 9.64
14:08:48, 1384.00, 10.34, 23, 49, 103, 162, 198, 170, 130, 96, 315, 16, 19345.96, 10.85, 9.64
14:08:48, 1382.20, 10.35, 22, 48, 101, 159, 194, 167, 129, 95, 309, 16, 19379.66, 10.82, 9.64
14:08:48, 1378.20, 10.35, 22, 48, 101, 158, 194, 167, 129, 96, 311, 16, 19413.46, 10.78, 9.65
14:08:49, 1375.60, 10.35, 23, 50, 105, 163, 195, 169, 132, 98, 313, 16, 19396.55, 10.80, 9.65
14:08:49, 1373.20, 10.35, 23, 50, 105, 164, 199, 173, 134, 100, 327, 17, 19345.96, 10.85, 9.65
14:08:50, 1371.30, 10.35, 23, 50, 105, 164, 200, 174, 135, 101, 329, 17, 19396.55, 10.80, 9.64
14:08:50, 1370.90, 10.35, 24, 50, 106, 165, 200, 174, 135, 101, 325, 17, 19379.66, 10.82, 9.64
14:08:50, 1367.70, 10.34, 24, 50, 105, 164, 200, 174, 136, 102, 321, 16, 19379.66, 10.82, 9.64
14:08:51, 1366.30, 10.34, 24, 51, 107, 167, 202, 176, 139, 104, 317, 16, 19413.46, 10.78, 9.64
14:08:51, 1363.90, 10.34, 24, 51, 106, 166, 200, 175, 138, 104, 308, 16, 19379.66, 10.82, 9.64
14:08:52, 1360.90, 10.34, 24, 51, 106, 166, 205, 179, 142, 107, 313, 16, 19413.46, 10.78, 9.63
14:08:52, 1359.10, 10.34, 24, 51, 106, 166, 206, 180, 144, 108, 313, 16, 19379.66, 10.82, 9.63
14:08:53, 1357.00, 10.34, 24, 50, 106, 165, 202, 177, 142, 107, 301, 15, 19396.55, 10.80, 9.64
14:08:53, 1355.50, 10.34, 24, 51, 108, 168, 201, 176, 142, 107, 293, 15, 19396.55, 10.80, 9.64
14:08:53, 1353.00, 10.34, 25, 52, 108, 169, 203, 178, 144, 109, 296, 15, 19379.66, 10.82, 9.64
14:08:54, 1351.00, 10.34, 25, 52, 109, 170, 207, 182, 147, 112, 306, 16, 19396.55, 10.80, 9.64
14:08:54, 1349.10, 10.34, 25, 53, 109, 171, 205, 181, 146, 112, 299, 15, 19413.46, 10.78, 9.64
14:08:55, 1346.40, 10.34, 25, 53, 109, 170, 204, 180, 147, 112, 291, 15, 19396.55, 10.80, 9.64
14:08:55, 1344.10, 10.34, 25, 53, 111, 172, 207, 183, 150, 115, 299, 15, 19413.46, 10.78, 9.64
14:08:55, 1342.30, 10.34, 26, 54, 111, 173, 213, 189, 154, 119, 313, 16, 19396.55, 10.80, 9.64
14:08:56, 1340.70, 10.34, 25, 53, 110, 170, 211, 187, 153, 118, 305, 16, 19430.38, 10.76, 9.64
14:08:56, 1339.00, 10.34, 26, 54, 112, 173, 209, 185, 152, 118, 296, 15, 19362.80, 10.84, 9.64
14:08:57, 1336.70, 10.34, 26, 54, 112, 174, 210, 187, 154, 120, 301, 15, 19396.55, 10.80, 9.63
14:08:57, 1334.70, 10.34, 26, 55, 112, 174, 210, 187, 155, 120, 302, 15, 19430.38, 10.76, 9.63
14:08:57, 1333.70, 10.34, 27, 56, 115, 178, 214, 191, 158, 123, 311, 16, 19430.38, 10.76, 9.63
14:08:58, 1332.00, 10.33, 27, 55, 114, 177, 214, 191, 158, 123, 309, 16, 19396.55, 10.80, 9.63
14:08:58, 1328.90, 10.34, 26, 55, 112, 174, 213, 190, 158, 124, 306, 16, 19379.66, 10.82, 9.63
14:08:59, 1326.60, 10.33, 27, 56, 115, 178, 220, 196, 164, 128, 328, 17, 19447.32, 10.75, 9.64
14:08:59, 1323.90, 10.33, 27, 55, 112, 174, 217, 195, 163, 128, 320, 16, 19396.55, 10.80, 9.64
14:09:00, 1322.10, 10.34, 27, 57, 116, 180, 224, 201, 169, 133, 337, 17, 19396.55, 10.80, 9.64
14:09:00, 1320.50, 10.33, 28, 57, 116, 180, 221, 198, 167, 132, 328, 17, 19396.55, 10.80, 9.63
14:09:00, 1318.90, 10.33, 28, 58, 119, 184, 224, 202, 170, 135, 337, 17, 19379.66, 10.82, 9.63
14:09:01, 1316.90, 10.33, 28, 58, 119, 183, 227, 204, 173, 137, 343, 18, 19396.55, 10.80, 9.63
14:09:01, 1315.00, 10.33, 29, 59, 119, 184, 225, 203, 172, 137, 335, 17, 19379.66, 10.82, 9.63
14:09:02, 1312.30, 10.33, 29, 59, 120, 185, 224, 203, 173, 138, 331, 17, 19396.55, 10.80, 9.63
14:09:02, 1309.60, 10.33, 29, 60, 122, 187, 224, 203, 174, 140, 328, 17, 19396.55, 10.80, 9.63
14:09:02, 1308.00, 10.33, 30, 62, 125, 192, 227, 206, 177, 142, 330, 17, 19345.96, 10.85, 9.63
14:09:03, 1306.00, 10.33, 30, 62, 124, 192, 231, 210, 181, 145, 338, 17, 19345.96, 10.85, 9.63
14:09:03, 1305.70, 10.33, 30, 62, 125, 192, 235, 214, 184, 148, 348, 18, 19413.46, 10.78, 9.63
14:09:04, 1305.00, 10.33, 30, 62, 124, 192, 231, 210, 181, 146, 334, 17, 19430.38, 10.76, 9.63
14:09:04, 1302.00, 10.33, 30, 61, 123, 190, 230, 209, 181, 146, 337, 17, 19396.55, 10.80, 9.63
14:09:05, 1299.30, 10.33, 31, 64, 127, 197, 240, 219, 189, 154, 367, 19, 19396.55, 10.80, 9.63
14:09:05, 1296.20, 10.34, 31, 64, 128, 197, 243, 222, 193, 158, 379, 20, 19413.46, 10.78, 9.63
14:09:05, 1292.90, 10.33, 32, 65, 129, 198, 239, 219, 191, 157, 369, 19, 19396.55, 10.80, 9.63
14:09:06, 1289.00, 10.33, 33, 68, 134, 205, 245, 225, 197, 163, 387, 20, 19396.55, 10.80, 9.63
14:09:06, 1287.60, 10.33, 34, 70, 137, 211, 255, 235, 205, 170, 418, 22, 19413.46, 10.78, 9.63
14:09:07, 1285.70, 10.33, 34, 68, 135, 207, 254, 234, 206, 171, 414, 21, 19413.46, 10.78, 9.63
14:09:07, 1283.70, 10.33, 34, 70, 138, 210, 253, 233, 205, 171, 410, 21, 19430.38, 10.76, 9.63
14:09:07, 1281.90, 10.33, 34, 70, 138, 209, 257, 237, 209, 175, 422, 22, 19379.66, 10.82, 9.63
14:09:08, 1280.00, 10.33, 35, 71, 138, 211, 254, 235, 208, 174, 420, 22, 19430.38, 10.76, 9.63
14:09:08, 1278.70, 10.33, 36, 72, 142, 215, 257, 238, 210, 177, 437, 23, 19396.55, 10.80, 9.63
14:09:09, 1278.70, 10.33, 36, 73, 142, 216, 260, 241, 212, 179, 455, 24, 19396.55, 10.80, 9.63
14:09:09, 1276.70, 10.33, 36, 72, 141, 215, 254, 236, 208, 176, 450, 23, 19413.46, 10.78, 9.62
14:09:09, 1273.10, 10.33, 35, 70, 137, 209, 259, 241, 214, 182, 463, 24, 19396.55, 10.80, 9.62
14:09:10, 1270.50, 10.33, 36, 72, 141, 214, 256, 239, 213, 182, 468, 24, 19447.32, 10.75, 9.62
14:09:10, 1269.80, 10.33, 38, 76, 147, 221, 262, 244, 217, 186, 491, 26, 19362.80, 10.84, 9.62
14:09:11, 1269.00, 10.33, 38, 76, 148, 223, 265, 247, 220, 189, 493, 26, 19430.38, 10.76, 9.62
14:09:11, 1267.70, 10.33, 38, 76, 148, 224, 267, 249, 222, 191, 487, 25, 19396.55, 10.80, 9.62
14:09:12, 1265.10, 10.33, 38, 76, 147, 223, 267, 251, 224, 193, 481, 25, 19413.46, 10.78, 9.62
14:09:12, 1264.30, 10.32, 38, 77, 149, 225, 272, 254, 228, 197, 480, 25, 19413.46, 10.78, 9.61
14:09:12, 1263.10, 10.32, 38, 77, 148, 225, 272, 255, 229, 198, 476, 25, 19413.46, 10.78, 9.61
14:09:13, 1262.40, 10.33, 39, 77, 149, 226, 277, 260, 234, 202, 487, 25, 19396.55, 10.80, 9.61
14:09:13, 1261.40, 10.32, 39, 78, 151, 228, 273, 256, 231, 200, 470, 25, 19413.46, 10.78, 9.61
14:09:14, 1258.10, 10.32, 39, 78, 150, 227, 273, 257, 233, 202, 464, 24, 19430.38, 10.76, 9.61
14:09:14, 1254.80, 10.32, 40, 81, 155, 234, 279, 263, 239, 208, 477, 25, 19413.46, 10.78, 9.61
14:09:14, 1253.20, 10.32, 41, 81, 156, 235, 284, 268, 245, 214, 490, 26, 19430.38, 10.76, 9.61
14:09:15, 1251.90, 10.32, 41, 81, 156, 235, 286, 270, 247, 216, 493, 26, 19413.46, 10.78, 9.61
14:09:15, 1250.60, 10.32, 41, 82, 156, 236, 286, 270, 247, 216, 487, 25, 19413.46, 10.78, 9.61
14:09:16, 1248.70, 10.32, 41, 81, 155, 234, 282, 267, 246, 216, 475, 25, 19396.55, 10.80, 9.61
14:09:16, 1247.30, 10.32, 42, 83, 158, 239, 289, 274, 252, 221, 490, 26, 19447.32, 10.75, 9.61
14:09:17, 1246.70, 10.32, 42, 84, 159, 240, 290, 275, 253, 223, 492, 26, 19379.66, 10.82, 9.61
14:09:17, 1246.20, 10.32, 42, 84, 160, 241, 289, 274, 253, 223, 490, 26, 19413.46, 10.78, 9.61
14:09:17, 1243.80, 10.32, 42, 83, 157, 237, 289, 274, 253, 224, 485, 25, 19413.46, 10.78, 9.59
14:09:18, 1241.70, 10.32, 42, 83, 158, 238, 294, 279, 259, 230, 496, 26, 19430.38, 10.76, 9.59
14:09:18, 1241.70, 10.32, 42, 84, 159, 238, 291, 277, 257, 228, 491, 26, 19396.55, 10.80, 9.59
14:09:19, 1240.90, 10.32, 43, 85, 162, 244, 290, 276, 256, 227, 488, 26, 19396.55, 10.80, 9.59
14:09:19, 1236.60, 10.32, 43, 84, 160, 240, 287, 274, 256, 228, 479, 25, 19379.66, 10.82, 9.59
14:09:19, 1235.90, 10.32, 45, 88, 166, 249, 294, 281, 263, 235, 497, 26, 19379.66, 10.82, 9.58
14:09:20, 1235.90, 10.32, 45, 89, 168, 252, 300, 286, 267, 239, 521, 27, 19396.55, 10.80, 9.58
14:09:20, 1236.00, 10.32, 45, 88, 166, 249, 302, 289, 269, 241, 525, 28, 19379.66, 10.82, 9.58
14:09:21, 1236.00, 10.32, 44, 87, 165, 248, 300, 287, 268, 240, 512, 27, 19430.38, 10.76, 9.58
14:09:21, 1232.60, 10.32, 43, 84, 159, 240, 292, 280, 264, 236, 487, 26, 19430.38, 10.76, 9.58
14:09:21, 1230.30, 10.32, 45, 89, 167, 251, 300, 288, 272, 244, 496, 26, 19464.28, 10.73, 9.57
14:09:22, 1228.80, 10.32, 46, 90, 170, 254, 299, 287, 272, 245, 494, 26, 19430.38, 10.76, 9.57
14:09:22, 1227.90, 10.32, 47, 91, 172, 257, 304, 292, 277, 249, 503, 26, 19430.38, 10.76, 9.56
14:09:23, 1226.30, 10.32, 46, 91, 170, 255, 304, 293, 278, 251, 495, 26, 19447.32, 10.75, 9.56
14:09:23, 1223.10, 10.31, 46, 89, 167, 250, 302, 291, 279, 252, 485, 26, 19464.28, 10.73, 9.56
14:09:24, 1219.70, 10.32, 47, 92, 172, 257, 304, 293, 281, 255, 485, 26, 19464.28, 10.73, 9.55
14:09:24, 1216.90, 10.31, 48, 93, 174, 259, 318, 307, 296, 270, 526, 28, 19396.55, 10.80, 9.55
14:09:24, 1213.90, 10.31, 48, 94, 174, 260, 316, 306, 295, 271, 523, 28, 19396.55, 10.80, 9.56
14:09:25, 1210.50, 10.31, 50, 97, 180, 267, 322, 313, 303, 280, 543, 29, 19430.38, 10.76, 9.56
14:09:25, 1208.30, 10.31, 51, 98, 181, 269, 324, 315, 306, 284, 552, 29, 19413.46, 10.78, 9.56
14:09:26, 1206.80, 10.31, 52, 100, 185, 274, 327, 318, 309, 287, 553, 29, 19379.66, 10.82, 9.55
14:09:26, 1204.70, 10.31, 52, 101, 186, 276, 330, 322, 314, 292, 553, 29, 19396.55, 10.80, 9.55
14:09:26, 1204.20, 10.31, 53, 102, 187, 277, 333, 326, 318, 296, 546, 29, 19430.38, 10.76, 9.55
14:09:27, 1201.00, 10.31, 52, 100, 184, 273, 330, 323, 318, 296, 524, 28, 19481.27, 10.71, 9.55
14:09:27, 1198.20, 10.31, 54, 104, 189, 281, 337, 331, 327, 306, 537, 28, 19413.46, 10.78, 9.55
14:09:28, 1195.80, 10.31, 55, 106, 193, 286, 341, 335, 332, 311, 551, 29, 19396.55, 10.80, 9.54
14:09:28, 1193.80, 10.31, 56, 108, 196, 289, 347, 342, 339, 320, 566, 30, 19430.38, 10.76, 9.54
14:09:29, 1190.80, 10.31, 57, 108, 196, 289, 348, 343, 342, 323, 567, 30, 19464.28, 10.73, 9.53
14:09:29, 1188.30, 10.31, 58, 110, 199, 294, 353, 348, 348, 330, 575, 30, 19464.28, 10.73, 9.53
14:09:29, 1185.40, 10.31, 59, 112, 202, 297, 355, 351, 352, 335, 576, 31, 19413.46, 10.78, 9.53
14:09:30, 1182.60, 10.31, 61, 115, 207, 303, 365, 362, 364, 348, 606, 32, 19413.46, 10.78, 9.52
14:09:30, 1180.80, 10.31, 62, 118, 211, 309, 368, 365, 368, 353, 614, 33, 19430.38, 10.76, 9.52
14:09:31, 1178.60, 10.31, 64, 122, 218, 319, 378, 375, 380, 365, 640, 34, 19430.38, 10.76, 9.53
14:09:31, 1176.10, 10.31, 66, 124, 221, 323, 384, 382, 387, 374, 655, 35, 19430.38, 10.76, 9.53
14:09:31, 1174.30, 10.31, 67, 128, 227, 331, 390, 388, 395, 382, 668, 36, 19447.32, 10.75, 9.53
14:09:32, 1171.50, 10.31, 68, 128, 227, 331, 390, 389, 397, 385, 661, 35, 19447.32, 10.75, 9.52
14:09:32, 1168.90, 10.31, 69, 130, 229, 333, 400, 399, 409, 397, 695, 37, 19413.46, 10.78, 9.52
14:09:33, 1165.80, 10.31, 70, 132, 232, 336, 401, 402, 413, 403, 701, 37, 19447.32, 10.75, 9.52
14:09:33, 1162.30, 10.31, 72, 134, 236, 342, 405, 406, 419, 413, 720, 39, 19413.46, 10.78, 9.52
14:09:34, 1160.20, 10.31, 76, 143, 249, 359, 420, 423, 436, 431, 793, 43, 19447.32, 10.75, 9.52
14:09:34, 1157.60, 10.31, 77, 144, 251, 361, 424, 428, 440, 439, 808, 44, 19396.55, 10.80, 9.51
14:09:34, 1155.70, 10.31, 80, 148, 257, 368, 436, 441, 454, 455, 856, 46, 19413.46, 10.78, 9.51
14:09:35, 1154.20, 10.31, 81, 150, 260, 372, 442, 447, 460, 462, 894, 48, 19481.27, 10.71, 9.51
14:09:35, 1151.10, 10.30, 81, 149, 258, 368, 438, 443, 457, 462, 900, 49, 19430.38, 10.76, 9.51
14:09:36, 1148.60, 10.30, 83, 152, 263, 372, 444, 449, 462, 472, 969, 53, 19447.32, 10.75, 9.51
14:09:36, 1146.00, 10.30, 85, 155, 267, 374, 448, 454, 466, 482, 1092, 61, 19464.28, 10.73, 9.50
14:09:36, 1143.30, 10.30, 86, 155, 268, 372, 451, 456, 471, 490, 1221, 70, 19396.55, 10.80, 9.50
14:09:37, 1140.10, 10.30, 89, 161, 279, 383, 460, 464, 483, 503, 1382, 81, 19396.55, 10.80, 9.51
14:09:37, 1137.50, 10.30, 93, 169, 291, 397, 478, 481, 505, 526, 1512, 89, 19481.27, 10.71, 9.51
14:09:38, 1135.20, 10.30, 95, 173, 297, 405, 486, 488, 514, 536, 1531, 91, 19447.32, 10.75, 9.51
14:09:38, 1133.00, 10.30, 97, 174, 298, 406, 489, 495, 520, 546, 1475, 87, 19430.38, 10.76, 9.50
14:09:38, 1128.30, 10.30, 102, 181, 308, 419, 495, 505, 530, 563, 1400, 82, 19413.46, 10.78, 9.50
14:09:39, 1124.60, 10.30, 106, 187, 316, 431, 509, 521, 548, 584, 1349, 79, 19464.28, 10.73, 9.50
14:09:39, 1122.80, 10.30, 108, 190, 319, 436, 526, 540, 569, 610, 1397, 82, 19430.38, 10.76, 9.50
14:09:40, 1120.20, 10.30, 109, 191, 320, 436, 518, 532, 562, 604, 1384, 82, 19379.66, 10.82, 9.50
14:09:40, 1117.80, 10.30, 113, 198, 330, 447, 525, 540, 572, 618, 1442, 86, 19447.32, 10.75, 9.50
14:09:41, 1116.10, 10.30, 117, 205, 340, 459, 530, 546, 579, 629, 1504, 91, 19447.32, 10.75, 9.50
14:09:41, 1114.50, 10.30, 118, 207, 344, 462, 539, 553, 588, 639, 1546, 94, 19430.38, 10.76, 9.51
14:09:41, 1110.50, 10.29, 121, 210, 347, 466, 549, 565, 604, 660, 1592, 98, 19430.38, 10.76, 9.51
14:09:42, 1107.80, 10.29, 125, 216, 356, 476, 565, 583, 622, 683, 1621, 101, 19447.32, 10.75, 9.50
14:09:42, 1105.30, 10.29, 128, 220, 361, 483, 577, 598, 639, 704, 1610, 100, 19481.27, 10.71, 9.50
14:09:43, 1102.60, 10.29, 134, 231, 376, 502, 589, 612, 656, 725, 1602, 101, 19447.32, 10.75, 9.50
14:09:43, 1099.90, 10.29, 141, 243, 393, 526, 608, 633, 681, 755, 1623, 102, 19464.28, 10.73, 9.50
14:09:43, 1097.10, 10.29, 149, 255, 409, 547, 627, 657, 708, 787, 1659, 105, 19464.28, 10.73, 9.50
14:09:44, 1094.10, 10.29, 152, 260, 415, 555, 639, 670, 724, 808, 1672, 108, 19464.28, 10.73, 9.51
14:09:44, 1091.20, 10.29, 151, 255, 407, 543, 635, 667, 723, 810, 1664, 110, 19464.28, 10.73, 9.51
14:09:45, 1086.80, 10.29, 154, 258, 409, 542, 642, 674, 734, 827, 1723, 119, 19430.38, 10.76, 9.51
14:09:45, 1082.80, 10.29, 163, 271, 426, 558, 668, 702, 766, 874, 1930, 141, 19464.28, 10.73, 9.52
14:09:46, 1081.00, 10.30, 175, 290, 453, 590, 679, 712, 779, 894, 2083, 158, 19447.32, 10.75, 9.52
14:09:46, 1078.40, 10.29, 182, 301, 469, 606, 698, 733, 804, 926, 2253, 178, 19464.28, 10.73, 9.53
14:09:46, 1075.80, 10.30, 189, 311, 482, 621, 716, 754, 828, 958, 2329, 191, 19447.32, 10.75, 9.53
14:09:47, 1073.80, 10.29, 195, 319, 492, 633, 719, 759, 834, 967, 2277, 192, 19430.38, 10.76, 9.53
14:09:47, 1071.70, 10.30, 198, 322, 497, 639, 728, 769, 846, 980, 2227, 189, 19447.32, 10.75, 9.53
14:09:48, 1067.20, 10.30, 204, 330, 503, 645, 733, 778, 860, 1002, 2214, 205, 19430.38, 10.76, 9.53
14:09:48, 1062.50, 10.30, 212, 338, 512, 655, 751, 799, 890, 1040, 2286, 230, 19447.32, 10.75, 9.55
14:09:48, 1058.90, 10.30, 232, 369, 551, 700, 775, 829, 925, 1094, 2537, 292, 19447.32, 10.75, 9.55
14:09:49, 1055.40, 10.30, 246, 389, 577, 728, 798, 854, 954, 1133, 2768, 346, 19447.32, 10.75, 9.55
14:09:49, 1051.60, 10.30, 256, 400, 590, 737, 819, 877, 982, 1173, 3013, 424, 19464.28, 10.73, 9.57
14:09:50, 1048.20, 10.30, 274, 424, 618, 766, 856, 915, 1027, 1234, 3328, 528, 19481.27, 10.71, 9.57
14:09:50, 1045.00, 10.30, 287, 441, 639, 787, 895, 950, 1072, 1291, 3670, 632, 19396.55, 10.80, 9.61
14:09:50, 1041.90, 10.30, 306, 469, 668, 818, 930, 988, 1120, 1355, 4080, 830, 19447.32, 10.75, 9.61
14:09:51, 1039.30, 10.30, 320, 489, 690, 844, 958, 1016, 1156, 1400, 4406, 950, 19498.27, 10.69, 9.61
14:09:51, 1035.70, 10.30, 338, 515, 720, 876, 1000, 1061, 1213, 1474, 4855, 1251, 19481.27, 10.71, 9.63
14:09:52, 1033.80, 10.31, 354, 535, 740, 896, 1005, 1070, 1227, 1486, 5074, 1433, 19447.32, 10.75, 9.63
14:09:52, 1028.60, 10.31, 373, 560, 767, 925, 995, 1072, 1227, 1479, 5531, 2073, 19447.32, 10.75, 9.66
14:09:53, 1025.80, 10.31, 422, 631, 852, 1024, 1140, 1200, 1410, 1666, 6776, 3111, 19447.32, 10.75, 9.66
14:09:53, 1025.20, 10.31, 437, 665, 895, 1073, 1191, 1245, 1491, 1751, 7231, 3447, 19464.28, 10.73, 9.66
14:09:53, 1025.70, 10.31, 446, 679, 913, 1095, 1172, 1226, 1469, 1710, 7360, 3489, 19447.32, 10.75, 9.69
14:09:54, 1025.00, 10.31, 403, 610, 820, 997, 1135, 1184, 1447, 1650, 7435, 3507, 19464.28, 10.73, 9.69
14:09:54, 1024.90, 10.31, 424, 662, 878, 1089, 1142, 1187, 1481, 1657, 7529, 3565, 19447.32, 10.75, 9.70
14:09:55, 1025.10, 10.31, 396, 595, 801, 981, 1039, 1105, 1344, 1510, 7657, 3574, 19430.38, 10.76, 9.70
14:09:55, 1025.10, 10.31, 376, 581, 765, 969, 922, 970, 1180, 1348, 6537, 3046, 19464.28, 10.73, 9.70
14:09:55, 1025.10, 10.31, 364, 556, 748, 901, 981, 1048, 1238, 1441, 7104, 3352, 19430.38, 10.76, 9.69
14:09:56, 1025.00, 10.31, 125, 160, 222, 285, 138, 172, 207, 227, 951, 432, 19464.28, 10.73, 9.69
14:09:56, 1025.00, 10.31, 27, 32, 43, 72, 135, 128, 228, 190, 962, 508, 19481.27, 10.71, 9.68
