Secchi Depth (cm) = 0190
Forel Ule Scale = 14
pH Colour Scale = 99
SmartSecchi S/N = A003
Latitude (degs N) = 50.21597
Longitude (degs E) = -5.02778
Date = 2023-02-03
Time (UTC), Pressure (mbar) MS5803, Temp (deg C) MS5803, 415nm, 445nm, 480nm, 515nm, 555nm, 590nm, 630nm, 680nm, Clear, NIR, Resistance 10KTHERM, Temp (deg C) 10KTHERM, Temp (deg C) TMP117
13:02:10, 1025.30, 10.71, 590, 866, 1183, 1404, 1525, 1639, 1880, 2271, 8536, 4045, 18559.46, 11.70, 10.23
13:02:10, 1025.10, 10.72, 570, 834, 1135, 1360, 1462, 1601, 1807, 2200, 7900, 3679, 18527.61, 11.74, 10.23
13:02:10, 1025.20, 10.73, 568, 827, 1123, 1361, 1460, 1621, 1815, 2213, 7531, 3444, 18543.52, 11.72, 10.20
13:02:11, 1025.10, 10.73, 574, 834, 1127, 1380, 1460, 1628, 1819, 2216, 7410, 3362, 18527.61, 11.74, 10.20
13:02:11, 1025.10, 10.73, 568, 825, 1119, 1362, 1447, 1604, 1798, 2190, 7605, 3474, 18591.39, 11.67, 10.20
13:02:12, 1025.10, 10.73, 563, 820, 1115, 1346, 1459, 1607, 1805, 2203, 7746, 3584, 18575.42, 11.69, 10.14
13:02:12, 1025.10, 10.74, 578, 845, 1148, 1380, 1505, 1637, 1859, 2255, 8196, 3834, 18559.46, 11.70, 10.14
13:02:12, 1025.20, 10.74, 583, 859, 1172, 1396, 1542, 1637, 1917, 2277, 8813, 4184, 18575.42, 11.69, 10.09
13:02:13, 1025.10, 10.73, 581, 875, 1186, 1424, 1577, 1658, 1991, 2313, 9432, 4434, 18591.39, 11.67, 10.09
13:02:13, 1025.10, 10.73, 596, 910, 1221, 1497, 1627, 1728, 2079, 2389, 9747, 4506, 18575.42, 11.69, 10.09
13:02:14, 1025.10, 10.73, 580, 882, 1186, 1457, 1565, 1662, 2002, 2283, 9425, 4314, 18591.39, 11.67, 10.09
13:02:14, 1025.20, 10.74, 590, 899, 1201, 1494, 1621, 1741, 2086, 2377, 9404, 4254, 18575.42, 11.69, 10.09
13:02:15, 1025.20, 10.74, 595, 901, 1204, 1507, 1588, 1716, 2051, 2328, 9220, 4157, 18575.42, 11.69, 10.12
13:02:15, 1025.20, 10.74, 579, 871, 1166, 1465, 1555, 1695, 2014, 2283, 8983, 4044, 18623.39, 11.63, 10.12
13:02:15, 1025.20, 10.74, 575, 858, 1152, 1448, 1508, 1651, 1957, 2217, 8789, 3964, 18559.46, 11.70, 10.12
13:02:16, 1025.00, 10.74, 573, 851, 1144, 1436, 1518, 1668, 1961, 2237, 8720, 3933, 18591.39, 11.67, 10.14
13:02:16, 1025.20, 10.74, 583, 860, 1159, 1452, 1520, 1671, 1962, 2242, 8760, 3952, 18591.39, 11.67, 10.14
13:02:17, 1025.30, 10.74, 575, 849, 1144, 1434, 1523, 1675, 1963, 2246, 8624, 3893, 18559.46, 11.70, 10.16
13:02:17, 1025.00, 10.74, 583, 861, 1161, 1452, 1546, 1697, 1994, 2279, 8715, 3933, 18591.39, 11.67, 10.16
13:02:17, 1025.00, 10.74, 589, 877, 1181, 1483, 1541, 1679, 2006, 2255, 8963, 4042, 18543.52, 11.72, 10.16
13:02:18, 1025.20, 10.75, 574, 854, 1149, 1444, 1478, 1623, 1911, 2174, 8335, 3770, 18575.42, 11.69, 10.17
13:02:18, 1025.30, 10.75, 535, 792, 1068, 1339, 1441, 1576, 1869, 2113, 8473, 3832, 18559.46, 11.70, 10.17
13:02:19, 1025.20, 10.75, 517, 780, 1046, 1313, 1358, 1491, 1772, 2006, 8596, 3905, 18575.42, 11.69, 10.17
13:02:19, 1025.30, 10.75, 498, 743, 999, 1250, 1323, 1458, 1707, 1966, 8152, 3683, 18591.39, 11.67, 10.19
13:02:19, 1025.20, 10.75, 472, 701, 945, 1181, 1215, 1333, 1587, 1791, 7809, 3576, 18575.42, 11.69, 10.19
13:02:20, 1025.30, 10.75, 453, 673, 904, 1141, 1235, 1356, 1617, 1822, 8150, 3714, 18575.42, 11.69, 10.19
13:02:20, 1025.20, 10.75, 487, 733, 985, 1228, 1312, 1432, 1689, 1942, 8307, 3762, 18575.42, 11.69, 10.19
13:02:21, 1025.40, 10.76, 473, 712, 956, 1188, 1229, 1335, 1582, 1813, 7998, 3645, 18559.46, 11.70, 10.19
13:02:21, 1025.20, 10.76, 441, 668, 898, 1113, 1193, 1287, 1538, 1750, 7958, 3641, 18543.52, 11.72, 10.19
13:02:21, 1025.20, 10.76, 446, 677, 910, 1127, 1209, 1306, 1556, 1774, 7977, 3649, 18543.52, 11.72, 10.19
13:02:22, 1025.20, 10.76, 462, 700, 942, 1163, 1267, 1371, 1621, 1862, 8146, 3705, 18575.42, 11.69, 10.20
13:02:22, 1025.20, 10.76, 475, 719, 969, 1194, 1273, 1377, 1631, 1869, 8190, 3725, 18575.42, 11.69, 10.20
13:02:23, 1025.60, 10.76, 459, 695, 936, 1155, 1249, 1347, 1605, 1827, 8074, 3676, 18607.39, 11.65, 10.20
13:02:23, 1024.90, 10.74, 460, 697, 939, 1162, 1218, 1312, 1567, 1779, 7912, 3614, 18607.39, 11.65, 10.19
13:02:24, 1025.10, 10.71, 456, 690, 930, 1149, 1250, 1348, 1605, 1827, 8003, 3649, 18575.42, 11.69, 10.19
13:02:24, 1025.20, 10.67, 472, 712, 962, 1186, 1275, 1375, 1634, 1864, 8137, 3705, 18575.42, 11.69, 10.01
13:02:24, 1025.50, 10.64, 476, 719, 970, 1197, 1295, 1398, 1661, 1895, 8198, 3727, 18575.42, 11.69, 10.01
13:02:25, 1025.90, 10.62, 473, 713, 963, 1187, 1273, 1375, 1634, 1865, 8090, 3691, 18575.42, 11.69, 10.01
13:02:25, 1025.30, 10.60, 480, 725, 978, 1209, 1306, 1408, 1677, 1910, 8152, 3720, 18591.39, 11.67, 9.93
13:02:26, 1025.70, 10.58, 494, 750, 1010, 1246, 1367, 1473, 1750, 2004, 8343, 3794, 18591.39, 11.67, 9.93
13:02:26, 1026.40, 10.56, 511, 778, 1045, 1290, 1386, 1493, 1772, 2035, 8473, 3852, 18591.39, 11.67, 9.75
13:02:26, 1026.60, 10.54, 513, 781, 1048, 1293, 1382, 1486, 1768, 2029, 8503, 3868, 18607.39, 11.65, 9.75
13:02:27, 1026.90, 10.52, 508, 775, 1039, 1282, 1376, 1477, 1759, 2017, 8456, 3856, 18591.39, 11.67, 9.75
13:02:27, 1027.20, 10.50, 505, 770, 1032, 1269, 1361, 1457, 1730, 1998, 8421, 3860, 18607.39, 11.65, 9.65
13:02:28, 1027.10, 10.49, 491, 751, 1008, 1230, 1325, 1409, 1676, 1945, 8215, 3837, 18607.39, 11.65, 9.65
13:02:28, 1027.60, 10.47, 489, 746, 1004, 1219, 1318, 1396, 1657, 1938, 7775, 3655, 18591.39, 11.67, 9.63
13:02:28, 1028.10, 10.46, 493, 740, 997, 1206, 1307, 1403, 1619, 1936, 6988, 3186, 18607.39, 11.65, 9.63
13:02:29, 1027.90, 10.45, 490, 730, 983, 1196, 885, 971, 1077, 1330, 4178, 1771, 18607.39, 11.65, 9.63
13:02:29, 1027.80, 10.44, 485, 725, 973, 1188, 1092, 1226, 1347, 1669, 4883, 2110, 18591.39, 11.67, 9.60
13:02:30, 1028.50, 10.44, 334, 507, 676, 847, 970, 1076, 1216, 1457, 4281, 1824, 18575.42, 11.69, 9.60
13:02:30, 1027.90, 10.43, 552, 830, 1109, 1374, 1345, 1463, 1687, 1997, 5114, 2034, 18575.42, 11.69, 9.58
13:02:31, 1027.70, 10.42, 515, 773, 1029, 1288, 1388, 1517, 1737, 2068, 5627, 2288, 18591.39, 11.67, 9.58
13:02:31, 1027.20, 10.42, 520, 783, 1044, 1301, 1396, 1525, 1742, 2085, 5646, 2342, 18591.39, 11.67, 9.58
13:02:31, 1027.80, 10.41, 527, 792, 1058, 1309, 1377, 1507, 1711, 2065, 5701, 2409, 18559.46, 11.70, 9.58
13:02:32, 1027.80, 10.40, 516, 777, 1039, 1278, 1355, 1481, 1680, 2032, 5789, 2495, 18607.39, 11.65, 9.58
13:02:32, 1027.90, 10.40, 518, 779, 1046, 1275, 1369, 1487, 1691, 2040, 6489, 2824, 18607.39, 11.65, 9.58
13:02:33, 1027.80, 10.40, 532, 792, 1069, 1293, 1386, 1487, 1710, 2048, 7188, 3181, 18639.42, 11.62, 9.58
13:02:33, 1027.90, 10.39, 524, 783, 1052, 1280, 1388, 1489, 1719, 2042, 7625, 3417, 18607.39, 11.65, 9.58
13:02:33, 1027.80, 10.39, 520, 782, 1048, 1277, 1367, 1467, 1709, 2018, 7926, 3628, 18639.42, 11.62, 9.58
13:02:34, 1027.80, 10.39, 509, 770, 1035, 1256, 1324, 1409, 1669, 1937, 8097, 3765, 18639.42, 11.62, 9.58
13:02:34, 1028.00, 10.38, 500, 743, 1013, 1219, 1343, 1434, 1686, 1971, 8021, 3718, 18655.46, 11.60, 9.58
13:02:35, 1027.90, 10.38, 511, 772, 1035, 1258, 1344, 1426, 1690, 1960, 7989, 3732, 18623.39, 11.63, 9.58
13:02:35, 1027.80, 10.37, 508, 757, 1026, 1242, 1353, 1436, 1690, 1979, 7872, 3643, 18623.39, 11.63, 9.58
13:02:35, 1027.40, 10.37, 515, 777, 1040, 1268, 1369, 1470, 1713, 2023, 7827, 3581, 18639.42, 11.62, 9.57
13:02:36, 1027.80, 10.37, 519, 785, 1049, 1277, 1373, 1480, 1722, 2037, 7857, 3595, 18623.39, 11.63, 9.57
13:02:36, 1027.70, 10.36, 519, 785, 1051, 1279, 1382, 1486, 1732, 2047, 7948, 3653, 18607.39, 11.65, 9.57
13:02:37, 1028.00, 10.36, 521, 787, 1053, 1282, 1378, 1487, 1727, 2045, 7804, 3557, 18623.39, 11.63, 9.57
13:02:37, 1027.80, 10.36, 517, 778, 1044, 1273, 1372, 1482, 1715, 2031, 7586, 3424, 18639.42, 11.62, 9.57
13:02:37, 1028.00, 10.35, 518, 772, 1039, 1263, 1362, 1468, 1697, 2013, 7489, 3384, 18623.39, 11.63, 9.58
13:02:38, 1027.90, 10.35, 512, 771, 1030, 1261, 1364, 1470, 1694, 2017, 7301, 3281, 18639.42, 11.62, 9.58
13:02:38, 1027.70, 10.34, 515, 775, 1036, 1265, 1369, 1471, 1697, 2025, 7222, 3239, 18639.42, 11.62, 9.57
13:02:39, 1027.60, 10.35, 516, 777, 1037, 1266, 1373, 1477, 1701, 2032, 7153, 3196, 18655.46, 11.60, 9.57
13:02:39, 1027.70, 10.34, 518, 780, 1042, 1272, 1372, 1478, 1701, 2033, 7134, 3184, 18703.70, 11.54, 9.57
13:02:40, 1027.60, 10.34, 518, 780, 1042, 1273, 1374, 1478, 1704, 2033, 7214, 3231, 18623.39, 11.63, 9.56
13:02:40, 1027.70, 10.34, 517, 777, 1038, 1271, 1366, 1472, 1697, 2021, 7269, 3260, 18655.46, 11.60, 9.56
13:02:40, 1027.90, 10.34, 515, 774, 1033, 1267, 1359, 1462, 1696, 2008, 7466, 3371, 18687.61, 11.56, 9.57
13:02:41, 1028.50, 10.34, 512, 770, 1027, 1260, 1351, 1449, 1688, 1994, 7615, 3463, 18703.70, 11.54, 9.57
13:02:41, 1028.70, 10.34, 510, 733, 1022, 1197, 1253, 1313, 1520, 1802, 7704, 3604, 18639.42, 11.62, 9.57
13:02:42, 1028.30, 10.33, 505, 761, 1023, 1250, 1358, 1449, 1688, 1998, 7497, 3234, 18671.52, 11.58, 9.56
13:02:42, 1028.50, 10.33, 510, 764, 1025, 1252, 1354, 1449, 1674, 2001, 7183, 3138, 18671.52, 11.58, 9.56
13:02:42, 1028.30, 10.33, 510, 764, 1027, 1252, 1359, 1458, 1677, 2010, 6825, 2889, 18687.61, 11.56, 9.58
13:02:43, 1028.00, 10.32, 513, 772, 1037, 1263, 1360, 1465, 1678, 2015, 6669, 2849, 18655.46, 11.60, 9.58
13:02:43, 1028.20, 10.32, 509, 770, 1033, 1261, 1378, 1486, 1698, 2043, 6688, 2800, 18671.52, 11.58, 9.58
13:02:44, 1027.80, 10.32, 513, 775, 1040, 1269, 1360, 1469, 1682, 2019, 6503, 2770, 18703.70, 11.54, 9.56
13:02:44, 1028.20, 10.32, 515, 776, 1043, 1271, 1373, 1485, 1695, 2038, 6591, 2814, 18687.61, 11.56, 9.56
13:02:44, 1027.90, 10.32, 513, 774, 1039, 1268, 1361, 1469, 1681, 2018, 6526, 2771, 18719.82, 11.53, 9.56
13:02:45, 1027.90, 10.33, 514, 772, 1037, 1265, 1361, 1465, 1681, 2015, 6687, 2878, 18719.82, 11.53, 9.56
13:02:45, 1027.90, 10.33, 513, 772, 1034, 1264, 1368, 1478, 1696, 2027, 6751, 2863, 18703.70, 11.54, 9.56
13:02:46, 1028.10, 10.32, 514, 771, 1034, 1263, 1342, 1439, 1661, 1985, 6957, 3087, 18703.70, 11.54, 9.56
13:02:46, 1027.90, 10.33, 515, 776, 1040, 1272, 1367, 1469, 1695, 2021, 7011, 2988, 18671.52, 11.58, 9.56
13:02:47, 1028.00, 10.33, 511, 770, 1032, 1264, 1353, 1451, 1678, 1998, 7144, 3121, 18687.61, 11.56, 9.56
13:02:47, 1027.90, 10.32, 512, 771, 1032, 1267, 1367, 1465, 1700, 2014, 7415, 3266, 18735.96, 11.51, 9.56
13:02:47, 1028.00, 10.32, 515, 777, 1039, 1275, 1366, 1467, 1705, 2014, 7612, 3364, 18687.61, 11.56, 9.56
13:02:48, 1027.90, 10.32, 506, 760, 1020, 1247, 1352, 1448, 1688, 1991, 7726, 3482, 18719.82, 11.53, 9.56
13:02:48, 1028.00, 10.32, 513, 774, 1036, 1268, 1356, 1457, 1696, 2000, 7726, 3446, 18703.70, 11.54, 9.56
13:02:49, 1027.90, 10.31, 501, 753, 1010, 1234, 1348, 1441, 1681, 1984, 7739, 3516, 18703.70, 11.54, 9.57
13:02:49, 1028.00, 10.31, 512, 771, 1033, 1265, 1360, 1458, 1698, 2002, 7737, 3457, 18719.82, 11.53, 9.57
13:02:49, 1028.00, 10.31, 505, 758, 1017, 1242, 1345, 1443, 1681, 1984, 7719, 3528, 18735.96, 11.51, 9.57
13:02:50, 1027.90, 10.30, 510, 769, 1032, 1258, 1344, 1437, 1680, 1973, 7923, 3624, 18735.96, 11.51, 9.56
13:02:50, 1027.90, 10.30, 506, 759, 1021, 1244, 1340, 1441, 1681, 1977, 8008, 3663, 18735.96, 11.51, 9.56
13:02:51, 1027.90, 10.30, 501, 756, 1013, 1233, 1317, 1411, 1649, 1944, 7888, 3682, 18703.70, 11.54, 9.57
13:02:51, 1027.90, 10.30, 500, 748, 1008, 1225, 1320, 1423, 1656, 1949, 7865, 3618, 18752.11, 11.49, 9.57
13:02:51, 1028.20, 10.29, 498, 743, 1001, 1219, 1303, 1400, 1626, 1916, 7677, 3504, 18752.11, 11.49, 9.57
13:02:52, 1027.50, 10.29, 508, 749, 1015, 1231, 1328, 1421, 1654, 1947, 7573, 3374, 18703.70, 11.54, 9.56
13:02:52, 1027.80, 10.29, 508, 760, 1017, 1250, 1340, 1445, 1670, 1985, 7271, 3269, 18735.96, 11.51, 9.56
13:02:53, 1027.90, 10.29, 502, 754, 1006, 1236, 1321, 1428, 1646, 1959, 6964, 3125, 18719.82, 11.53, 9.57
13:02:53, 1027.70, 10.29, 502, 753, 1006, 1235, 1335, 1439, 1658, 1980, 6909, 3091, 18752.11, 11.49, 9.57
13:02:54, 1027.70, 10.29, 500, 737, 996, 1216, 1315, 1415, 1645, 1943, 6860, 3095, 18752.11, 11.49, 9.57
13:02:54, 1027.70, 10.29, 502, 753, 1006, 1235, 1330, 1437, 1655, 1974, 6821, 3045, 18735.96, 11.51, 9.56
13:02:54, 1027.70, 10.29, 505, 758, 1011, 1241, 1335, 1443, 1662, 1981, 6915, 3093, 18768.28, 11.47, 9.56
13:02:55, 1027.40, 10.29, 506, 760, 1014, 1245, 1342, 1451, 1673, 1992, 7016, 3142, 18752.11, 11.49, 9.56
13:02:55, 1027.60, 10.29, 509, 764, 1019, 1252, 1339, 1449, 1670, 1988, 6964, 3115, 18752.11, 11.49, 9.56
13:02:56, 1027.70, 10.29, 506, 760, 1013, 1244, 1340, 1449, 1669, 1988, 6895, 3081, 18768.28, 11.47, 9.56
13:02:56, 1027.70, 10.29, 507, 761, 1015, 1246, 1343, 1452, 1671, 1993, 6913, 3093, 18784.47, 11.46, 9.56
13:02:56, 1027.50, 10.29, 507, 763, 1017, 1249, 1346, 1455, 1677, 1999, 6991, 3133, 18784.47, 11.46, 9.56
13:02:57, 1027.50, 10.29, 508, 764, 1018, 1251, 1346, 1456, 1679, 1999, 7066, 3172, 18719.82, 11.53, 9.57
13:02:57, 1027.70, 10.29, 509, 766, 1020, 1253, 1341, 1453, 1676, 1993, 7121, 3203, 18784.47, 11.46, 9.57
13:02:58, 1027.60, 10.29, 509, 765, 1018, 1252, 1346, 1455, 1681, 1999, 7170, 3228, 18784.47, 11.46, 9.57
13:02:58, 1027.80, 10.29, 506, 760, 1012, 1245, 1333, 1441, 1661, 1982, 7008, 3155, 18816.90, 11.42, 9.56
13:02:58, 1028.00, 10.29, 506, 757, 1011, 1241, 1334, 1445, 1661, 1985, 6875, 3078, 18768.28, 11.47, 9.56
13:02:59, 1028.30, 10.29, 505, 759, 1011, 1242, 1330, 1436, 1652, 1977, 6931, 3120, 18768.28, 11.47, 9.57
13:02:59, 1028.30, 10.29, 507, 760, 1014, 1244, 1416, 1505, 1753, 2072, 8087, 3603, 18784.47, 11.46, 9.57
13:03:00, 1028.30, 10.28, 510, 766, 1028, 1255, 1368, 1471, 1694, 2027, 7185, 3098, 18784.47, 11.46, 9.57
13:03:00, 1028.50, 10.29, 514, 772, 1033, 1265, 1361, 1467, 1680, 2021, 6979, 3051, 18784.47, 11.46, 9.57
13:03:01, 1028.20, 10.29, 511, 769, 1028, 1260, 1373, 1480, 1697, 2037, 6846, 2934, 18816.90, 11.42, 9.57
13:03:01, 1027.90, 10.29, 515, 775, 1036, 1269, 1363, 1472, 1689, 2024, 6696, 2879, 18800.68, 11.44, 9.57
13:03:01, 1028.10, 10.28, 523, 784, 1051, 1285, 1363, 1474, 1689, 2026, 6770, 2925, 18816.90, 11.42, 9.57
13:03:02, 1028.00, 10.29, 515, 775, 1036, 1271, 1372, 1479, 1697, 2036, 6995, 3033, 18768.28, 11.47, 9.57
13:03:02, 1027.90, 10.29, 514, 773, 1033, 1268, 1368, 1472, 1695, 2027, 7214, 3169, 18768.28, 11.47, 9.56
13:03:03, 1028.00, 10.29, 516, 778, 1040, 1272, 1375, 1476, 1703, 2034, 7414, 3244, 18784.47, 11.46, 9.56
13:03:03, 1028.20, 10.29, 514, 775, 1036, 1268, 1363, 1462, 1688, 2015, 7427, 3302, 18833.15, 11.40, 9.56
13:03:03, 1028.30, 10.29, 514, 771, 1035, 1264, 1372, 1472, 1697, 2031, 7276, 3150, 18833.15, 11.40, 9.56
13:03:04, 1028.30, 10.29, 513, 771, 1032, 1263, 1385, 1490, 1709, 2056, 7121, 3073, 18784.47, 11.46, 9.56
13:03:04, 1028.40, 10.29, 513, 771, 1033, 1265, 1363, 1474, 1687, 2027, 6805, 2901, 18816.90, 11.42, 9.57
13:03:05, 1028.30, 10.29, 510, 762, 1024, 1253, 1403, 1511, 1731, 2082, 6924, 2941, 18833.15, 11.40, 9.57
13:03:05, 1028.40, 10.29, 507, 761, 1021, 1249, 1363, 1471, 1682, 2026, 6881, 2923, 18816.90, 11.42, 9.58
13:03:05, 1028.30, 10.29, 515, 771, 1034, 1266, 1370, 1478, 1690, 2037, 6882, 2943, 18833.15, 11.40, 9.58
13:03:06, 1028.30, 10.29, 514, 772, 1034, 1265, 1375, 1484, 1694, 2043, 6987, 3026, 18816.90, 11.42, 9.58
13:03:06, 1027.90, 10.29, 512, 770, 1031, 1261, 1372, 1484, 1696, 2042, 6815, 2913, 18800.68, 11.44, 9.57
13:03:07, 1027.70, 10.29, 517, 781, 1041, 1279, 1383, 1497, 1710, 2058, 6792, 2944, 18816.90, 11.42, 9.57
13:03:07, 1028.00, 10.28, 523, 786, 1048, 1284, 1377, 1490, 1698, 2055, 6781, 3010, 18833.15, 11.40, 9.58
13:03:08, 1027.90, 10.28, 522, 784, 1052, 1285, 1363, 1476, 1686, 2030, 6512, 2725, 18849.41, 11.39, 9.58
13:03:08, 1028.40, 10.28, 515, 771, 1034, 1265, 1363, 1475, 1680, 2030, 6718, 2890, 18833.15, 11.40, 9.58
13:03:08, 1028.40, 10.28, 514, 771, 1034, 1265, 1361, 1472, 1677, 2026, 6706, 2858, 18865.69, 11.37, 9.57
13:03:09, 1028.90, 10.28, 519, 773, 1047, 1268, 1368, 1479, 1682, 2040, 6749, 2844, 18833.15, 11.40, 9.57
13:03:09, 1028.70, 10.28, 512, 766, 1035, 1256, 1379, 1488, 1694, 2055, 6755, 2775, 18833.15, 11.40, 9.57
13:03:10, 1028.70, 10.24, 514, 771, 1037, 1265, 1350, 1462, 1660, 2017, 6154, 2503, 18865.69, 11.37, 9.57
13:03:10, 1028.60, 10.24, 513, 772, 1037, 1267, 1340, 1456, 1651, 2002, 6132, 2500, 18849.41, 11.39, 9.57
13:03:10, 1028.90, 10.24, 496, 749, 1004, 1233, 1379, 1493, 1702, 2055, 6162, 2399, 18849.41, 11.39, 9.56
13:03:11, 1029.00, 10.24, 511, 774, 1037, 1275, 1360, 1473, 1674, 2029, 6142, 2447, 18865.69, 11.37, 9.56
13:03:11, 1028.70, 10.24, 508, 769, 1032, 1266, 1389, 1508, 1704, 2081, 6240, 2495, 18865.69, 11.37, 9.57
13:03:12, 1028.60, 10.24, 512, 775, 1038, 1272, 1411, 1531, 1725, 2115, 6200, 2496, 18865.69, 11.37, 9.57
13:03:12, 1028.40, 10.24, 513, 777, 1042, 1275, 1402, 1523, 1722, 2103, 6097, 2469, 18849.41, 11.39, 9.57
13:03:12, 1028.30, 10.24, 520, 785, 1053, 1288, 1401, 1523, 1723, 2101, 6090, 2498, 18833.15, 11.40, 9.55
13:03:13, 1028.40, 10.24, 520, 782, 1050, 1287, 1381, 1500, 1704, 2067, 6002, 2471, 18881.99, 11.35, 9.55
13:03:13, 1028.30, 10.24, 529, 795, 1068, 1302, 1390, 1512, 1714, 2081, 6188, 2573, 18865.69, 11.37, 9.56
13:03:14, 1028.10, 10.24, 525, 791, 1061, 1297, 1372, 1492, 1694, 2051, 6208, 2640, 18881.99, 11.35, 9.56
13:03:14, 1028.00, 10.24, 524, 789, 1057, 1292, 1439, 1555, 1763, 2151, 6802, 2899, 18865.69, 11.37, 9.56
13:03:15, 1028.30, 10.24, 529, 798, 1070, 1304, 1399, 1516, 1722, 2091, 6676, 2872, 18914.64, 11.31, 9.56
13:03:15, 1028.00, 10.24, 522, 783, 1054, 1282, 1429, 1538, 1755, 2128, 7057, 3052, 18865.69, 11.37, 9.56
13:03:15, 1028.40, 10.24, 532, 799, 1074, 1305, 1418, 1524, 1742, 2109, 7122, 3098, 18898.30, 11.33, 9.56
13:03:16, 1028.20, 10.24, 530, 798, 1074, 1304, 1412, 1521, 1738, 2100, 7068, 3049, 18865.69, 11.37, 9.56
13:03:16, 1028.00, 10.24, 528, 792, 1066, 1296, 1408, 1517, 1732, 2095, 7022, 3024, 18752.11, 11.49, 9.56
13:03:17, 1028.30, 10.23, 531, 796, 1071, 1303, 1417, 1525, 1743, 2109, 7104, 3083, 18865.69, 11.37, 9.56
13:03:17, 1028.40, 10.23, 532, 802, 1076, 1309, 1424, 1529, 1750, 2117, 7180, 3089, 18881.99, 11.35, 9.56
13:03:17, 1028.20, 10.23, 535, 811, 1087, 1322, 1432, 1536, 1760, 2128, 7192, 3140, 18881.99, 11.35, 9.57
13:03:18, 1028.20, 10.23, 537, 812, 1091, 1324, 1428, 1537, 1752, 2127, 6995, 3006, 18849.41, 11.39, 9.57
13:03:18, 1028.20, 10.23, 547, 824, 1111, 1341, 1437, 1554, 1761, 2150, 6739, 2877, 18881.99, 11.35, 9.57
13:03:19, 1028.10, 10.23, 542, 819, 1101, 1335, 1422, 1545, 1743, 2134, 6370, 2673, 18914.64, 11.31, 9.56
13:03:19, 1028.10, 10.23, 537, 808, 1087, 1322, 1393, 1517, 1714, 2090, 6006, 2491, 18914.64, 11.31, 9.56
13:03:19, 1028.20, 10.23, 534, 807, 1084, 1323, 1414, 1540, 1737, 2124, 6175, 2599, 18914.64, 11.31, 9.56
13:03:20, 1028.30, 10.23, 547, 826, 1113, 1345, 1352, 1464, 1667, 2023, 5877, 2439, 18931.00, 11.30, 9.56
13:03:20, 1028.30, 10.23, 538, 813, 1091, 1329, 1414, 1533, 1733, 2117, 6577, 2790, 18914.64, 11.31, 9.56
13:03:21, 1028.40, 10.23, 532, 804, 1080, 1312, 1473, 1576, 1798, 2187, 7427, 3210, 18914.64, 11.31, 9.56
13:03:21, 1028.00, 10.23, 533, 808, 1085, 1318, 1448, 1557, 1778, 2155, 7180, 3091, 18914.64, 11.31, 9.56
13:03:22, 1028.30, 10.23, 542, 817, 1101, 1331, 1446, 1550, 1774, 2145, 7334, 3223, 18914.64, 11.31, 9.56
13:03:22, 1028.30, 10.23, 545, 820, 1107, 1336, 1448, 1555, 1775, 2153, 7173, 3101, 18881.99, 11.35, 9.56
13:03:22, 1028.20, 10.23, 539, 814, 1093, 1327, 1439, 1553, 1768, 2147, 6912, 2950, 18931.00, 11.30, 9.56
13:03:23, 1028.40, 10.22, 543, 818, 1102, 1334, 1476, 1588, 1801, 2205, 6976, 2903, 18881.99, 11.35, 9.56
13:03:23, 1028.40, 10.22, 540, 814, 1099, 1326, 1423, 1538, 1742, 2130, 6637, 2785, 18947.37, 11.28, 9.56
13:03:24, 1028.30, 10.23, 545, 823, 1111, 1338, 1454, 1567, 1776, 2174, 6864, 2897, 18914.64, 11.31, 9.57
13:03:24, 1028.40, 10.23, 540, 816, 1101, 1327, 1471, 1580, 1796, 2193, 7009, 2993, 18931.00, 11.30, 9.57
13:03:24, 1028.30, 10.23, 553, 833, 1125, 1354, 1467, 1576, 1792, 2187, 7045, 3012, 18914.64, 11.31, 9.57
13:03:25, 1028.20, 10.23, 553, 832, 1126, 1352, 1463, 1575, 1788, 2185, 6917, 2913, 18898.30, 11.33, 9.57
13:03:25, 1027.80, 10.23, 549, 831, 1116, 1350, 1465, 1582, 1791, 2192, 6801, 2942, 18898.30, 11.33, 9.57
13:03:26, 1028.00, 10.23, 549, 827, 1114, 1345, 1459, 1577, 1783, 2186, 6609, 2841, 18931.00, 11.30, 9.57
13:03:26, 1028.10, 10.23, 551, 827, 1120, 1344, 1443, 1563, 1765, 2166, 6455, 2734, 18947.37, 11.28, 9.57
13:03:26, 1027.90, 10.23, 546, 828, 1114, 1349, 1467, 1587, 1791, 2203, 6495, 2734, 18914.64, 11.31, 9.57
13:03:27, 1028.20, 10.23, 551, 832, 1120, 1352, 1471, 1590, 1794, 2207, 6664, 2858, 18898.30, 11.33, 9.56
13:03:27, 1027.70, 10.23, 555, 841, 1131, 1364, 1473, 1589, 1797, 2206, 6752, 2891, 18898.30, 11.33, 9.56
13:03:28, 1028.10, 10.23, 555, 840, 1130, 1361, 1479, 1590, 1805, 2207, 7002, 3041, 18914.64, 11.31, 9.57
13:03:28, 1027.60, 10.23, 555, 843, 1132, 1367, 1482, 1594, 1817, 2212, 7031, 3037, 18931.00, 11.30, 9.57
13:03:29, 1027.70, 10.23, 556, 845, 1134, 1372, 1493, 1599, 1833, 2221, 7307, 3232, 18914.64, 11.31, 9.57
13:03:29, 1027.70, 10.23, 551, 838, 1125, 1357, 1467, 1568, 1803, 2181, 7334, 3282, 18931.00, 11.30, 9.56
13:03:29, 1027.90, 10.23, 563, 856, 1151, 1390, 1497, 1598, 1844, 2218, 7575, 3349, 18914.64, 11.31, 9.56
13:03:30, 1027.80, 10.23, 553, 841, 1130, 1365, 1475, 1572, 1820, 2186, 7564, 3390, 18980.17, 11.24, 9.56
13:03:30, 1027.80, 10.23, 556, 847, 1139, 1375, 1501, 1594, 1855, 2216, 7826, 3493, 18963.76, 11.26, 9.56
13:03:31, 1027.70, 10.22, 553, 847, 1139, 1372, 1505, 1593, 1864, 2218, 7992, 3568, 18914.64, 11.31, 9.56
13:03:31, 1027.50, 10.22, 548, 844, 1131, 1366, 1487, 1565, 1847, 2190, 8132, 3700, 18963.76, 11.26, 9.56
13:03:31, 1028.00, 10.22, 547, 847, 1135, 1371, 1500, 1580, 1868, 2213, 8272, 3761, 18947.37, 11.28, 9.56
13:03:32, 1027.90, 10.22, 538, 833, 1115, 1346, 1476, 1559, 1830, 2174, 8341, 3773, 18914.64, 11.31, 9.57
13:03:32, 1027.70, 10.22, 542, 835, 1119, 1352, 1472, 1550, 1826, 2168, 8101, 3688, 18931.00, 11.30, 9.57
13:03:33, 1027.80, 10.22, 533, 804, 1089, 1312, 1464, 1554, 1815, 2159, 7905, 3561, 18947.37, 11.28, 9.57
13:03:33, 1027.80, 10.22, 543, 830, 1118, 1345, 1470, 1558, 1818, 2169, 7733, 3492, 18931.00, 11.30, 9.57
13:03:33, 1027.70, 10.22, 529, 788, 1075, 1294, 1453, 1542, 1801, 2137, 7731, 3495, 18931.00, 11.30, 9.57
13:03:34, 1027.70, 10.21, 544, 831, 1118, 1348, 1481, 1570, 1831, 2185, 7692, 3471, 18980.17, 11.24, 9.57
13:03:34, 1027.70, 10.21, 546, 837, 1123, 1354, 1491, 1579, 1846, 2203, 7763, 3507, 18963.76, 11.26, 9.57
13:03:35, 1027.70, 10.21, 547, 841, 1129, 1360, 1496, 1581, 1856, 2210, 7900, 3586, 18947.37, 11.28, 9.57
13:03:35, 1027.60, 10.21, 549, 846, 1135, 1367, 1504, 1589, 1867, 2224, 7965, 3620, 18963.76, 11.26, 9.57
13:03:36, 1027.50, 10.21, 549, 848, 1137, 1370, 1507, 1586, 1872, 2224, 8073, 3684, 18996.60, 11.23, 9.57
13:03:36, 1027.90, 10.21, 549, 849, 1137, 1371, 1505, 1587, 1873, 2226, 8082, 3684, 18963.76, 11.26, 9.57
13:03:36, 1027.60, 10.21, 548, 849, 1138, 1372, 1507, 1589, 1876, 2228, 8077, 3681, 19029.51, 11.19, 9.57
13:03:37, 1027.30, 10.21, 550, 849, 1137, 1371, 1510, 1595, 1874, 2233, 7929, 3596, 18963.76, 11.26, 9.57
13:03:37, 1027.30, 10.21, 554, 852, 1141, 1375, 1504, 1595, 1860, 2226, 7658, 3444, 18980.17, 11.24, 9.57
13:03:38, 1027.30, 10.20, 553, 847, 1136, 1367, 1499, 1596, 1837, 2230, 7210, 3214, 18996.60, 11.23, 9.57
13:03:38, 1027.10, 10.20, 554, 846, 1135, 1360, 1481, 1588, 1806, 2222, 6745, 2964, 18980.17, 11.24, 9.57
13:03:38, 1027.20, 10.20, 552, 839, 1126, 1347, 1459, 1575, 1773, 2198, 6321, 2738, 19013.05, 11.21, 9.57
13:03:39, 1027.10, 10.20, 547, 827, 1111, 1336, 1438, 1561, 1750, 2172, 5992, 2582, 18963.76, 11.26, 9.57
13:03:39, 1027.30, 10.20, 541, 817, 1095, 1323, 1417, 1542, 1729, 2142, 5732, 2463, 19013.05, 11.21, 9.56
13:03:40, 1027.10, 10.21, 536, 809, 1082, 1313, 1409, 1535, 1721, 2128, 5632, 2407, 18963.76, 11.26, 9.56
13:03:40, 1027.10, 10.21, 535, 807, 1080, 1311, 1407, 1535, 1720, 2127, 5618, 2398, 19013.05, 11.21, 9.56
13:03:40, 1026.90, 10.21, 536, 808, 1081, 1312, 1409, 1536, 1720, 2129, 5660, 2425, 18996.60, 11.23, 9.56
13:03:41, 1026.90, 10.21, 537, 811, 1086, 1316, 1418, 1544, 1729, 2143, 5802, 2499, 19013.05, 11.21, 9.56
13:03:41, 1027.10, 10.21, 541, 817, 1097, 1322, 1431, 1553, 1741, 2160, 6047, 2612, 18980.17, 11.24, 9.55
13:03:42, 1027.50, 10.21, 544, 826, 1110, 1328, 1447, 1560, 1758, 2175, 6364, 2765, 18996.60, 11.23, 9.55
13:03:42, 1027.70, 10.21, 546, 832, 1118, 1334, 1464, 1567, 1785, 2189, 6734, 2957, 18980.17, 11.24, 9.56
13:03:43, 1028.20, 10.21, 547, 836, 1124, 1342, 1490, 1578, 1818, 2208, 7267, 3244, 18980.17, 11.24, 9.56
13:03:43, 1028.20, 10.21, 562, 856, 1167, 1380, 1491, 1578, 1823, 2197, 7446, 3181, 19013.05, 11.21, 9.56
13:03:43, 1028.20, 10.21, 551, 843, 1140, 1362, 1508, 1594, 1842, 2224, 7458, 3245, 18996.60, 11.23, 9.55
13:03:44, 1027.90, 10.21, 551, 843, 1139, 1360, 1501, 1591, 1831, 2217, 7314, 3150, 18996.60, 11.23, 9.55
13:03:44, 1027.90, 10.21, 555, 846, 1143, 1363, 1501, 1593, 1829, 2219, 7306, 3188, 18996.60, 11.23, 9.56
13:03:45, 1027.90, 10.21, 555, 840, 1141, 1352, 1492, 1587, 1813, 2209, 7182, 3131, 19029.51, 11.19, 9.56
13:03:45, 1027.70, 10.21, 555, 845, 1140, 1361, 1499, 1597, 1823, 2224, 7084, 3020, 19045.99, 11.17, 9.56
13:03:45, 1027.70, 10.21, 553, 842, 1136, 1354, 1481, 1580, 1802, 2202, 7015, 3072, 19013.05, 11.21, 9.56
13:03:46, 1027.60, 10.21, 545, 832, 1120, 1335, 1468, 1566, 1789, 2185, 6967, 3065, 19013.05, 11.21, 9.56
13:03:46, 1027.60, 10.21, 544, 831, 1118, 1334, 1464, 1558, 1785, 2177, 6999, 3088, 18996.60, 11.23, 9.57
13:03:47, 1027.70, 10.21, 541, 826, 1114, 1327, 1459, 1551, 1781, 2167, 7039, 3118, 18996.60, 11.23, 9.57
13:03:47, 1027.80, 10.21, 540, 825, 1112, 1325, 1463, 1556, 1784, 2174, 7029, 3114, 19045.99, 11.17, 9.57
13:03:47, 1027.70, 10.21, 543, 828, 1115, 1328, 1461, 1557, 1781, 2174, 6995, 3095, 18996.60, 11.23, 9.56
13:03:48, 1027.40, 10.21, 544, 829, 1117, 1329, 1462, 1560, 1781, 2177, 6937, 3056, 18996.60, 11.23, 9.56
13:03:48, 1027.10, 10.21, 545, 830, 1117, 1331, 1461, 1559, 1781, 2176, 6927, 3051, 18963.76, 11.26, 9.56
13:03:49, 1026.80, 10.21, 545, 832, 1119, 1334, 1473, 1570, 1796, 2192, 7024, 3099, 18996.60, 11.23, 9.56
13:03:49, 1026.20, 10.21, 548, 838, 1125, 1346, 1466, 1563, 1790, 2181, 7013, 3094, 19029.51, 11.19, 9.56
13:03:50, 1025.80, 10.21, 530, 808, 1090, 1300, 1408, 1490, 1726, 2082, 6817, 3062, 19029.51, 11.19, 9.57
13:03:50, 1026.10, 10.21, 512, 786, 1055, 1268, 1385, 1465, 1706, 2052, 6968, 3144, 19045.99, 11.17, 9.57
13:03:50, 1027.00, 10.21, 501, 771, 1035, 1245, 1365, 1446, 1697, 2026, 7462, 3382, 19062.50, 11.16, 9.57
13:03:51, 1027.60, 10.21, 501, 778, 1046, 1254, 1382, 1460, 1728, 2049, 7804, 3561, 19013.05, 11.21, 9.57
13:03:51, 1029.70, 10.21, 493, 765, 1026, 1237, 1228, 1286, 1523, 1801, 6804, 2955, 19013.05, 11.21, 9.57
13:03:52, 1029.30, 10.21, 460, 708, 956, 1151, 1308, 1379, 1592, 1917, 6691, 2659, 19029.51, 11.19, 9.56
13:03:52, 1028.90, 10.21, 413, 649, 864, 1061, 1252, 1364, 1516, 1876, 5293, 1960, 18996.60, 11.23, 9.56
13:03:52, 1028.60, 10.20, 465, 705, 949, 1164, 1248, 1364, 1534, 1869, 4686, 1821, 19045.99, 11.17, 9.56
13:03:53, 1028.00, 10.20, 466, 716, 951, 1187, 1227, 1329, 1527, 1828, 4303, 1711, 19029.51, 11.19, 9.56
13:03:53, 1028.00, 10.21, 451, 690, 916, 1149, 1217, 1321, 1513, 1813, 4412, 1825, 19029.51, 11.19, 9.56
13:03:54, 1026.80, 10.20, 436, 660, 880, 1098, 1143, 1243, 1417, 1710, 3948, 1649, 19062.50, 11.16, 9.56
13:03:54, 1026.80, 10.21, 445, 667, 892, 1099, 1166, 1268, 1418, 1755, 4524, 1966, 19013.05, 11.21, 9.56
13:03:54, 1027.20, 10.20, 449, 676, 913, 1096, 1224, 1302, 1488, 1821, 5675, 2553, 19029.51, 11.19, 9.57
13:03:55, 1027.40, 10.20, 456, 704, 943, 1140, 1247, 1309, 1553, 1849, 6639, 3059, 19062.50, 11.16, 9.57
13:03:55, 1028.20, 10.21, 447, 703, 938, 1138, 1256, 1317, 1573, 1863, 7103, 3311, 19045.99, 11.17, 9.57
13:03:56, 1030.70, 10.20, 384, 615, 821, 1003, 1107, 1157, 1392, 1616, 6487, 2135, 19045.99, 11.17, 9.56
13:03:56, 1028.60, 10.20, 426, 677, 908, 1113, 1261, 1316, 1582, 1855, 6940, 3004, 19013.05, 11.21, 9.56
13:03:57, 1029.00, 10.20, 462, 729, 978, 1192, 1340, 1387, 1674, 1957, 7218, 3147, 19045.99, 11.17, 9.56
13:03:57, 1029.70, 10.20, 443, 692, 932, 1131, 1293, 1349, 1600, 1902, 6774, 2559, 19045.99, 11.17, 9.56
13:03:57, 1028.90, 10.20, 443, 680, 925, 1106, 1303, 1360, 1600, 1908, 6663, 2722, 19045.99, 11.17, 9.56
13:03:58, 1028.30, 10.20, 472, 715, 980, 1162, 1269, 1336, 1547, 1868, 6299, 2701, 19045.99, 11.17, 9.57
13:03:58, 1028.00, 10.20, 474, 720, 979, 1164, 1279, 1352, 1563, 1892, 6358, 2804, 19029.51, 11.19, 9.57
13:03:59, 1028.60, 10.20, 460, 706, 952, 1141, 1245, 1300, 1541, 1826, 6721, 3086, 19062.50, 11.16, 9.58
13:03:59, 1028.50, 10.20, 440, 691, 932, 1127, 1246, 1295, 1562, 1833, 6975, 3093, 19029.51, 11.19, 9.58
13:03:59, 1027.70, 10.20, 454, 717, 959, 1163, 1277, 1344, 1600, 1896, 7176, 3201, 19045.99, 11.17, 9.58
13:04:00, 1027.10, 10.20, 449, 714, 950, 1161, 1276, 1339, 1600, 1880, 7411, 3399, 19045.99, 11.17, 9.57
13:04:00, 1026.90, 10.20, 462, 733, 966, 1197, 1296, 1390, 1648, 1929, 7831, 3454, 19079.02, 11.14, 9.57
13:04:01, 1027.30, 10.20, 472, 735, 968, 1214, 1283, 1400, 1629, 1914, 8110, 3554, 19013.05, 11.21, 9.58
13:04:01, 1028.90, 10.20, 474, 729, 968, 1197, 1247, 1375, 1569, 1880, 7711, 3452, 19079.02, 11.14, 9.58
13:04:01, 1030.50, 10.20, 436, 662, 912, 1090, 1264, 1345, 1555, 1867, 6733, 2374, 19045.99, 11.17, 9.58
13:04:02, 1031.20, 10.20, 409, 647, 876, 1079, 1201, 1266, 1513, 1753, 5473, 1729, 19029.51, 11.19, 9.57
13:04:02, 1031.80, 10.20, 405, 644, 870, 1096, 1183, 1244, 1495, 1718, 4797, 1403, 19095.57, 11.12, 9.57
13:04:03, 1032.30, 10.20, 408, 638, 858, 1089, 1192, 1283, 1498, 1764, 4507, 1285, 19029.51, 11.19, 9.57
13:04:03, 1032.30, 10.20, 420, 649, 881, 1097, 1200, 1303, 1469, 1790, 4511, 1277, 19095.57, 11.12, 9.57
13:04:04, 1032.40, 10.20, 435, 667, 913, 1112, 1209, 1305, 1472, 1803, 4841, 1399, 19062.50, 11.16, 9.57
13:04:04, 1032.60, 10.20, 436, 671, 926, 1110, 1230, 1313, 1495, 1814, 5324, 1566, 19062.50, 11.16, 9.56
13:04:04, 1033.00, 10.20, 430, 668, 924, 1105, 1230, 1293, 1500, 1799, 5669, 1692, 19079.02, 11.14, 9.56
13:04:05, 1033.20, 10.20, 426, 667, 919, 1105, 1219, 1272, 1496, 1774, 5816, 1744, 19045.99, 11.17, 9.57
13:04:05, 1032.60, 10.20, 406, 639, 877, 1061, 1184, 1223, 1455, 1712, 5762, 1811, 19045.99, 11.17, 9.57
13:04:06, 1032.80, 10.20, 404, 631, 867, 1044, 1136, 1184, 1397, 1653, 5446, 1716, 19062.50, 11.16, 9.56
13:04:06, 1032.80, 10.20, 401, 621, 864, 1036, 1167, 1210, 1427, 1689, 5544, 1735, 19062.50, 11.16, 9.56
13:04:06, 1032.90, 10.20, 403, 617, 856, 1026, 1146, 1223, 1390, 1690, 4826, 1411, 19079.02, 11.14, 9.56
13:04:07, 1033.20, 10.20, 409, 618, 858, 1027, 1129, 1214, 1366, 1678, 4491, 1313, 19112.12, 11.10, 9.56
13:04:07, 1034.20, 10.20, 387, 597, 821, 1016, 1117, 1208, 1353, 1647, 4274, 1083, 19079.02, 11.14, 9.56
13:04:08, 1033.80, 10.19, 386, 594, 817, 1010, 1092, 1188, 1338, 1621, 3966, 1024, 19062.50, 11.16, 9.56
13:04:08, 1032.20, 10.19, 405, 621, 851, 1050, 1099, 1198, 1345, 1638, 4015, 1139, 19062.50, 11.16, 9.56
13:04:08, 1032.90, 10.19, 407, 627, 853, 1055, 1129, 1227, 1375, 1675, 4304, 1221, 19062.50, 11.16, 9.56
13:04:09, 1034.50, 10.19, 385, 594, 813, 1010, 1077, 1165, 1310, 1589, 3981, 1000, 19079.02, 11.14, 9.55
13:04:09, 1035.80, 10.19, 375, 575, 794, 983, 1068, 1154, 1302, 1574, 3900, 938, 19095.57, 11.12, 9.55
13:04:10, 1036.50, 10.19, 367, 567, 783, 979, 1059, 1143, 1303, 1556, 3775, 856, 19095.57, 11.12, 9.55
13:04:10, 1037.40, 10.19, 361, 563, 774, 980, 1057, 1135, 1312, 1544, 3665, 785, 19145.30, 11.07, 9.55
13:04:11, 1038.30, 10.19, 355, 555, 765, 971, 1060, 1139, 1319, 1543, 3657, 753, 19079.02, 11.14, 9.55
13:04:11, 1039.20, 10.19, 350, 551, 761, 970, 1036, 1111, 1285, 1504, 3485, 675, 19095.57, 11.12, 9.56
13:04:11, 1040.60, 10.19, 348, 547, 760, 962, 1036, 1115, 1270, 1509, 3646, 692, 19079.02, 11.14, 9.56
13:04:12, 1041.60, 10.19, 334, 524, 737, 923, 1021, 1095, 1233, 1480, 3678, 680, 19062.50, 11.16, 9.56
13:04:12, 1043.10, 10.19, 326, 511, 724, 900, 993, 1054, 1191, 1432, 3584, 645, 19062.50, 11.16, 9.56
13:04:13, 1044.20, 10.19, 314, 495, 705, 873, 969, 1025, 1162, 1392, 3515, 615, 19095.57, 11.12, 9.56
13:04:13, 1045.30, 10.19, 302, 478, 684, 846, 941, 995, 1128, 1352, 3363, 570, 19145.30, 11.07, 9.56
13:04:13, 1046.60, 10.19, 297, 471, 675, 840, 938, 994, 1125, 1346, 3283, 528, 19062.50, 11.16, 9.56
13:04:14, 1047.60, 10.19, 290, 461, 661, 828, 934, 992, 1120, 1337, 3162, 478, 19112.12, 11.10, 9.56
13:04:14, 1048.60, 10.19, 296, 471, 677, 850, 938, 998, 1125, 1345, 3158, 456, 19112.12, 11.10, 9.56
13:04:15, 1049.80, 10.18, 291, 463, 667, 840, 935, 998, 1123, 1337, 3204, 445, 19128.70, 11.08, 9.56
13:04:15, 1050.70, 10.18, 284, 453, 655, 826, 915, 977, 1098, 1308, 3151, 426, 19112.12, 11.10, 9.55
13:04:15, 1052.00, 10.18, 275, 440, 638, 803, 894, 952, 1067, 1271, 3069, 404, 19095.57, 11.12, 9.55
13:04:16, 1053.20, 10.18, 266, 425, 620, 779, 890, 944, 1061, 1261, 3142, 411, 19062.50, 11.16, 9.55
13:04:16, 1054.20, 10.18, 255, 410, 601, 757, 870, 920, 1037, 1225, 2995, 382, 19095.57, 11.12, 9.55
13:04:17, 1055.10, 10.18, 250, 402, 590, 746, 848, 895, 1009, 1190, 2801, 347, 19128.70, 11.08, 9.55
13:04:17, 1056.60, 10.18, 247, 400, 588, 746, 837, 884, 996, 1171, 2691, 319, 19145.30, 11.07, 9.55
13:04:18, 1057.30, 10.18, 245, 399, 588, 747, 834, 881, 993, 1164, 2649, 304, 19095.57, 11.12, 9.55
13:04:18, 1058.50, 10.18, 242, 394, 582, 742, 834, 882, 991, 1162, 2673, 297, 19145.30, 11.07, 9.55
13:04:18, 1059.60, 10.18, 239, 391, 579, 739, 828, 877, 984, 1152, 2649, 286, 19095.57, 11.12, 9.55
13:04:19, 1060.70, 10.18, 235, 384, 570, 729, 817, 868, 969, 1133, 2593, 271, 19128.70, 11.08, 9.55
13:04:19, 1061.40, 10.18, 230, 376, 559, 719, 805, 855, 955, 1114, 2526, 258, 19112.12, 11.10, 9.55
13:04:20, 1062.60, 10.18, 225, 370, 551, 708, 796, 847, 943, 1102, 2529, 254, 19079.02, 11.14, 9.55
13:04:20, 1063.60, 10.18, 221, 364, 543, 697, 786, 835, 930, 1087, 2495, 245, 19095.57, 11.12, 9.55
13:04:20, 1064.80, 10.18, 211, 349, 522, 674, 759, 806, 898, 1045, 2283, 217, 19145.30, 11.07, 9.55
13:04:21, 1066.50, 10.18, 206, 340, 510, 663, 748, 793, 885, 1024, 2200, 201, 19145.30, 11.07, 9.55
13:04:21, 1068.00, 10.18, 201, 333, 501, 655, 743, 789, 885, 1011, 2173, 191, 19145.30, 11.07, 9.54
13:04:22, 1069.20, 10.17, 198, 330, 497, 655, 742, 785, 891, 1003, 2156, 184, 19128.70, 11.08, 9.54
13:04:22, 1069.90, 10.17, 196, 329, 495, 657, 739, 781, 888, 995, 2109, 175, 19095.57, 11.12, 9.53
13:04:22, 1071.10, 10.17, 197, 331, 499, 659, 748, 792, 891, 1009, 2228, 184, 19112.12, 11.10, 9.53
13:04:23, 1072.00, 10.17, 191, 321, 487, 641, 732, 778, 862, 990, 2155, 176, 19112.12, 11.10, 9.53
13:04:23, 1072.60, 10.17, 191, 322, 490, 639, 722, 763, 844, 974, 2165, 179, 19145.30, 11.07, 9.52
13:04:24, 1073.20, 10.17, 191, 322, 493, 637, 728, 764, 851, 978, 2312, 195, 19161.92, 11.05, 9.52
13:04:24, 1074.30, 10.17, 188, 318, 489, 630, 728, 761, 848, 973, 2367, 197, 19161.92, 11.05, 9.52
13:04:25, 1075.00, 10.16, 185, 314, 483, 625, 728, 762, 847, 972, 2346, 193, 19128.70, 11.08, 9.52
13:04:25, 1075.80, 10.16, 182, 307, 474, 616, 711, 747, 828, 947, 2159, 172, 19128.70, 11.08, 9.52
13:04:25, 1076.70, 10.16, 182, 307, 475, 620, 706, 744, 823, 942, 2108, 165, 19145.30, 11.07, 9.52
13:04:26, 1078.40, 10.16, 176, 300, 463, 607, 691, 729, 804, 919, 2008, 154, 19112.12, 11.10, 9.52
13:04:26, 1079.60, 10.16, 172, 293, 454, 597, 669, 706, 778, 886, 1899, 142, 19145.30, 11.07, 9.52
13:04:27, 1080.90, 10.15, 167, 285, 443, 581, 662, 698, 767, 874, 1932, 142, 19112.12, 11.10, 9.52
13:04:27, 1082.20, 10.15, 159, 273, 426, 559, 647, 682, 748, 853, 1908, 139, 19145.30, 11.07, 9.52
13:04:27, 1083.90, 10.15, 153, 263, 412, 542, 622, 655, 718, 817, 1781, 128, 19161.92, 11.05, 9.52
13:04:28, 1084.90, 10.14, 148, 254, 399, 528, 603, 636, 696, 790, 1671, 118, 19145.30, 11.07, 9.52
13:04:28, 1086.20, 10.14, 143, 246, 386, 516, 591, 625, 683, 771, 1580, 109, 19145.30, 11.07, 9.52
13:04:29, 1087.70, 10.14, 138, 239, 376, 507, 583, 615, 676, 754, 1515, 102, 19145.30, 11.07, 9.52
13:04:29, 1089.30, 10.14, 135, 234, 370, 500, 576, 605, 669, 740, 1463, 97, 19145.30, 11.07, 9.52
13:04:29, 1090.50, 10.14, 132, 229, 364, 492, 568, 598, 657, 728, 1439, 94, 19128.70, 11.08, 9.50
13:04:30, 1091.80, 10.14, 131, 228, 362, 489, 560, 591, 642, 719, 1458, 96, 19128.70, 11.08, 9.50
13:04:30, 1092.90, 10.14, 128, 223, 355, 477, 560, 588, 637, 717, 1530, 101, 19128.70, 11.08, 9.49
13:04:31, 1093.90, 10.14, 126, 219, 352, 470, 555, 578, 629, 707, 1558, 104, 19178.55, 11.03, 9.49
13:04:31, 1094.70, 10.14, 124, 216, 347, 464, 546, 567, 618, 693, 1534, 102, 19161.92, 11.05, 9.49
13:04:32, 1096.30, 10.14, 121, 210, 339, 453, 523, 542, 592, 659, 1385, 90, 19178.55, 11.03, 9.48
13:04:32, 1098.10, 10.14, 121, 211, 340, 456, 515, 537, 583, 648, 1305, 83, 19145.30, 11.07, 9.48
13:04:32, 1099.30, 10.13, 118, 207, 334, 452, 529, 555, 598, 665, 1385, 87, 19161.92, 11.05, 9.48
13:04:33, 1100.30, 10.13, 112, 197, 319, 434, 514, 539, 582, 643, 1282, 79, 19145.30, 11.07, 9.48
13:04:33, 1102.10, 10.13, 111, 194, 316, 430, 501, 524, 567, 623, 1220, 75, 19079.02, 11.14, 9.48
13:04:34, 1103.40, 10.13, 107, 188, 307, 420, 491, 514, 554, 609, 1198, 73, 19161.92, 11.05, 9.48
13:04:34, 1105.30, 10.12, 103, 182, 298, 407, 473, 494, 530, 583, 1143, 69, 19228.57, 10.98, 9.48
13:04:34, 1106.70, 10.12, 99, 175, 287, 392, 460, 480, 514, 566, 1111, 68, 19178.55, 11.03, 9.48
13:04:35, 1108.10, 10.12, 95, 167, 275, 377, 440, 458, 492, 539, 1023, 62, 19161.92, 11.05, 9.48
13:04:35, 1109.40, 10.12, 92, 163, 269, 370, 431, 448, 480, 524, 973, 58, 19178.55, 11.03, 9.48
13:04:36, 1111.20, 10.12, 89, 158, 262, 362, 427, 445, 476, 517, 952, 57, 19161.92, 11.05, 9.48
13:04:36, 1113.10, 10.12, 86, 152, 253, 351, 415, 431, 464, 499, 893, 53, 19228.57, 10.98, 9.48
13:04:36, 1115.70, 10.12, 85, 151, 252, 351, 410, 425, 457, 488, 877, 51, 19161.92, 11.05, 9.48
13:04:37, 1117.20, 10.11, 82, 145, 243, 340, 408, 423, 454, 483, 871, 50, 19145.30, 11.07, 9.48
13:04:37, 1118.10, 10.11, 82, 145, 244, 341, 408, 422, 451, 481, 874, 50, 19211.88, 11.00, 9.48
13:04:38, 1119.30, 10.12, 81, 144, 242, 337, 413, 427, 452, 488, 926, 54, 19195.21, 11.01, 9.48
13:04:38, 1121.10, 10.11, 81, 145, 244, 338, 405, 417, 442, 475, 912, 53, 19145.30, 11.07, 9.48
13:04:39, 1121.40, 10.11, 81, 145, 244, 338, 404, 416, 440, 473, 921, 54, 19195.21, 11.01, 9.47
13:04:39, 1122.90, 10.11, 80, 142, 241, 333, 394, 403, 427, 458, 883, 51, 19161.92, 11.05, 9.47
13:04:39, 1124.90, 10.11, 76, 137, 233, 322, 389, 398, 420, 449, 877, 51, 19178.55, 11.03, 9.47
13:04:40, 1126.90, 10.11, 73, 131, 223, 310, 368, 376, 398, 423, 786, 45, 19145.30, 11.07, 9.47
13:04:40, 1127.80, 10.10, 71, 127, 216, 303, 359, 368, 389, 412, 746, 43, 19161.92, 11.05, 9.47
13:04:41, 1129.70, 10.11, 69, 123, 211, 296, 354, 362, 382, 404, 727, 42, 19178.55, 11.03, 9.48
13:04:41, 1131.80, 10.10, 66, 118, 203, 287, 341, 348, 367, 387, 674, 39, 19178.55, 11.03, 9.48
13:04:41, 1134.20, 10.10, 64, 115, 199, 282, 337, 345, 362, 380, 662, 38, 19178.55, 11.03, 9.48
13:04:42, 1135.30, 10.10, 60, 109, 188, 269, 330, 338, 356, 371, 634, 36, 19178.55, 11.03, 9.47
13:04:42, 1135.50, 10.10, 60, 109, 189, 269, 318, 324, 343, 356, 595, 34, 19228.57, 10.98, 9.47
13:04:43, 1137.80, 10.11, 60, 107, 187, 265, 306, 311, 327, 340, 553, 32, 19128.70, 11.08, 9.48
13:04:43, 1140.00, 10.11, 59, 107, 186, 265, 315, 320, 335, 347, 591, 33, 19195.21, 11.01, 9.48
13:04:44, 1141.50, 10.11, 57, 104, 181, 259, 313, 319, 332, 343, 584, 33, 19228.57, 10.98, 9.48
13:04:44, 1142.70, 10.11, 55, 99, 174, 249, 305, 310, 324, 334, 555, 31, 19211.88, 11.00, 9.48
13:04:44, 1144.40, 10.10, 54, 97, 170, 245, 300, 305, 318, 326, 532, 30, 19145.30, 11.07, 9.48
13:04:45, 1145.20, 10.10, 54, 97, 170, 245, 297, 302, 314, 323, 527, 30, 19228.57, 10.98, 9.48
13:04:45, 1147.10, 10.10, 52, 94, 167, 240, 289, 293, 304, 312, 503, 28, 19228.57, 10.98, 9.48
13:04:46, 1149.10, 10.10, 51, 93, 165, 238, 285, 289, 299, 306, 495, 28, 19245.29, 10.96, 9.48
13:04:46, 1151.10, 10.10, 50, 91, 161, 233, 279, 282, 291, 297, 478, 27, 19161.92, 11.05, 9.48
13:04:46, 1153.50, 10.10, 49, 88, 158, 228, 277, 280, 288, 293, 478, 27, 19211.88, 11.00, 9.48
13:04:47, 1155.40, 10.10, 47, 86, 153, 223, 274, 277, 285, 288, 466, 26, 19211.88, 11.00, 9.48
13:04:47, 1157.20, 10.10, 47, 85, 153, 222, 271, 274, 282, 284, 456, 25, 19195.21, 11.01, 9.48
13:04:48, 1158.80, 10.10, 46, 84, 151, 219, 266, 269, 276, 277, 439, 24, 19228.57, 10.98, 9.48
13:04:48, 1160.50, 10.10, 46, 84, 151, 221, 265, 268, 274, 275, 441, 24, 19228.57, 10.98, 9.48
13:04:48, 1162.20, 10.10, 45, 82, 148, 216, 264, 265, 270, 271, 441, 24, 19228.57, 10.98, 9.48
13:04:49, 1163.90, 10.10, 45, 82, 148, 217, 260, 261, 266, 266, 435, 24, 19178.55, 11.03, 9.49
13:04:49, 1166.60, 10.10, 42, 77, 141, 205, 249, 250, 253, 252, 403, 22, 19228.57, 10.98, 9.49
13:04:50, 1169.00, 10.10, 43, 80, 146, 215, 257, 259, 261, 259, 438, 24, 19161.92, 11.05, 9.49
13:04:50, 1172.20, 10.10, 38, 70, 130, 190, 243, 244, 246, 242, 387, 21, 19211.88, 11.00, 9.48
13:04:51, 1175.80, 10.10, 41, 76, 139, 207, 233, 235, 235, 230, 370, 20, 19228.57, 10.98, 9.48
13:04:51, 1177.10, 10.10, 37, 69, 128, 191, 239, 242, 243, 235, 393, 21, 19245.29, 10.96, 9.49
13:04:51, 1177.10, 10.10, 38, 71, 133, 197, 240, 242, 243, 235, 395, 21, 19195.21, 11.01, 9.49
13:04:52, 1179.60, 10.10, 38, 71, 131, 196, 239, 240, 239, 232, 394, 21, 19228.57, 10.98, 9.49
13:04:52, 1181.70, 10.10, 38, 70, 129, 193, 246, 246, 244, 237, 415, 22, 19228.57, 10.98, 9.49
13:04:53, 1183.50, 10.10, 36, 67, 124, 185, 237, 237, 235, 229, 383, 21, 19228.57, 10.98, 9.49
13:04:53, 1187.00, 10.10, 36, 68, 127, 188, 221, 219, 218, 211, 337, 19, 19211.88, 11.00, 9.50
13:04:53, 1190.70, 10.10, 37, 70, 131, 196, 227, 226, 223, 214, 361, 20, 19161.92, 11.05, 9.50
13:04:54, 1194.70, 10.10, 36, 68, 128, 192, 232, 231, 226, 216, 385, 21, 19245.29, 10.96, 9.50
13:04:54, 1196.50, 10.10, 33, 62, 119, 178, 224, 222, 218, 206, 354, 19, 19245.29, 10.96, 9.49
13:04:55, 1198.20, 10.10, 34, 65, 124, 186, 224, 223, 217, 206, 362, 19, 19228.57, 10.98, 9.49
13:04:55, 1200.20, 10.10, 33, 62, 118, 179, 229, 227, 220, 209, 377, 20, 19245.29, 10.96, 9.49
13:04:55, 1201.50, 10.10, 32, 61, 117, 175, 221, 218, 212, 201, 348, 19, 19211.88, 11.00, 9.49
13:04:56, 1202.30, 10.10, 34, 64, 122, 184, 223, 219, 213, 202, 359, 20, 19262.02, 10.94, 9.49
13:04:56, 1203.50, 10.10, 34, 64, 121, 182, 225, 221, 214, 203, 376, 21, 19228.57, 10.98, 9.49
13:04:57, 1206.80, 10.10, 33, 63, 122, 182, 224, 219, 211, 200, 376, 21, 19228.57, 10.98, 9.49
13:04:57, 1210.80, 10.10, 32, 60, 116, 175, 221, 216, 207, 195, 363, 20, 19245.29, 10.96, 9.50
13:04:58, 1214.90, 10.10, 31, 59, 115, 173, 211, 207, 198, 184, 330, 18, 19228.57, 10.98, 9.50
13:04:58, 1217.00, 10.09, 31, 59, 114, 173, 214, 210, 201, 185, 341, 18, 19245.29, 10.96, 9.50
13:04:58, 1218.60, 10.10, 30, 57, 110, 170, 210, 206, 197, 181, 329, 18, 19178.55, 11.03, 9.51
13:04:59, 1219.90, 10.10, 30, 58, 112, 171, 207, 202, 193, 178, 317, 17, 19228.57, 10.98, 9.51
13:04:59, 1221.40, 10.10, 31, 59, 116, 176, 221, 214, 203, 188, 369, 20, 19211.88, 11.00, 9.52
13:05:00, 1222.90, 10.10, 29, 57, 111, 167, 216, 209, 199, 183, 368, 20, 19228.57, 10.98, 9.52
13:05:00, 1225.40, 10.10, 30, 57, 112, 169, 208, 200, 190, 175, 353, 19, 19245.29, 10.96, 9.52
13:05:00, 1228.20, 10.10, 30, 58, 113, 171, 212, 204, 192, 176, 368, 20, 19228.57, 10.98, 9.53
13:05:01, 1231.20, 10.10, 28, 55, 108, 164, 207, 199, 187, 171, 353, 19, 19245.29, 10.96, 9.53
13:05:01, 1233.90, 10.11, 27, 52, 104, 158, 199, 191, 180, 163, 325, 18, 19195.21, 11.01, 9.55
13:05:02, 1236.00, 10.10, 27, 53, 105, 160, 198, 190, 178, 161, 310, 17, 19245.29, 10.96, 9.55
13:05:02, 1238.20, 10.11, 27, 52, 103, 158, 196, 189, 176, 158, 301, 16, 19211.88, 11.00, 9.55
13:05:02, 1240.90, 10.11, 26, 51, 101, 155, 194, 187, 173, 155, 298, 16, 19262.02, 10.94, 9.55
13:05:03, 1243.60, 10.11, 26, 50, 99, 153, 192, 185, 170, 152, 291, 15, 19262.02, 10.94, 9.55
13:05:03, 1246.50, 10.11, 25, 48, 97, 150, 187, 180, 166, 147, 276, 15, 19228.57, 10.98, 9.56
13:05:04, 1247.90, 10.11, 25, 49, 98, 152, 186, 179, 164, 145, 273, 15, 19228.57, 10.98, 9.56
13:05:04, 1249.50, 10.11, 26, 50, 101, 155, 194, 185, 169, 150, 305, 16, 19262.02, 10.94, 9.56
13:05:05, 1251.70, 10.11, 25, 48, 96, 148, 195, 186, 169, 150, 317, 17, 19211.88, 11.00, 9.57
13:05:05, 1253.60, 10.12, 24, 47, 95, 146, 185, 176, 161, 142, 296, 16, 19245.29, 10.96, 9.57
13:05:05, 1255.70, 10.12, 24, 48, 97, 149, 179, 169, 155, 136, 278, 15, 19245.29, 10.96, 9.58
13:05:06, 1257.80, 10.12, 25, 49, 98, 151, 184, 174, 158, 139, 287, 15, 19228.57, 10.98, 9.58
13:05:06, 1259.90, 10.12, 24, 46, 94, 145, 182, 172, 156, 136, 277, 15, 19262.02, 10.94, 9.58
13:05:07, 1263.00, 10.12, 23, 46, 93, 144, 180, 170, 153, 133, 268, 14, 19211.88, 11.00, 9.57
13:05:07, 1266.00, 10.12, 22, 44, 89, 139, 176, 167, 149, 129, 260, 14, 19245.29, 10.96, 9.57
13:05:07, 1267.90, 10.12, 21, 42, 85, 135, 176, 167, 150, 129, 260, 14, 19245.29, 10.96, 9.58
13:05:08, 1270.50, 10.12, 21, 42, 85, 133, 164, 155, 139, 120, 227, 12, 19262.02, 10.94, 9.58
13:05:08, 1272.20, 10.12, 22, 45, 91, 143, 168, 158, 141, 121, 241, 13, 19228.57, 10.98, 9.58
13:05:09, 1274.10, 10.12, 22, 43, 89, 139, 173, 163, 145, 124, 262, 14, 19245.29, 10.96, 9.58
13:05:09, 1276.50, 10.12, 21, 42, 86, 135, 170, 159, 141, 121, 256, 14, 19262.02, 10.94, 9.58
13:05:09, 1278.70, 10.12, 21, 42, 86, 134, 168, 157, 138, 118, 253, 14, 19278.76, 10.92, 9.59
13:05:10, 1281.10, 10.12, 21, 41, 86, 134, 168, 157, 137, 117, 255, 14, 19278.76, 10.92, 9.59
13:05:10, 1285.70, 10.12, 20, 39, 81, 127, 161, 149, 130, 111, 234, 12, 19278.76, 10.92, 9.59
13:05:11, 1288.20, 10.13, 20, 40, 83, 130, 162, 151, 133, 111, 237, 13, 19295.53, 10.91, 9.59
13:05:11, 1290.80, 10.13, 19, 38, 79, 124, 157, 146, 127, 106, 221, 12, 19228.57, 10.98, 9.59
13:05:12, 1292.70, 10.13, 19, 38, 80, 127, 163, 152, 131, 109, 240, 13, 19262.02, 10.94, 9.59
13:05:12, 1294.20, 10.13, 18, 36, 76, 120, 157, 146, 127, 105, 222, 12, 19245.29, 10.96, 9.59
13:05:12, 1296.50, 10.13, 18, 36, 76, 120, 151, 141, 122, 101, 208, 11, 19228.57, 10.98, 9.59
13:05:13, 1299.30, 10.13, 18, 36, 77, 122, 154, 143, 123, 101, 215, 11, 19262.02, 10.94, 9.59
13:05:13, 1302.90, 10.12, 18, 36, 76, 121, 152, 141, 122, 99, 213, 11, 19262.02, 10.94, 9.59
13:05:14, 1305.20, 10.12, 18, 36, 75, 121, 154, 143, 122, 100, 219, 11, 19295.53, 10.91, 9.59
13:05:14, 1307.20, 10.13, 18, 35, 74, 119, 148, 137, 118, 95, 200, 10, 19262.02, 10.94, 9.59
13:05:14, 1309.10, 10.12, 18, 36, 77, 123, 151, 140, 119, 97, 208, 11, 19295.53, 10.91, 9.59
13:05:15, 1310.70, 10.12, 18, 36, 77, 123, 155, 143, 122, 98, 220, 11, 19262.02, 10.94, 9.59
13:05:15, 1312.10, 10.13, 18, 36, 77, 123, 156, 143, 121, 98, 223, 12, 19312.32, 10.89, 9.59
13:05:16, 1314.30, 10.13, 17, 35, 74, 119, 151, 139, 118, 95, 213, 11, 19262.02, 10.94, 9.59
13:05:16, 1317.10, 10.13, 17, 35, 75, 119, 151, 138, 117, 94, 216, 11, 19228.57, 10.98, 9.59
13:05:16, 1319.50, 10.12, 17, 35, 75, 119, 155, 142, 119, 96, 230, 12, 19278.76, 10.92, 9.59
13:05:17, 1321.70, 10.12, 17, 34, 73, 117, 152, 139, 117, 93, 221, 12, 19262.02, 10.94, 9.59
13:05:17, 1323.80, 10.13, 17, 33, 72, 115, 147, 134, 113, 90, 206, 11, 19312.32, 10.89, 9.59
13:05:18, 1325.50, 10.13, 17, 34, 74, 118, 144, 132, 110, 88, 197, 10, 19228.57, 10.98, 9.59
13:05:18, 1327.30, 10.12, 17, 33, 72, 117, 146, 134, 112, 88, 204, 11, 19262.02, 10.94, 9.59
13:05:19, 1328.60, 10.12, 16, 33, 72, 116, 149, 136, 114, 89, 213, 11, 19295.53, 10.91, 9.59
13:05:19, 1330.30, 10.12, 17, 34, 73, 118, 148, 136, 113, 88, 212, 11, 19245.29, 10.96, 9.59
13:05:19, 1333.90, 10.12, 16, 33, 71, 115, 144, 132, 109, 85, 204, 11, 19278.76, 10.92, 9.59
13:05:20, 1336.90, 10.12, 16, 33, 72, 117, 148, 135, 112, 86, 214, 11, 19278.76, 10.92, 9.59
13:05:20, 1340.40, 10.12, 16, 33, 72, 118, 147, 134, 110, 85, 215, 11, 19262.02, 10.94, 9.59
13:05:21, 1342.20, 10.12, 16, 33, 71, 116, 147, 133, 109, 84, 212, 11, 19312.32, 10.89, 9.59
13:05:21, 1343.70, 10.12, 16, 32, 70, 114, 142, 129, 106, 81, 197, 10, 19262.02, 10.94, 9.59
13:05:21, 1345.40, 10.13, 16, 33, 73, 118, 149, 134, 110, 85, 217, 11, 19262.02, 10.94, 9.59
13:05:22, 1347.50, 10.13, 16, 33, 72, 117, 148, 133, 108, 84, 218, 11, 19312.32, 10.89, 9.59
13:05:22, 1350.10, 10.12, 16, 33, 72, 116, 146, 130, 106, 82, 221, 12, 19295.53, 10.91, 9.59
13:05:23, 1352.20, 10.12, 16, 32, 71, 114, 146, 130, 105, 81, 223, 12, 19295.53, 10.91, 9.59
13:05:23, 1354.90, 10.13, 15, 30, 67, 108, 140, 125, 101, 78, 205, 11, 19262.02, 10.94, 9.59
13:05:23, 1357.00, 10.12, 14, 30, 66, 107, 137, 123, 99, 76, 193, 10, 19278.76, 10.92, 9.59
13:05:24, 1358.80, 10.12, 15, 31, 69, 113, 139, 124, 100, 76, 196, 10, 19245.29, 10.96, 9.60
13:05:24, 1360.60, 10.13, 15, 30, 67, 110, 142, 127, 101, 77, 207, 11, 19295.53, 10.91, 9.60
13:05:25, 1362.60, 10.13, 14, 29, 65, 107, 138, 124, 99, 74, 197, 10, 19278.76, 10.92, 9.60
13:05:25, 1364.60, 10.12, 14, 29, 65, 107, 135, 121, 97, 72, 186, 10, 19312.32, 10.89, 9.59
13:05:26, 1368.30, 10.12, 14, 30, 65, 109, 134, 120, 95, 71, 188, 10, 19278.76, 10.92, 9.59
13:05:26, 1370.40, 10.12, 14, 29, 66, 109, 140, 125, 99, 74, 205, 10, 19312.32, 10.89, 9.59
13:05:26, 1372.80, 10.12, 14, 28, 63, 104, 134, 119, 94, 70, 187, 10, 19278.76, 10.92, 9.59
13:05:27, 1374.20, 10.12, 14, 29, 65, 108, 136, 121, 95, 71, 194, 10, 19312.32, 10.89, 9.59
13:05:27, 1375.70, 10.13, 14, 29, 64, 106, 138, 122, 96, 71, 199, 10, 19295.53, 10.91, 9.59
13:05:28, 1376.90, 10.12, 14, 29, 65, 106, 138, 122, 95, 71, 201, 10, 19278.76, 10.92, 9.59
13:05:28, 1378.30, 10.13, 14, 29, 66, 108, 140, 123, 96, 72, 208, 11, 19278.76, 10.92, 9.60
13:05:28, 1379.50, 10.13, 14, 29, 65, 106, 139, 122, 95, 71, 208, 11, 19329.13, 10.87, 9.60
13:05:29, 1381.00, 10.13, 14, 29, 66, 108, 137, 121, 94, 70, 205, 11, 19295.53, 10.91, 9.60
13:05:29, 1384.10, 10.13, 14, 28, 65, 106, 135, 118, 92, 68, 198, 10, 19295.53, 10.91, 9.59
13:05:30, 1386.20, 10.13, 14, 29, 65, 107, 143, 126, 97, 72, 224, 12, 19262.02, 10.94, 9.59
13:05:30, 1388.70, 10.13, 15, 31, 71, 117, 149, 131, 100, 73, 243, 13, 19278.76, 10.92, 9.60
13:05:30, 1389.60, 10.13, 14, 30, 68, 113, 147, 128, 96, 70, 254, 13, 19312.32, 10.89, 9.60
13:05:31, 1389.90, 10.13, 14, 30, 69, 114, 146, 129, 97, 71, 265, 14, 19312.32, 10.89, 9.60
13:05:31, 1389.70, 10.13, 15, 31, 70, 117, 146, 129, 97, 70, 264, 13, 19278.76, 10.92, 9.59
13:05:32, 1389.70, 10.13, 14, 29, 67, 112, 139, 124, 93, 68, 239, 12, 19295.53, 10.91, 9.59
13:05:32, 1388.70, 10.14, 13, 26, 60, 100, 112, 99, 76, 56, 155, 8, 19295.53, 10.91, 9.60
13:05:33, 1387.80, 10.14, 7, 14, 33, 55, 51, 42, 36, 23, 58, 3, 19278.76, 10.92, 9.60
13:05:33, 1387.80, 10.14, 4, 7, 17, 30, 40, 33, 29, 18, 49, 3, 19312.32, 10.89, 9.60
13:05:33, 1387.80, 10.14, 4, 7, 18, 31, 41, 34, 29, 18, 50, 3, 19312.32, 10.89, 9.59
13:05:34, 1387.90, 10.14, 4, 7, 18, 31, 40, 33, 29, 18, 50, 3, 19312.32, 10.89, 9.59
13:05:34, 1387.90, 10.14, 4, 7, 18, 31, 41, 33, 29, 18, 50, 3, 19329.13, 10.87, 9.60
13:05:35, 1387.90, 10.15, 4, 7, 18, 31, 41, 34, 30, 18, 50, 3, 19295.53, 10.91, 9.60
13:05:35, 1387.90, 10.15, 4, 7, 19, 32, 43, 36, 31, 19, 51, 3, 19295.53, 10.91, 9.60
13:05:35, 1388.70, 10.15, 9, 18, 41, 68, 136, 118, 91, 67, 201, 11, 19278.76, 10.92, 9.60
13:05:36, 1388.50, 10.15, 15, 31, 70, 115, 143, 124, 96, 71, 226, 12, 19295.53, 10.91, 9.60
13:05:36, 1389.00, 10.15, 14, 29, 66, 108, 139, 121, 94, 69, 213, 11, 19312.32, 10.89, 9.60
13:05:37, 1389.00, 10.15, 14, 28, 65, 106, 138, 119, 91, 67, 206, 11, 19312.32, 10.89, 9.60
13:05:37, 1389.10, 10.15, 13, 28, 64, 104, 135, 117, 90, 66, 200, 11, 19329.13, 10.87, 9.60
13:05:37, 1389.00, 10.15, 13, 28, 63, 104, 135, 117, 90, 66, 200, 11, 19295.53, 10.91, 9.60
13:05:38, 1388.40, 10.15, 13, 28, 63, 104, 132, 116, 90, 66, 194, 10, 19312.32, 10.89, 9.60
13:05:38, 1388.00, 10.16, 14, 29, 67, 110, 141, 123, 96, 70, 212, 11, 19329.13, 10.87, 9.60
13:05:39, 1387.40, 10.16, 14, 30, 67, 111, 143, 126, 97, 72, 218, 11, 19295.53, 10.91, 9.60
13:05:39, 1388.90, 10.16, 14, 29, 66, 108, 139, 121, 94, 69, 204, 11, 19312.32, 10.89, 9.60
13:05:40, 1388.60, 10.16, 13, 26, 60, 98, 124, 108, 84, 62, 166, 9, 19312.32, 10.89, 9.59
13:05:40, 1388.00, 10.16, 14, 28, 65, 107, 143, 126, 97, 71, 214, 11, 19329.13, 10.87, 9.59
13:05:40, 1388.80, 10.16, 14, 29, 66, 109, 141, 124, 96, 71, 207, 11, 19295.53, 10.91, 9.61
13:05:41, 1389.70, 10.15, 14, 30, 69, 114, 146, 128, 97, 71, 238, 12, 19329.13, 10.87, 9.61
13:05:41, 1389.30, 10.15, 14, 30, 68, 112, 143, 125, 95, 69, 230, 12, 19295.53, 10.91, 9.61
13:05:42, 1387.30, 10.15, 8, 16, 37, 61, 100, 88, 70, 51, 120, 6, 19329.13, 10.87, 9.60
13:05:42, 1386.50, 10.15, 15, 32, 73, 121, 135, 119, 93, 68, 193, 10, 19329.13, 10.87, 9.60
13:05:42, 1386.80, 10.15, 15, 31, 71, 117, 146, 128, 99, 73, 221, 11, 19312.32, 10.89, 9.60
13:05:43, 1385.60, 10.15, 14, 30, 68, 113, 150, 132, 103, 75, 232, 12, 19329.13, 10.87, 9.60
13:05:43, 1385.10, 10.15, 14, 30, 68, 113, 145, 128, 100, 73, 213, 11, 19295.53, 10.91, 9.60
13:05:44, 1385.30, 10.15, 14, 30, 68, 113, 146, 129, 101, 73, 218, 11, 19362.80, 10.84, 9.60
13:05:44, 1385.10, 10.15, 15, 30, 69, 115, 146, 129, 102, 74, 223, 11, 19278.76, 10.92, 9.60
13:05:44, 1385.00, 10.15, 15, 32, 70, 119, 151, 133, 105, 75, 241, 12, 19329.13, 10.87, 9.60
13:05:45, 1384.80, 10.15, 15, 32, 71, 119, 152, 134, 105, 76, 251, 13, 19329.13, 10.87, 9.60
13:05:45, 1384.80, 10.15, 15, 32, 71, 120, 153, 135, 108, 76, 260, 13, 19345.96, 10.85, 9.60
13:05:46, 1385.70, 10.15, 15, 32, 72, 121, 156, 136, 110, 77, 274, 14, 19329.13, 10.87, 9.59
13:05:46, 1386.80, 10.15, 15, 32, 71, 119, 160, 139, 113, 79, 295, 15, 19329.13, 10.87, 9.59
13:05:47, 1387.20, 10.16, 17, 39, 87, 147, 195, 165, 132, 93, 398, 21, 19329.13, 10.87, 9.60
13:05:47, 1387.30, 10.15, 17, 37, 86, 144, 182, 154, 117, 81, 417, 23, 19329.13, 10.87, 9.60
13:05:47, 1387.40, 10.16, 15, 32, 74, 128, 166, 140, 106, 73, 333, 18, 19312.32, 10.89, 9.60
13:05:48, 1387.60, 10.16, 15, 32, 74, 127, 165, 139, 106, 73, 361, 19, 19295.53, 10.91, 9.60
13:05:48, 1387.70, 10.15, 15, 32, 75, 127, 151, 130, 99, 69, 345, 18, 19345.96, 10.85, 9.60
13:05:49, 1388.10, 10.15, 14, 30, 69, 118, 168, 143, 111, 78, 374, 20, 19329.13, 10.87, 9.60
13:05:49, 1388.50, 10.15, 18, 40, 91, 153, 190, 160, 130, 89, 421, 22, 19329.13, 10.87, 9.60
13:05:49, 1387.80, 10.16, 17, 39, 87, 147, 178, 151, 123, 85, 391, 20, 19295.53, 10.91, 9.60
13:05:50, 1386.90, 10.16, 16, 36, 80, 135, 169, 144, 119, 81, 355, 19, 19312.32, 10.89, 9.60
13:05:50, 1387.00, 10.16, 16, 37, 82, 137, 172, 145, 120, 82, 406, 22, 19345.96, 10.85, 9.60
13:05:51, 1388.70, 10.15, 18, 39, 90, 146, 187, 157, 125, 89, 481, 26, 19329.13, 10.87, 9.60
13:05:51, 1389.30, 10.15, 19, 41, 93, 151, 207, 179, 136, 100, 474, 25, 19345.96, 10.85, 9.60
13:05:51, 1389.90, 10.15, 20, 43, 98, 162, 207, 179, 136, 100, 460, 24, 19379.66, 10.82, 9.60
13:05:52, 1389.80, 10.15, 20, 43, 97, 160, 205, 178, 135, 99, 464, 25, 19312.32, 10.89, 9.59
13:05:52, 1389.70, 10.15, 20, 43, 97, 160, 205, 178, 135, 99, 460, 25, 19345.96, 10.85, 9.59
13:05:53, 1389.70, 10.15, 20, 42, 96, 159, 202, 175, 132, 96, 438, 23, 19329.13, 10.87, 9.60
13:05:53, 1389.60, 10.15, 19, 41, 93, 155, 198, 172, 129, 94, 430, 23, 19312.32, 10.89, 9.60
13:05:54, 1389.60, 10.15, 19, 41, 93, 154, 197, 171, 129, 94, 443, 24, 19345.96, 10.85, 9.60
13:05:54, 1389.80, 10.15, 19, 41, 94, 156, 201, 174, 131, 96, 454, 24, 19329.13, 10.87, 9.60
13:05:54, 1389.90, 10.15, 19, 41, 95, 156, 200, 174, 130, 95, 453, 24, 19329.13, 10.87, 9.60
13:05:55, 1389.90, 10.15, 20, 42, 95, 157, 202, 175, 132, 96, 459, 25, 19345.96, 10.85, 9.61
13:05:55, 1389.60, 10.16, 20, 42, 96, 158, 203, 176, 132, 97, 460, 25, 19329.13, 10.87, 9.61
13:05:56, 1389.90, 10.16, 20, 42, 96, 158, 203, 176, 132, 97, 462, 25, 19295.53, 10.91, 9.61
13:05:56, 1390.10, 10.16, 20, 42, 96, 159, 203, 176, 132, 97, 462, 25, 19312.32, 10.89, 9.60
13:05:56, 1390.00, 10.16, 20, 42, 96, 158, 203, 176, 133, 97, 462, 25, 19345.96, 10.85, 9.60
13:05:57, 1390.00, 10.17, 20, 42, 96, 159, 203, 176, 132, 97, 461, 25, 19312.32, 10.89, 9.61
13:05:57, 1390.20, 10.17, 20, 43, 98, 161, 207, 178, 137, 99, 498, 27, 19329.13, 10.87, 9.61
13:05:58, 1389.20, 10.17, 17, 38, 86, 141, 176, 149, 119, 84, 488, 27, 19345.96, 10.85, 9.61
13:05:58, 1387.60, 10.17, 17, 37, 85, 138, 169, 142, 117, 80, 478, 26, 19329.13, 10.87, 9.60
13:05:58, 1385.30, 10.17, 17, 38, 85, 139, 176, 149, 122, 85, 475, 26, 19345.96, 10.85, 9.60
13:05:59, 1383.80, 10.17, 16, 36, 80, 132, 179, 151, 124, 86, 469, 26, 19362.80, 10.84, 9.60
13:05:59, 1382.10, 10.16, 16, 36, 80, 132, 176, 149, 123, 85, 448, 24, 19312.32, 10.89, 9.60
13:06:00, 1380.80, 10.16, 16, 35, 78, 129, 168, 143, 120, 82, 401, 22, 19345.96, 10.85, 9.60
13:06:00, 1378.80, 10.16, 16, 35, 77, 129, 170, 146, 122, 85, 372, 20, 19312.32, 10.89, 9.60
13:06:01, 1377.10, 10.16, 16, 35, 79, 132, 167, 145, 120, 84, 331, 17, 19312.32, 10.89, 9.60
13:06:01, 1374.60, 10.16, 16, 35, 78, 130, 168, 148, 121, 86, 295, 15, 19329.13, 10.87, 9.60
13:06:01, 1371.70, 10.16, 17, 35, 78, 131, 163, 145, 117, 86, 255, 13, 19345.96, 10.85, 9.60
13:06:02, 1369.40, 10.16, 17, 34, 77, 127, 164, 148, 118, 87, 244, 13, 19312.32, 10.89, 9.60
13:06:02, 1367.10, 10.16, 16, 33, 74, 123, 165, 148, 118, 89, 237, 12, 19312.32, 10.89, 9.59
13:06:03, 1364.90, 10.16, 17, 34, 77, 125, 154, 137, 111, 85, 222, 12, 19362.80, 10.84, 9.59
13:06:03, 1363.10, 10.15, 18, 37, 82, 133, 162, 144, 115, 89, 261, 14, 19329.13, 10.87, 9.60
13:06:03, 1360.80, 10.15, 18, 37, 81, 132, 167, 148, 120, 92, 290, 15, 19379.66, 10.82, 9.60
13:06:04, 1358.60, 10.15, 17, 35, 78, 128, 167, 148, 121, 92, 295, 16, 19329.13, 10.87, 9.60
13:06:04, 1356.40, 10.15, 17, 35, 78, 127, 165, 147, 120, 92, 288, 15, 19329.13, 10.87, 9.60
13:06:05, 1354.80, 10.15, 17, 35, 78, 126, 164, 146, 119, 92, 273, 15, 19362.80, 10.84, 9.60
13:06:05, 1352.70, 10.16, 17, 36, 80, 129, 163, 146, 119, 92, 254, 14, 19396.55, 10.80, 9.60
13:06:05, 1350.50, 10.16, 18, 37, 82, 134, 167, 150, 122, 95, 246, 13, 19312.32, 10.89, 9.60
13:06:06, 1348.60, 10.16, 18, 38, 84, 137, 174, 157, 127, 99, 255, 13, 19345.96, 10.85, 9.60
13:06:06, 1346.90, 10.16, 17, 36, 79, 129, 173, 156, 128, 99, 246, 13, 19329.13, 10.87, 9.60
13:06:07, 1345.60, 10.15, 18, 36, 79, 129, 171, 156, 128, 99, 244, 13, 19379.66, 10.82, 9.60
13:06:07, 1344.30, 10.15, 18, 37, 81, 133, 171, 155, 128, 99, 245, 13, 19329.13, 10.87, 9.59
13:06:08, 1342.90, 10.15, 19, 38, 84, 137, 172, 157, 129, 100, 253, 13, 19345.96, 10.85, 9.59
13:06:08, 1341.00, 10.15, 19, 39, 84, 138, 176, 160, 133, 102, 263, 14, 19345.96, 10.85, 9.59
13:06:08, 1338.60, 10.15, 19, 39, 85, 139, 178, 163, 136, 105, 267, 14, 19345.96, 10.85, 9.59
13:06:09, 1337.20, 10.15, 19, 40, 86, 141, 182, 167, 137, 108, 269, 14, 19329.13, 10.87, 9.59
13:06:09, 1335.70, 10.15, 20, 41, 89, 144, 185, 170, 140, 110, 271, 14, 19345.96, 10.85, 9.60
13:06:10, 1333.90, 10.14, 20, 41, 90, 146, 188, 172, 143, 113, 273, 14, 19362.80, 10.84, 9.60
13:06:10, 1332.00, 10.15, 20, 41, 90, 145, 186, 170, 142, 113, 264, 14, 19295.53, 10.91, 9.60
13:06:10, 1330.50, 10.15, 21, 42, 91, 146, 183, 167, 140, 111, 255, 14, 19362.80, 10.84, 9.59
13:06:11, 1329.00, 10.14, 21, 43, 94, 151, 186, 170, 143, 114, 271, 14, 19312.32, 10.89, 9.59
13:06:11, 1327.50, 10.14, 21, 44, 95, 152, 192, 175, 146, 118, 293, 16, 19345.96, 10.85, 9.60
13:06:12, 1325.50, 10.15, 21, 43, 93, 149, 192, 175, 147, 118, 303, 16, 19413.46, 10.78, 9.60
13:06:12, 1323.20, 10.14, 21, 43, 92, 148, 191, 174, 147, 119, 311, 17, 19396.55, 10.80, 9.60
13:06:12, 1321.20, 10.14, 21, 43, 93, 149, 193, 176, 149, 121, 327, 18, 19345.96, 10.85, 9.59
13:06:13, 1318.80, 10.15, 21, 43, 93, 148, 194, 177, 151, 123, 342, 18, 19362.80, 10.84, 9.59
13:06:13, 1316.80, 10.15, 22, 44, 94, 150, 195, 179, 152, 124, 346, 19, 19329.13, 10.87, 9.59
13:06:14, 1314.90, 10.15, 22, 44, 95, 151, 194, 178, 152, 124, 336, 18, 19312.32, 10.89, 9.59
13:06:14, 1313.50, 10.15, 21, 44, 94, 149, 191, 175, 150, 123, 316, 17, 19396.55, 10.80, 9.59
13:06:15, 1312.30, 10.15, 22, 45, 97, 154, 196, 181, 154, 127, 321, 17, 19362.80, 10.84, 9.59
13:06:15, 1310.90, 10.15, 22, 45, 97, 154, 199, 183, 157, 129, 318, 17, 19362.80, 10.84, 9.59
13:06:15, 1309.70, 10.14, 23, 46, 97, 155, 196, 181, 155, 128, 299, 16, 19345.96, 10.85, 9.60
13:06:16, 1307.80, 10.14, 23, 46, 97, 154, 197, 182, 157, 129, 298, 16, 19345.96, 10.85, 9.60
13:06:16, 1305.40, 10.14, 22, 45, 96, 153, 198, 183, 159, 131, 300, 16, 19345.96, 10.85, 9.60
13:06:17, 1303.50, 10.15, 23, 46, 97, 154, 200, 185, 161, 133, 307, 17, 19379.66, 10.82, 9.59
13:06:17, 1302.00, 10.14, 23, 47, 100, 158, 204, 189, 164, 136, 321, 17, 19345.96, 10.85, 9.59
13:06:17, 1300.10, 10.14, 24, 48, 101, 160, 206, 191, 166, 139, 326, 18, 19379.66, 10.82, 9.59
13:06:18, 1298.90, 10.14, 24, 48, 102, 162, 203, 188, 164, 137, 311, 17, 19413.46, 10.78, 9.59
13:06:18, 1296.80, 10.14, 23, 47, 99, 158, 200, 186, 163, 136, 299, 16, 19362.80, 10.84, 9.59
13:06:19, 1295.20, 10.14, 24, 48, 102, 161, 205, 191, 167, 140, 307, 17, 19396.55, 10.80, 9.59
13:06:19, 1294.00, 10.14, 24, 48, 102, 162, 207, 193, 169, 142, 305, 16, 19379.66, 10.82, 9.59
13:06:19, 1292.50, 10.14, 24, 49, 103, 163, 206, 192, 169, 142, 299, 16, 19345.96, 10.85, 9.59
13:06:20, 1289.70, 10.14, 24, 49, 102, 162, 206, 193, 171, 143, 296, 16, 19396.55, 10.80, 9.59
13:06:20, 1286.30, 10.14, 25, 49, 104, 164, 209, 195, 173, 147, 302, 16, 19379.66, 10.82, 9.59
13:06:21, 1283.80, 10.14, 25, 49, 103, 162, 209, 196, 175, 148, 309, 17, 19362.80, 10.84, 9.59
13:06:21, 1282.00, 10.14, 25, 50, 105, 165, 211, 198, 177, 151, 321, 17, 19362.80, 10.84, 9.59
13:06:22, 1279.90, 10.14, 26, 52, 107, 169, 217, 203, 182, 156, 345, 19, 19396.55, 10.80, 9.59
13:06:22, 1278.50, 10.14, 26, 52, 108, 171, 219, 206, 184, 158, 353, 19, 19379.66, 10.82, 9.59
13:06:22, 1276.80, 10.14, 27, 53, 110, 173, 221, 208, 187, 161, 355, 19, 19362.80, 10.84, 9.59
13:06:23, 1275.10, 10.14, 27, 54, 110, 174, 223, 210, 189, 163, 357, 19, 19379.66, 10.82, 9.59
13:06:23, 1272.70, 10.14, 27, 54, 111, 175, 226, 214, 193, 166, 356, 19, 19362.80, 10.84, 9.59
13:06:24, 1270.10, 10.14, 28, 56, 115, 180, 229, 217, 197, 170, 357, 19, 19379.66, 10.82, 9.59
13:06:24, 1267.50, 10.14, 29, 57, 117, 183, 230, 218, 199, 173, 354, 19, 19345.96, 10.85, 9.59
13:06:24, 1265.30, 10.14, 29, 57, 115, 182, 234, 222, 203, 177, 365, 20, 19396.55, 10.80, 9.59
13:06:25, 1263.80, 10.14, 29, 58, 119, 186, 236, 224, 205, 179, 369, 20, 19396.55, 10.80, 9.58
13:06:25, 1261.80, 10.14, 30, 60, 123, 191, 239, 227, 208, 182, 379, 21, 19379.66, 10.82, 9.58
13:06:26, 1260.10, 10.13, 31, 61, 125, 194, 246, 234, 215, 189, 403, 22, 19362.80, 10.84, 9.58
13:06:26, 1258.80, 10.14, 31, 61, 124, 193, 246, 235, 216, 190, 415, 23, 19362.80, 10.84, 9.58
13:06:26, 1257.10, 10.13, 31, 61, 123, 193, 246, 234, 216, 191, 411, 22, 19413.46, 10.78, 9.58
13:06:27, 1255.10, 10.13, 32, 63, 127, 198, 250, 238, 220, 195, 419, 23, 19362.80, 10.84, 9.58
13:06:27, 1252.60, 10.13, 32, 63, 127, 197, 255, 243, 225, 200, 434, 24, 19362.80, 10.84, 9.58
13:06:28, 1250.30, 10.14, 32, 63, 126, 196, 249, 239, 223, 198, 415, 23, 19379.66, 10.82, 9.58
13:06:28, 1247.40, 10.13, 32, 63, 127, 198, 249, 239, 224, 200, 419, 23, 19396.55, 10.80, 9.58
13:06:29, 1244.70, 10.13, 33, 64, 128, 200, 255, 245, 230, 206, 440, 24, 19345.96, 10.85, 9.58
13:06:29, 1242.60, 10.13, 33, 65, 130, 201, 259, 249, 234, 211, 455, 25, 19379.66, 10.82, 9.58
13:06:29, 1240.40, 10.13, 33, 65, 129, 201, 259, 250, 235, 213, 455, 25, 19345.96, 10.85, 9.58
13:06:30, 1238.20, 10.13, 33, 66, 130, 203, 261, 252, 239, 216, 463, 25, 19379.66, 10.82, 9.57
13:06:30, 1235.60, 10.13, 34, 67, 133, 207, 262, 253, 240, 219, 461, 25, 19362.80, 10.84, 9.57
13:06:31, 1232.50, 10.13, 35, 69, 137, 212, 268, 260, 248, 226, 477, 26, 19396.55, 10.80, 9.57
13:06:31, 1228.90, 10.13, 36, 71, 140, 216, 277, 269, 257, 236, 499, 27, 19362.80, 10.84, 9.57
13:06:31, 1226.10, 10.13, 37, 73, 142, 220, 287, 279, 267, 246, 520, 29, 19396.55, 10.80, 9.57
13:06:32, 1223.60, 10.13, 37, 73, 143, 220, 285, 278, 267, 247, 524, 29, 19362.80, 10.84, 9.57
13:06:32, 1221.80, 10.13, 38, 75, 145, 224, 284, 277, 268, 248, 504, 28, 19362.80, 10.84, 9.57
13:06:33, 1219.60, 10.13, 39, 77, 149, 229, 287, 281, 272, 253, 510, 28, 19345.96, 10.85, 9.57
13:06:33, 1216.60, 10.13, 40, 77, 149, 230, 296, 290, 281, 262, 527, 29, 19379.66, 10.82, 9.55
13:06:33, 1214.50, 10.13, 40, 77, 150, 229, 292, 287, 280, 262, 527, 29, 19396.55, 10.80, 9.55
13:06:34, 1211.90, 10.12, 41, 80, 153, 235, 298, 293, 286, 269, 576, 32, 19379.66, 10.82, 9.55
13:06:34, 1208.90, 10.12, 42, 81, 155, 237, 304, 299, 293, 277, 610, 34, 19345.96, 10.85, 9.55
13:06:35, 1206.10, 10.12, 42, 82, 157, 239, 296, 292, 288, 273, 576, 32, 19362.80, 10.84, 9.55
13:06:35, 1204.20, 10.12, 43, 82, 157, 239, 299, 295, 292, 278, 571, 32, 19379.66, 10.82, 9.52
13:06:36, 1200.90, 10.11, 44, 85, 162, 246, 299, 296, 294, 281, 558, 31, 19362.80, 10.84, 9.52
13:06:36, 1196.70, 10.11, 44, 85, 162, 246, 311, 308, 307, 295, 582, 32, 19379.66, 10.82, 9.51
13:06:36, 1193.10, 10.11, 44, 84, 159, 241, 306, 304, 306, 294, 569, 32, 19396.55, 10.80, 9.51
13:06:37, 1189.70, 10.10, 46, 88, 167, 252, 315, 313, 315, 306, 593, 33, 19362.80, 10.84, 9.51
13:06:37, 1187.40, 10.10, 47, 89, 168, 253, 326, 324, 326, 318, 629, 35, 19379.66, 10.82, 9.49
13:06:38, 1185.40, 10.10, 47, 89, 167, 252, 328, 326, 330, 322, 615, 34, 19396.55, 10.80, 9.49
13:06:38, 1183.00, 10.10, 50, 94, 176, 264, 331, 330, 335, 327, 589, 33, 19362.80, 10.84, 9.49
13:06:38, 1178.40, 10.10, 52, 98, 182, 272, 336, 335, 343, 336, 569, 32, 19379.66, 10.82, 9.49
13:06:39, 1175.00, 10.10, 52, 97, 180, 269, 337, 337, 348, 341, 538, 30, 19362.80, 10.84, 9.48
13:06:39, 1171.60, 10.10, 55, 103, 190, 283, 347, 347, 359, 354, 553, 31, 19379.66, 10.82, 9.48
13:06:40, 1168.50, 10.09, 56, 104, 192, 285, 358, 360, 372, 369, 593, 33, 19396.55, 10.80, 9.48
13:06:40, 1165.40, 10.10, 57, 107, 196, 289, 360, 362, 376, 375, 622, 35, 19362.80, 10.84, 9.48
13:06:40, 1161.30, 10.10, 59, 109, 199, 295, 379, 382, 397, 399, 709, 40, 19379.66, 10.82, 9.48
13:06:41, 1157.20, 10.09, 60, 111, 201, 295, 377, 381, 399, 405, 736, 42, 19396.55, 10.80, 9.48
13:06:41, 1153.50, 10.10, 62, 116, 209, 306, 385, 390, 409, 418, 807, 46, 19396.55, 10.80, 9.48
13:06:42, 1150.00, 10.10, 65, 120, 216, 316, 401, 407, 428, 439, 829, 47, 19396.55, 10.80, 9.48
13:06:42, 1147.30, 10.09, 66, 122, 218, 319, 407, 414, 438, 448, 750, 43, 19396.55, 10.80, 9.49
13:06:43, 1143.60, 10.10, 70, 129, 231, 336, 422, 430, 458, 469, 746, 43, 19413.46, 10.78, 9.49
13:06:43, 1139.10, 10.10, 74, 135, 239, 346, 432, 440, 473, 487, 750, 43, 19362.80, 10.84, 9.49
13:06:43, 1135.60, 10.09, 79, 144, 253, 364, 448, 457, 493, 511, 826, 48, 19379.66, 10.82, 9.48
13:06:44, 1132.90, 10.09, 83, 151, 264, 379, 461, 472, 508, 533, 946, 55, 19413.46, 10.78, 9.48
13:06:44, 1130.30, 10.10, 88, 162, 280, 399, 484, 497, 535, 564, 1105, 65, 19396.55, 10.80, 9.48
13:06:45, 1126.50, 10.10, 91, 167, 288, 408, 494, 510, 549, 583, 1178, 70, 19379.66, 10.82, 9.48
13:06:45, 1122.00, 10.10, 96, 174, 297, 420, 505, 521, 566, 602, 1092, 65, 19396.55, 10.80, 9.48
13:06:45, 1117.90, 10.09, 98, 178, 303, 428, 526, 544, 593, 632, 1113, 66, 19396.55, 10.80, 9.48
13:06:46, 1114.30, 10.09, 105, 191, 322, 453, 562, 581, 635, 681, 1197, 72, 19396.55, 10.80, 9.48
13:06:46, 1111.40, 10.09, 113, 205, 343, 481, 589, 609, 669, 722, 1251, 76, 19396.55, 10.80, 9.48
13:06:47, 1108.90, 10.09, 118, 212, 354, 494, 600, 622, 685, 741, 1302, 80, 19379.66, 10.82, 9.48
13:06:47, 1106.20, 10.09, 123, 219, 365, 507, 612, 636, 703, 764, 1371, 85, 19430.38, 10.76, 9.48
13:06:47, 1102.30, 10.09, 130, 230, 381, 527, 630, 656, 728, 796, 1492, 95, 19379.66, 10.82, 9.48
13:06:48, 1098.90, 10.09, 135, 239, 393, 540, 648, 676, 751, 827, 1631, 106, 19430.38, 10.76, 9.48
13:06:48, 1094.70, 10.09, 144, 254, 414, 566, 685, 716, 796, 883, 1754, 117, 19430.38, 10.76, 9.48
13:06:49, 1091.30, 10.09, 156, 275, 445, 604, 722, 755, 842, 938, 1820, 125, 19379.66, 10.82, 9.48
13:06:49, 1088.30, 10.09, 161, 281, 451, 611, 741, 775, 867, 969, 1787, 125, 19379.66, 10.82, 9.48
13:06:50, 1085.20, 10.09, 168, 291, 465, 627, 733, 767, 864, 967, 1693, 122, 19413.46, 10.78, 9.48
13:06:50, 1081.00, 10.09, 173, 297, 470, 630, 755, 789, 893, 1006, 1784, 135, 19413.46, 10.78, 9.48
13:06:50, 1077.70, 10.10, 187, 319, 501, 668, 774, 816, 922, 1045, 1906, 151, 19379.66, 10.82, 9.50
13:06:51, 1074.50, 10.10, 191, 323, 503, 669, 786, 830, 938, 1069, 1942, 162, 19430.38, 10.76, 9.50
13:06:51, 1071.50, 10.10, 193, 322, 500, 660, 780, 826, 937, 1074, 1825, 161, 19379.66, 10.82, 9.51
13:06:52, 1067.90, 10.10, 203, 334, 516, 678, 804, 854, 969, 1117, 1871, 175, 19413.46, 10.78, 9.51
13:06:52, 1063.10, 10.10, 216, 353, 541, 705, 812, 865, 988, 1142, 1865, 192, 19413.46, 10.78, 9.51
13:06:52, 1059.00, 10.11, 231, 373, 564, 731, 879, 938, 1072, 1249, 2163, 252, 19430.38, 10.76, 9.52
13:06:53, 1054.90, 10.10, 241, 384, 573, 742, 904, 963, 1110, 1292, 2250, 300, 19413.46, 10.78, 9.52
13:06:53, 1051.80, 10.11, 270, 432, 639, 818, 948, 1008, 1162, 1361, 2413, 352, 19413.46, 10.78, 9.54
13:06:54, 1049.80, 10.11, 294, 473, 690, 883, 979, 1043, 1198, 1414, 2557, 393, 19379.66, 10.82, 9.54
13:06:54, 1046.50, 10.11, 307, 490, 711, 907, 1001, 1072, 1229, 1457, 2659, 446, 19413.46, 10.78, 9.54
13:06:54, 1043.40, 10.12, 327, 516, 742, 941, 1051, 1129, 1293, 1536, 2940, 548, 19413.46, 10.78, 9.55
13:06:55, 1041.10, 10.12, 349, 548, 782, 987, 1106, 1187, 1360, 1617, 3207, 620, 19430.38, 10.76, 9.55
13:06:55, 1038.70, 10.12, 363, 566, 804, 1010, 1148, 1229, 1413, 1683, 3396, 697, 19396.55, 10.80, 9.56
13:06:56, 1037.00, 10.12, 370, 572, 809, 1014, 1158, 1238, 1428, 1703, 3408, 757, 19430.38, 10.76, 9.56
13:06:56, 1035.30, 10.13, 383, 590, 827, 1035, 1159, 1239, 1432, 1710, 3387, 830, 19430.38, 10.76, 9.56
13:06:57, 1033.60, 10.13, 398, 611, 850, 1063, 1183, 1266, 1460, 1748, 3496, 939, 19447.32, 10.75, 9.57
13:06:57, 1032.40, 10.13, 424, 648, 897, 1117, 1217, 1303, 1505, 1800, 3746, 1088, 19413.46, 10.78, 9.57
13:06:57, 1030.90, 10.13, 446, 678, 933, 1160, 1269, 1359, 1569, 1885, 4107, 1326, 19413.46, 10.78, 9.57
13:06:58, 1029.60, 10.13, 456, 691, 948, 1175, 1310, 1403, 1621, 1949, 4359, 1555, 19413.46, 10.78, 9.57
13:06:58, 1029.00, 10.13, 455, 685, 938, 1161, 1318, 1414, 1634, 1964, 4371, 1644, 19464.28, 10.73, 9.57
13:06:59, 1027.50, 10.14, 483, 725, 988, 1221, 1315, 1415, 1636, 1962, 4340, 1845, 19396.55, 10.80, 9.57
13:06:59, 1026.80, 10.14, 471, 697, 951, 1173, 1280, 1380, 1592, 1907, 4188, 1844, 19413.46, 10.78, 9.57
13:06:59, 1026.20, 10.14, 477, 703, 959, 1183, 1271, 1373, 1581, 1899, 4231, 1902, 19430.38, 10.76, 9.57
13:07:00, 1025.70, 10.14, 469, 692, 941, 1159, 1264, 1366, 1572, 1893, 4319, 1955, 19430.38, 10.76, 9.57
13:07:00, 1025.30, 10.14, 478, 705, 955, 1178, 1288, 1389, 1600, 1926, 4547, 2055, 19447.32, 10.75, 9.57
13:07:01, 1024.70, 10.14, 484, 716, 969, 1196, 1303, 1404, 1617, 1947, 4654, 2108, 19464.28, 10.73, 9.57
13:07:01, 1025.40, 10.14, 484, 714, 968, 1193, 1315, 1417, 1633, 1961, 4737, 2147, 19396.55, 10.80, 9.57
13:07:01, 1025.00, 10.14, 482, 708, 959, 1182, 1324, 1428, 1645, 1974, 4820, 2183, 19430.38, 10.76, 9.58
13:07:02, 1025.20, 10.14, 514, 760, 1037, 1274, 1393, 1506, 1737, 2078, 4961, 2239, 19447.32, 10.75, 9.58
13:07:02, 1025.20, 10.14, 447, 644, 883, 1083, 1209, 1311, 1502, 1812, 3783, 1755, 19430.38, 10.76, 9.58
13:07:03, 1025.10, 10.14, 516, 761, 1042, 1265, 1034, 1134, 1283, 1567, 3318, 1541, 19430.38, 10.76, 9.59
13:07:03, 1025.10, 10.14, 298, 397, 554, 680, 605, 698, 789, 931, 1718, 831, 19379.66, 10.82, 9.59
13:07:04, 1025.00, 10.14, 217, 285, 393, 526, 768, 824, 1034, 1130, 4640, 2229, 19430.38, 10.76, 9.60
13:07:04, 1025.10, 10.14, 378, 539, 754, 928, 1005, 1095, 1320, 1498, 8330, 4089, 19447.32, 10.75, 9.60
13:07:04, 1025.30, 10.15, 499, 735, 1007, 1231, 1552, 1683, 1984, 2303, 9762, 4593, 19396.55, 10.80, 9.60
13:07:05, 1025.40, 10.14, 518, 787, 1049, 1331, 1410, 1509, 1828, 2117, 6020, 2577, 19379.66, 10.82, 9.62
