Secchi Depth (cm) = 0180
Forel Ule Scale = 14
pH Colour Scale = 99
SmartSecchi S/N = A003
Latitude (degs N) = 50.21607
Longitude (degs E) = -5.02779
Date = 2023-02-03
Time (UTC), Pressure (mbar) MS5803, Temp (deg C) MS5803, 415nm, 445nm, 480nm, 515nm, 555nm, 590nm, 630nm, 680nm, Clear, NIR, Resistance 10KTHERM, Temp (deg C) 10KTHERM, Temp (deg C) TMP117
12:34:41, 1025.60, 11.62, 1, 1, 3, 3, 3, 4, 5, 5, 20, 9, 18543.52, 11.72, 10.80
12:34:41, 1025.70, 11.63, 1, 1, 3, 3, 3, 4, 5, 5, 20, 9, 18575.42, 11.69, 10.80
12:34:41, 1025.40, 11.63, 1, 1, 3, 3, 3, 4, 5, 5, 20, 9, 18623.39, 11.63, 10.80
12:34:42, 1025.40, 11.64, 1, 1, 3, 3, 3, 4, 5, 5, 20, 9, 18575.42, 11.69, 10.80
12:34:42, 1025.80, 11.64, 1, 1, 3, 3, 3, 4, 5, 5, 20, 9, 18559.46, 11.70, 10.80
12:34:43, 1025.60, 11.64, 1, 1, 3, 3, 3, 4, 5, 5, 20, 9, 18575.42, 11.69, 10.80
12:34:43, 1025.60, 11.64, 1, 1, 3, 3, 3, 4, 5, 5, 20, 9, 18575.42, 11.69, 10.80
12:34:43, 1025.90, 11.64, 1, 1, 3, 3, 3, 4, 5, 5, 20, 9, 18575.42, 11.69, 10.81
12:34:44, 1025.90, 11.64, 1, 1, 3, 4, 3, 4, 5, 5, 20, 9, 18543.52, 11.72, 10.81
12:34:44, 1025.60, 11.64, 1, 1, 3, 3, 3, 4, 5, 5, 20, 9, 18591.39, 11.67, 10.81
12:34:45, 1025.60, 11.65, 1, 1, 3, 3, 3, 4, 5, 5, 20, 9, 18591.39, 11.67, 10.81
12:34:45, 1025.70, 11.65, 1, 1, 3, 4, 3, 4, 5, 5, 20, 9, 18559.46, 11.70, 10.81
12:34:46, 1025.70, 11.65, 1, 1, 3, 4, 3, 4, 5, 5, 20, 9, 18591.39, 11.67, 10.81
12:34:46, 1025.60, 11.65, 1, 1, 3, 4, 3, 4, 5, 5, 20, 9, 18623.39, 11.63, 10.81
12:34:46, 1025.70, 11.65, 1, 1, 3, 4, 3, 4, 5, 5, 20, 9, 18623.39, 11.63, 10.81
12:34:47, 1025.60, 11.65, 1, 1, 3, 4, 3, 4, 5, 5, 20, 9, 18607.39, 11.65, 10.80
12:34:47, 1025.60, 11.65, 1, 1, 3, 4, 3, 4, 5, 5, 20, 9, 18623.39, 11.63, 10.80
12:34:48, 1025.80, 11.65, 1, 1, 3, 4, 3, 4, 5, 5, 20, 9, 18575.42, 11.69, 10.81
12:34:48, 1025.40, 11.65, 1, 2, 3, 4, 3, 4, 5, 5, 20, 9, 18591.39, 11.67, 10.81
12:34:48, 1025.80, 11.65, 1, 1, 3, 4, 3, 4, 5, 5, 20, 9, 18575.42, 11.69, 10.81
12:34:49, 1025.60, 11.65, 1, 1, 3, 4, 3, 4, 5, 5, 20, 9, 18575.42, 11.69, 10.81
12:34:49, 1025.70, 11.65, 1, 2, 3, 4, 3, 4, 5, 5, 20, 9, 18559.46, 11.70, 10.81
12:34:50, 1025.70, 11.65, 1, 1, 3, 4, 3, 4, 5, 5, 20, 9, 18607.39, 11.65, 10.81
12:34:50, 1025.70, 11.65, 1, 1, 3, 4, 3, 4, 5, 5, 20, 9, 18559.46, 11.70, 10.81
12:34:50, 1025.60, 11.65, 1, 2, 3, 4, 3, 4, 5, 6, 21, 9, 18575.42, 11.69, 10.81
12:34:51, 1025.80, 11.65, 1, 2, 3, 4, 3, 4, 5, 5, 21, 9, 18575.42, 11.69, 10.80
12:34:51, 1025.60, 11.65, 1, 2, 3, 4, 3, 4, 5, 6, 21, 9, 18575.42, 11.69, 10.80
12:34:52, 1025.50, 11.65, 1, 2, 3, 4, 3, 4, 5, 6, 21, 9, 18575.42, 11.69, 10.80
12:34:52, 1025.60, 11.65, 1, 2, 3, 4, 3, 4, 5, 6, 21, 9, 18655.46, 11.60, 10.80
12:34:52, 1025.50, 11.65, 1, 2, 3, 4, 3, 4, 5, 6, 21, 10, 18575.42, 11.69, 10.80
12:34:53, 1025.50, 11.65, 1, 2, 3, 4, 3, 4, 5, 6, 21, 10, 18607.39, 11.65, 10.80
12:34:53, 1025.70, 11.66, 1, 2, 3, 4, 3, 4, 5, 6, 21, 10, 18623.39, 11.63, 10.80
12:34:54, 1025.50, 11.65, 1, 2, 3, 4, 3, 4, 5, 6, 21, 10, 18575.42, 11.69, 10.80
12:34:54, 1025.60, 11.66, 1, 2, 3, 4, 3, 4, 5, 6, 21, 10, 18639.42, 11.62, 10.80
12:34:55, 1025.70, 11.65, 1, 2, 3, 4, 4, 4, 5, 6, 21, 10, 18607.39, 11.65, 10.80
12:34:55, 1025.40, 11.66, 1, 2, 3, 4, 4, 4, 5, 6, 21, 10, 18575.42, 11.69, 10.80
12:34:55, 1025.50, 11.66, 1, 2, 3, 4, 4, 4, 5, 6, 21, 10, 18575.42, 11.69, 10.80
12:34:56, 1025.60, 11.66, 1, 2, 3, 4, 4, 4, 5, 6, 21, 10, 18575.42, 11.69, 10.81
12:34:56, 1025.60, 11.65, 1, 2, 3, 4, 4, 4, 5, 6, 21, 10, 18623.39, 11.63, 10.81
12:34:57, 1025.60, 11.65, 1, 2, 3, 4, 4, 4, 5, 6, 21, 10, 18575.42, 11.69, 10.81
12:34:57, 1025.70, 11.65, 1, 2, 2, 4, 4, 4, 5, 6, 21, 10, 18607.39, 11.65, 10.80
12:34:57, 1025.50, 11.66, 1, 2, 3, 4, 4, 4, 5, 6, 21, 10, 18575.42, 11.69, 10.80
12:34:58, 1025.70, 11.66, 1, 2, 3, 4, 4, 4, 5, 6, 21, 10, 18655.46, 11.60, 10.81
12:34:58, 1025.60, 11.65, 1, 2, 3, 4, 4, 4, 5, 6, 21, 10, 18639.42, 11.62, 10.81
12:34:59, 1025.70, 11.65, 1, 2, 3, 4, 4, 4, 5, 6, 21, 10, 18591.39, 11.67, 10.81
12:34:59, 1025.50, 11.66, 1, 2, 3, 4, 4, 4, 5, 6, 21, 10, 18591.39, 11.67, 10.81
12:34:59, 1025.70, 11.66, 1, 2, 3, 4, 4, 4, 5, 6, 21, 10, 18607.39, 11.65, 10.81
12:35:00, 1025.80, 11.66, 1, 2, 3, 4, 4, 4, 6, 6, 21, 10, 18591.39, 11.67, 10.82
12:35:00, 1025.60, 11.66, 1, 2, 3, 4, 4, 4, 6, 6, 21, 10, 18607.39, 11.65, 10.82
12:35:01, 1025.70, 11.66, 1, 2, 3, 4, 4, 4, 6, 6, 21, 10, 18559.46, 11.70, 10.82
12:35:01, 1025.60, 11.66, 1, 2, 3, 4, 4, 4, 6, 6, 22, 10, 18575.42, 11.69, 10.81
12:35:01, 1025.70, 11.66, 1, 2, 3, 4, 4, 4, 6, 6, 22, 10, 18575.42, 11.69, 10.81
12:35:02, 1025.70, 11.66, 1, 2, 3, 4, 4, 4, 6, 6, 22, 10, 18575.42, 11.69, 10.81
12:35:02, 1025.60, 11.66, 1, 2, 3, 4, 4, 4, 6, 6, 22, 10, 18607.39, 11.65, 10.81
12:35:03, 1025.60, 11.66, 1, 2, 3, 4, 4, 4, 6, 6, 22, 10, 18607.39, 11.65, 10.81
12:35:03, 1025.80, 11.66, 1, 2, 3, 4, 4, 4, 6, 6, 22, 10, 18591.39, 11.67, 10.82
12:35:04, 1025.70, 11.66, 1, 2, 3, 4, 4, 4, 6, 6, 22, 10, 18559.46, 11.70, 10.82
12:35:04, 1025.60, 11.66, 1, 2, 3, 4, 4, 4, 6, 6, 22, 10, 18607.39, 11.65, 10.81
12:35:04, 1025.70, 11.66, 1, 2, 3, 4, 4, 4, 6, 6, 22, 10, 18607.39, 11.65, 10.81
12:35:05, 1025.40, 11.66, 1, 2, 3, 4, 4, 4, 6, 6, 22, 10, 18543.52, 11.72, 10.81
12:35:05, 1025.50, 11.66, 1, 2, 3, 4, 4, 4, 6, 6, 22, 10, 18591.39, 11.67, 10.80
12:35:06, 1025.60, 11.66, 1, 2, 3, 4, 4, 4, 6, 6, 22, 10, 18575.42, 11.69, 10.80
12:35:06, 1025.60, 11.66, 1, 2, 3, 4, 4, 4, 6, 6, 22, 10, 18607.39, 11.65, 10.80
12:35:06, 1025.60, 11.66, 1, 2, 3, 4, 4, 4, 6, 6, 22, 10, 18591.39, 11.67, 10.80
12:35:07, 1025.40, 11.66, 1, 2, 3, 4, 4, 4, 6, 6, 22, 10, 18543.52, 11.72, 10.80
12:35:07, 1025.70, 11.66, 1, 2, 3, 4, 4, 4, 6, 6, 22, 10, 18607.39, 11.65, 10.80
12:35:08, 1025.70, 11.66, 1, 2, 3, 4, 4, 4, 6, 6, 22, 10, 18591.39, 11.67, 10.80
12:35:08, 1025.60, 11.66, 1, 2, 3, 4, 4, 4, 6, 6, 22, 10, 18559.46, 11.70, 10.80
12:35:08, 1025.60, 11.66, 1, 2, 3, 4, 4, 4, 6, 6, 22, 10, 18575.42, 11.69, 10.80
12:35:09, 1025.80, 11.66, 1, 2, 3, 4, 4, 4, 6, 6, 22, 10, 18591.39, 11.67, 10.80
12:35:09, 1025.50, 11.66, 1, 2, 3, 4, 4, 4, 5, 6, 22, 10, 18575.42, 11.69, 10.81
12:35:10, 1025.60, 11.66, 1, 2, 3, 4, 4, 4, 6, 6, 23, 10, 18543.52, 11.72, 10.81
12:35:10, 1025.70, 11.66, 1, 2, 3, 4, 4, 4, 6, 6, 23, 10, 18591.39, 11.67, 10.81
12:35:10, 1025.50, 11.66, 1, 2, 3, 4, 4, 4, 6, 6, 23, 10, 18591.39, 11.67, 10.81
12:35:11, 1025.50, 11.66, 1, 2, 3, 4, 4, 4, 6, 6, 23, 10, 18559.46, 11.70, 10.81
12:35:11, 1025.60, 11.66, 1, 2, 3, 4, 4, 4, 6, 6, 23, 10, 18591.39, 11.67, 10.80
12:35:12, 1025.60, 11.66, 1, 2, 3, 4, 4, 4, 6, 6, 23, 10, 18607.39, 11.65, 10.80
12:35:12, 1025.70, 11.66, 1, 2, 3, 4, 4, 4, 6, 6, 23, 10, 18559.46, 11.70, 10.80
12:35:13, 1025.50, 11.67, 1, 2, 3, 4, 4, 4, 6, 6, 23, 10, 18623.39, 11.63, 10.80
12:35:13, 1025.70, 11.66, 1, 2, 3, 4, 4, 4, 6, 6, 23, 10, 18639.42, 11.62, 10.80
12:35:13, 1025.50, 11.67, 1, 2, 3, 4, 4, 4, 6, 6, 23, 10, 18623.39, 11.63, 10.80
12:35:14, 1025.60, 11.67, 1, 2, 3, 4, 4, 4, 6, 6, 23, 10, 18591.39, 11.67, 10.80
12:35:14, 1025.70, 11.67, 1, 2, 3, 4, 4, 4, 6, 6, 22, 10, 18591.39, 11.67, 10.80
12:35:15, 1025.60, 11.67, 1, 2, 3, 4, 4, 4, 6, 6, 22, 10, 18559.46, 11.70, 10.80
12:35:15, 1025.80, 11.67, 1, 2, 3, 4, 4, 4, 6, 6, 22, 10, 18591.39, 11.67, 10.80
12:35:15, 1025.50, 11.67, 1, 2, 3, 4, 4, 4, 6, 6, 22, 10, 18607.39, 11.65, 10.80
12:35:16, 1025.60, 11.67, 1, 2, 3, 4, 4, 4, 6, 6, 22, 10, 18559.46, 11.70, 10.80
12:35:16, 1025.60, 11.67, 1, 2, 3, 4, 4, 4, 6, 6, 22, 10, 18543.52, 11.72, 10.80
12:35:17, 1025.50, 11.67, 1, 2, 3, 4, 4, 4, 6, 6, 22, 10, 18575.42, 11.69, 10.80
12:35:17, 1025.60, 11.67, 1, 2, 3, 4, 3, 4, 5, 5, 19, 9, 18623.39, 11.63, 10.80
12:35:17, 1025.50, 11.67, 1, 2, 3, 4, 4, 4, 5, 6, 21, 9, 18543.52, 11.72, 10.80
12:35:18, 1025.70, 11.67, 1, 2, 2, 4, 3, 4, 5, 5, 20, 9, 18639.42, 11.62, 10.80
12:35:18, 1025.70, 11.67, 1, 1, 3, 4, 3, 4, 5, 5, 19, 8, 18575.42, 11.69, 10.80
12:35:19, 1025.50, 11.67, 1, 1, 3, 3, 3, 3, 4, 5, 17, 7, 18607.39, 11.65, 10.80
12:35:19, 1025.40, 11.67, 14, 14, 21, 29, 220, 261, 287, 344, 1467, 779, 18591.39, 11.67, 10.80
12:35:19, 1025.60, 11.67, 92, 123, 174, 209, 256, 264, 326, 358, 2020, 1060, 18575.42, 11.69, 10.80
12:35:20, 1025.50, 11.67, 113, 165, 222, 293, 400, 425, 530, 563, 2791, 1318, 18591.39, 11.67, 10.80
12:35:20, 1025.50, 11.67, 326, 496, 678, 829, 971, 1020, 1217, 1429, 5114, 2384, 18543.52, 11.72, 10.80
12:35:21, 1025.50, 11.67, 227, 321, 444, 540, 507, 555, 667, 784, 3491, 1773, 18575.42, 11.69, 10.80
12:35:21, 1025.50, 11.67, 89, 97, 146, 171, 125, 178, 196, 253, 1289, 775, 18591.39, 11.67, 10.80
12:35:22, 1025.60, 11.66, 49, 45, 74, 87, 71, 92, 116, 146, 613, 385, 18511.71, 11.76, 10.79
12:35:22, 1025.60, 11.65, 30, 44, 63, 82, 100, 109, 142, 172, 551, 281, 18575.42, 11.69, 10.79
12:35:22, 1025.30, 11.67, 46, 66, 90, 123, 413, 463, 523, 620, 2095, 999, 18607.39, 11.65, 10.79
12:35:23, 1025.20, 11.66, 247, 357, 496, 604, 768, 810, 988, 1125, 4746, 2180, 18575.42, 11.69, 10.80
12:35:23, 1025.30, 11.66, 280, 424, 576, 715, 617, 662, 810, 911, 3433, 1573, 18575.42, 11.69, 10.80
12:35:24, 1025.20, 11.66, 223, 335, 455, 571, 669, 731, 856, 1008, 4645, 2124, 18591.39, 11.67, 10.79
12:35:24, 1025.30, 11.66, 242, 367, 496, 619, 662, 710, 852, 994, 4306, 1964, 18543.52, 11.72, 10.79
12:35:24, 1025.30, 11.66, 221, 332, 451, 556, 620, 668, 776, 941, 3031, 1396, 18527.61, 11.74, 10.79
12:35:25, 1025.50, 11.65, 211, 302, 409, 519, 513, 576, 658, 790, 1669, 710, 18639.42, 11.62, 10.73
12:35:25, 1025.20, 11.65, 182, 270, 364, 474, 535, 563, 708, 783, 2685, 1240, 18543.52, 11.72, 10.73
12:35:26, 1025.60, 11.65, 242, 353, 494, 597, 697, 751, 886, 1030, 4533, 2095, 18575.42, 11.69, 10.68
12:35:26, 1025.30, 11.65, 290, 426, 584, 725, 753, 823, 963, 1126, 5062, 2297, 18575.42, 11.69, 10.68
12:35:27, 1025.30, 11.65, 280, 424, 573, 721, 738, 798, 953, 1103, 4852, 2200, 18543.52, 11.72, 10.68
12:35:27, 1025.50, 11.64, 252, 389, 519, 667, 667, 710, 884, 979, 4512, 2094, 18623.39, 11.63, 10.61
12:35:27, 1025.30, 11.64, 237, 358, 483, 616, 719, 775, 945, 1071, 4384, 1959, 18575.42, 11.69, 10.61
12:35:28, 1025.30, 11.64, 273, 421, 560, 714, 596, 656, 776, 890, 4382, 2052, 18623.39, 11.63, 10.55
12:35:28, 1025.40, 11.64, 258, 378, 514, 655, 838, 934, 1089, 1261, 5150, 2292, 18559.46, 11.70, 10.55
12:35:29, 1025.60, 11.64, 296, 435, 593, 744, 717, 793, 932, 1076, 5119, 2341, 18591.39, 11.67, 10.55
12:35:29, 1025.50, 11.63, 299, 435, 596, 744, 829, 921, 1052, 1249, 5333, 2451, 18575.42, 11.69, 10.51
12:35:29, 1025.50, 11.63, 283, 399, 562, 677, 610, 670, 790, 902, 4504, 2155, 18591.39, 11.67, 10.51
12:35:30, 1025.40, 11.63, 261, 370, 522, 627, 755, 796, 957, 1103, 4648, 2190, 18527.61, 11.74, 10.49
12:35:30, 1025.60, 11.63, 275, 417, 570, 712, 784, 824, 1022, 1149, 3807, 1745, 18543.52, 11.72, 10.49
12:35:31, 1025.30, 11.63, 277, 426, 567, 740, 788, 866, 1027, 1186, 3354, 1414, 18559.46, 11.70, 10.49
12:35:31, 1025.60, 11.62, 297, 424, 577, 726, 787, 882, 979, 1200, 3717, 1617, 18527.61, 11.74, 10.44
12:35:31, 1025.60, 11.62, 304, 441, 610, 733, 814, 864, 1018, 1209, 4414, 2003, 18607.39, 11.65, 10.44
12:35:32, 1025.60, 11.62, 299, 454, 618, 759, 829, 863, 1060, 1211, 4716, 2209, 18543.52, 11.72, 10.38
12:35:32, 1025.60, 11.61, 291, 451, 605, 770, 857, 912, 1129, 1262, 4735, 2089, 18591.39, 11.67, 10.38
12:35:33, 1025.60, 11.61, 307, 479, 636, 827, 884, 953, 1165, 1306, 5229, 2330, 18559.46, 11.70, 10.38
12:35:33, 1025.40, 11.61, 299, 445, 606, 767, 801, 869, 1050, 1183, 5186, 2347, 18575.42, 11.69, 10.38
12:35:33, 1025.50, 11.60, 299, 463, 616, 804, 874, 943, 1157, 1292, 4923, 2175, 18559.46, 11.70, 10.38
12:35:34, 1025.40, 11.60, 305, 473, 637, 807, 848, 887, 1096, 1242, 5069, 2339, 18559.46, 11.70, 10.35
12:35:34, 1025.70, 11.60, 299, 458, 624, 762, 854, 890, 1076, 1255, 4839, 2191, 18559.46, 11.70, 10.35
12:35:35, 1025.70, 11.60, 290, 429, 591, 710, 763, 820, 946, 1141, 4317, 1985, 18559.46, 11.70, 10.35
12:35:35, 1025.60, 11.59, 291, 428, 585, 712, 735, 802, 916, 1107, 3605, 1589, 18591.39, 11.67, 10.34
12:35:36, 1025.60, 11.60, 244, 342, 465, 600, 649, 728, 848, 976, 2498, 1057, 18575.42, 11.69, 10.34
12:35:36, 1025.50, 11.59, 230, 337, 453, 595, 619, 667, 813, 913, 2366, 1010, 18559.46, 11.70, 10.32
12:35:36, 1025.50, 11.59, 214, 328, 441, 572, 630, 654, 831, 910, 2640, 1231, 18559.46, 11.70, 10.32
12:35:37, 1025.40, 11.59, 213, 311, 427, 543, 598, 625, 781, 865, 2568, 1245, 18575.42, 11.69, 10.32
12:35:37, 1025.70, 11.59, 210, 316, 435, 541, 590, 607, 764, 850, 2710, 1265, 18543.52, 11.72, 10.25
12:35:38, 1025.40, 11.59, 223, 321, 453, 550, 652, 678, 834, 939, 3847, 1884, 18559.46, 11.70, 10.25
12:35:38, 1025.50, 11.58, 242, 351, 492, 596, 692, 713, 891, 993, 3539, 1718, 18559.46, 11.70, 10.25
12:35:38, 1025.60, 11.58, 227, 343, 471, 590, 686, 708, 892, 989, 3194, 1490, 18591.39, 11.67, 10.25
12:35:39, 1025.60, 11.58, 230, 343, 469, 597, 623, 657, 824, 906, 2465, 1118, 18591.39, 11.67, 10.25
12:35:39, 1025.50, 11.58, 250, 375, 501, 654, 689, 756, 893, 1028, 2684, 1112, 18543.52, 11.72, 10.21
12:35:40, 1025.60, 11.58, 275, 405, 545, 696, 740, 828, 945, 1123, 3098, 1276, 18575.42, 11.69, 10.21
12:35:40, 1025.50, 11.57, 283, 405, 548, 704, 755, 851, 956, 1148, 3306, 1407, 18543.52, 11.72, 10.16
12:35:40, 1025.80, 11.57, 300, 427, 587, 718, 685, 752, 846, 1031, 3079, 1391, 18527.61, 11.74, 10.16
12:35:41, 1025.50, 11.57, 245, 354, 490, 586, 712, 749, 878, 1059, 3631, 1679, 18639.42, 11.62, 10.16
12:35:41, 1025.60, 11.56, 252, 370, 515, 615, 686, 700, 868, 993, 3898, 1894, 18527.61, 11.74, 10.16
12:35:42, 1025.60, 11.57, 262, 406, 550, 681, 777, 800, 1000, 1132, 4367, 2025, 18543.52, 11.72, 10.16
12:35:42, 1025.80, 11.56, 267, 416, 559, 700, 796, 833, 1030, 1170, 4689, 2126, 18591.39, 11.67, 10.16
12:35:43, 1025.60, 11.56, 291, 457, 609, 779, 829, 885, 1089, 1221, 4933, 2225, 18591.39, 11.67, 10.16
12:35:43, 1025.70, 11.56, 276, 426, 570, 730, 815, 885, 1065, 1216, 5107, 2267, 18559.46, 11.70, 10.14
12:35:43, 1025.50, 11.55, 286, 438, 587, 749, 764, 835, 992, 1140, 5135, 2300, 18559.46, 11.70, 10.14
12:35:44, 1025.40, 11.56, 273, 411, 556, 704, 798, 882, 1030, 1195, 5143, 2284, 18575.42, 11.69, 10.14
12:35:44, 1025.90, 11.56, 292, 435, 591, 745, 768, 848, 990, 1148, 5212, 2334, 18511.71, 11.76, 10.14
12:35:45, 1026.30, 11.54, 295, 438, 596, 748, 769, 848, 986, 1147, 5250, 2360, 18543.52, 11.72, 10.14
12:35:45, 1026.80, 11.48, 285, 422, 577, 720, 793, 878, 1012, 1187, 5269, 2363, 18543.52, 11.72, 9.88
12:35:45, 1026.80, 11.39, 288, 425, 581, 725, 783, 867, 999, 1173, 5209, 2338, 18591.39, 11.67, 9.88
12:35:46, 1026.90, 11.33, 292, 430, 588, 733, 756, 836, 967, 1131, 5138, 2314, 18575.42, 11.69, 9.88
12:35:46, 1026.70, 11.28, 283, 418, 572, 714, 778, 862, 994, 1166, 5175, 2323, 18591.39, 11.67, 9.72
12:35:47, 1026.40, 11.24, 295, 436, 596, 745, 806, 893, 1030, 1208, 5265, 2362, 18575.42, 11.69, 9.72
12:35:47, 1027.20, 11.20, 301, 444, 607, 758, 796, 879, 1017, 1191, 5295, 2384, 18559.46, 11.70, 9.66
12:35:47, 1028.00, 11.17, 302, 445, 610, 759, 801, 885, 1022, 1199, 5299, 2386, 18639.42, 11.62, 9.66
12:35:48, 1028.90, 11.13, 303, 447, 613, 762, 799, 884, 1019, 1198, 5290, 2382, 18591.39, 11.67, 9.66
12:35:48, 1029.20, 11.10, 339, 502, 694, 848, 896, 989, 1141, 1338, 5764, 2396, 18591.39, 11.67, 9.63
12:35:49, 1029.30, 11.07, 304, 455, 626, 782, 887, 980, 1132, 1324, 5724, 2288, 18591.39, 11.67, 9.63
12:35:49, 1029.20, 11.05, 310, 460, 632, 787, 857, 940, 1092, 1272, 5667, 2305, 18591.39, 11.67, 9.62
12:35:50, 1029.10, 11.03, 309, 459, 632, 787, 859, 948, 1092, 1280, 5658, 2354, 18607.39, 11.65, 9.62
12:35:50, 1029.30, 11.01, 309, 458, 631, 786, 863, 953, 1095, 1289, 5620, 2264, 18575.42, 11.69, 9.62
12:35:50, 1029.20, 11.00, 309, 459, 632, 786, 861, 954, 1090, 1291, 5527, 2271, 18623.39, 11.63, 9.62
12:35:51, 1029.30, 11.00, 309, 460, 632, 786, 853, 943, 1082, 1277, 5574, 2238, 18543.52, 11.72, 9.62
12:35:51, 1029.20, 11.00, 315, 467, 644, 799, 862, 951, 1092, 1289, 5627, 2315, 18575.42, 11.69, 9.63
12:35:52, 1029.00, 10.99, 310, 461, 638, 788, 884, 976, 1115, 1322, 5622, 2301, 18623.39, 11.63, 9.63
12:35:52, 1029.00, 10.99, 307, 455, 628, 776, 876, 963, 1105, 1306, 5633, 2322, 18543.52, 11.72, 9.63
12:35:52, 1029.00, 10.98, 312, 460, 636, 782, 862, 945, 1088, 1283, 5632, 2388, 18559.46, 11.70, 9.63
12:35:53, 1029.10, 10.97, 312, 461, 637, 782, 836, 913, 1055, 1242, 5510, 2227, 18559.46, 11.70, 9.63
12:35:53, 1029.10, 10.97, 314, 463, 639, 785, 820, 897, 1036, 1220, 5440, 2274, 18607.39, 11.65, 9.63
12:35:54, 1029.20, 10.97, 320, 471, 655, 800, 822, 896, 1039, 1222, 5432, 2197, 18607.39, 11.65, 9.63
12:35:54, 1028.90, 10.97, 313, 465, 640, 788, 848, 931, 1066, 1264, 5526, 2367, 18607.39, 11.65, 9.63
12:35:55, 1028.90, 10.97, 313, 462, 640, 788, 839, 922, 1058, 1250, 5420, 2293, 18559.46, 11.70, 9.61
12:35:55, 1029.40, 10.97, 311, 461, 638, 786, 792, 874, 1005, 1186, 5022, 2078, 18591.39, 11.67, 9.61
12:35:55, 1029.10, 10.97, 325, 478, 662, 813, 865, 952, 1092, 1288, 5603, 2344, 18607.39, 11.65, 9.63
12:35:56, 1028.80, 10.96, 315, 465, 642, 791, 887, 981, 1119, 1326, 5653, 2411, 18607.39, 11.65, 9.63
12:35:56, 1028.80, 10.96, 291, 432, 597, 739, 878, 966, 1108, 1310, 5620, 2272, 18607.39, 11.65, 9.63
12:35:57, 1028.80, 10.96, 306, 460, 627, 782, 847, 932, 1075, 1261, 5625, 2410, 18655.46, 11.60, 9.63
12:35:57, 1028.70, 10.96, 314, 463, 641, 791, 884, 974, 1115, 1320, 5648, 2348, 18575.42, 11.69, 9.63
12:35:57, 1028.60, 10.96, 308, 458, 629, 781, 859, 942, 1090, 1278, 5674, 2422, 18607.39, 11.65, 9.63
12:35:58, 1029.00, 10.95, 322, 479, 657, 814, 856, 940, 1081, 1274, 5578, 2314, 18559.46, 11.70, 9.63
12:35:58, 1028.90, 10.95, 322, 478, 657, 814, 853, 937, 1079, 1270, 5595, 2314, 18607.39, 11.65, 9.63
12:35:59, 1029.20, 10.94, 324, 478, 659, 816, 831, 911, 1052, 1233, 5472, 2227, 18591.39, 11.67, 9.63
12:35:59, 1028.80, 10.94, 321, 477, 657, 815, 857, 946, 1087, 1276, 5580, 2368, 18591.39, 11.67, 9.63
12:36:00, 1028.90, 10.94, 317, 472, 648, 807, 909, 1011, 1148, 1364, 5573, 2254, 18607.39, 11.65, 9.63
12:36:00, 1028.60, 10.94, 310, 462, 633, 791, 895, 992, 1129, 1340, 5610, 2317, 18607.39, 11.65, 9.63
12:36:00, 1028.80, 10.93, 318, 473, 652, 812, 895, 998, 1127, 1343, 5401, 2239, 18639.42, 11.62, 9.63
12:36:01, 1029.10, 10.93, 329, 487, 669, 830, 885, 976, 1121, 1319, 5633, 2338, 18591.39, 11.67, 9.63
12:36:01, 1029.00, 10.93, 327, 483, 666, 826, 861, 946, 1096, 1278, 5634, 2339, 18623.39, 11.63, 9.63
12:36:02, 1029.00, 10.92, 323, 475, 657, 813, 880, 971, 1118, 1312, 5632, 2327, 18639.42, 11.62, 9.63
12:36:02, 1028.70, 10.92, 312, 460, 635, 789, 893, 986, 1132, 1331, 5623, 2299, 18623.39, 11.63, 9.63
12:36:02, 1028.80, 10.92, 303, 449, 618, 770, 843, 918, 1074, 1245, 5635, 2349, 18655.46, 11.60, 9.63
12:36:03, 1029.00, 10.92, 322, 477, 656, 817, 879, 971, 1111, 1306, 5627, 2379, 18575.42, 11.69, 9.62
12:36:03, 1029.10, 10.92, 321, 476, 655, 814, 880, 970, 1115, 1306, 5606, 2181, 18655.46, 11.60, 9.62
12:36:04, 1028.90, 10.92, 294, 441, 604, 757, 889, 980, 1126, 1321, 5706, 2383, 18639.42, 11.62, 9.63
12:36:04, 1028.80, 10.92, 315, 469, 643, 804, 859, 944, 1091, 1274, 5562, 2231, 18623.39, 11.63, 9.63
12:36:04, 1028.50, 10.92, 327, 487, 667, 834, 853, 945, 1078, 1268, 5135, 2113, 18591.39, 11.67, 9.63
12:36:05, 1028.80, 10.92, 310, 462, 633, 792, 872, 958, 1105, 1292, 5627, 2315, 18671.52, 11.58, 9.62
12:36:05, 1028.70, 10.92, 327, 488, 666, 836, 874, 959, 1111, 1296, 5712, 2424, 18639.42, 11.62, 9.62
12:36:06, 1028.50, 10.92, 338, 501, 685, 858, 909, 1002, 1159, 1348, 5788, 2482, 18639.42, 11.62, 9.62
12:36:06, 1028.60, 10.92, 325, 481, 658, 821, 794, 869, 1013, 1176, 5255, 2274, 18655.46, 11.60, 9.62
12:36:07, 1028.90, 10.92, 329, 488, 669, 835, 875, 960, 1117, 1294, 5721, 2406, 18655.46, 11.60, 9.62
12:36:07, 1029.10, 10.92, 313, 466, 639, 799, 896, 991, 1141, 1331, 5524, 2199, 18655.46, 11.60, 9.61
12:36:07, 1028.90, 10.92, 310, 463, 634, 793, 879, 973, 1121, 1306, 5484, 2294, 18671.52, 11.58, 9.61
12:36:08, 1028.90, 10.92, 315, 468, 641, 800, 872, 959, 1113, 1292, 5617, 2266, 18687.61, 11.56, 9.62
12:36:08, 1028.70, 10.92, 320, 477, 653, 819, 880, 965, 1123, 1302, 5668, 2368, 18655.46, 11.60, 9.62
12:36:09, 1028.70, 10.92, 314, 468, 641, 802, 880, 968, 1122, 1305, 5530, 2262, 18623.39, 11.63, 9.62
12:36:09, 1028.50, 10.92, 317, 470, 646, 806, 877, 959, 1121, 1294, 5733, 2415, 18687.61, 11.56, 9.61
12:36:09, 1029.10, 10.91, 309, 461, 630, 788, 810, 882, 1038, 1196, 5603, 2355, 18671.52, 11.58, 9.61
12:36:10, 1028.80, 10.91, 323, 477, 656, 819, 880, 965, 1123, 1299, 5693, 2330, 18655.46, 11.60, 9.62
12:36:10, 1028.80, 10.91, 312, 469, 635, 805, 809, 882, 1036, 1195, 5514, 2251, 18687.61, 11.56, 9.62
12:36:11, 1028.90, 10.91, 304, 460, 624, 790, 856, 941, 1093, 1265, 5614, 2315, 18719.82, 11.53, 9.62
12:36:11, 1028.80, 10.91, 317, 474, 647, 814, 877, 973, 1120, 1304, 5551, 2317, 18639.42, 11.62, 9.61
12:36:11, 1029.00, 10.90, 309, 461, 631, 790, 863, 947, 1103, 1275, 5601, 2301, 18735.96, 11.51, 9.61
12:36:12, 1029.00, 10.90, 322, 479, 655, 821, 841, 923, 1079, 1245, 5612, 2369, 18639.42, 11.62, 9.61
12:36:12, 1029.00, 10.89, 317, 471, 646, 808, 872, 957, 1115, 1288, 5493, 2195, 18687.61, 11.56, 9.61
12:36:13, 1029.00, 10.89, 300, 445, 612, 764, 874, 965, 1118, 1298, 5283, 2104, 18687.61, 11.56, 9.61
12:36:13, 1029.20, 10.89, 303, 452, 620, 776, 829, 910, 1066, 1227, 5553, 2245, 18703.70, 11.54, 9.61
12:36:14, 1029.20, 10.89, 293, 436, 600, 749, 859, 942, 1103, 1269, 5566, 2234, 18687.61, 11.56, 9.61
12:36:14, 1028.80, 10.89, 291, 432, 596, 744, 883, 965, 1129, 1302, 5574, 2219, 18719.82, 11.53, 9.61
12:36:14, 1028.90, 10.88, 296, 440, 602, 755, 842, 924, 1076, 1245, 5524, 2281, 18671.52, 11.58, 9.61
12:36:15, 1029.10, 10.88, 315, 466, 640, 801, 857, 942, 1094, 1267, 5530, 2179, 18735.96, 11.51, 9.61
12:36:15, 1028.70, 10.87, 297, 451, 611, 774, 830, 910, 1061, 1226, 5540, 2271, 18655.46, 11.60, 9.60
12:36:16, 1028.90, 10.87, 320, 475, 649, 817, 841, 921, 1073, 1242, 5493, 2239, 18719.82, 11.53, 9.60
12:36:16, 1028.70, 10.87, 304, 455, 621, 779, 871, 959, 1111, 1291, 5507, 2280, 18703.70, 11.54, 9.61
12:36:16, 1028.70, 10.86, 294, 446, 604, 765, 850, 932, 1087, 1256, 5502, 2248, 18703.70, 11.54, 9.61
12:36:17, 1028.90, 10.86, 284, 431, 585, 740, 857, 944, 1091, 1269, 5444, 2228, 18703.70, 11.54, 9.61
12:36:17, 1029.00, 10.86, 300, 450, 615, 773, 861, 951, 1095, 1278, 5369, 2190, 18735.96, 11.51, 9.60
12:36:18, 1028.70, 10.86, 311, 463, 635, 795, 858, 948, 1090, 1271, 5356, 2202, 18752.11, 11.49, 9.60
12:36:18, 1028.70, 10.86, 316, 469, 644, 805, 870, 960, 1107, 1288, 5448, 2276, 18735.96, 11.51, 9.61
12:36:18, 1028.80, 10.85, 314, 464, 638, 795, 885, 980, 1122, 1314, 5449, 2295, 18703.70, 11.54, 9.61
12:36:19, 1028.70, 10.85, 309, 458, 631, 785, 877, 971, 1111, 1304, 5397, 2318, 18703.70, 11.54, 9.61
12:36:19, 1028.80, 10.85, 303, 449, 621, 772, 866, 954, 1095, 1285, 5445, 2331, 18719.82, 11.53, 9.60
12:36:20, 1029.00, 10.85, 315, 464, 641, 793, 870, 960, 1095, 1294, 5371, 2299, 18735.96, 11.51, 9.60
12:36:20, 1028.90, 10.85, 311, 456, 632, 779, 858, 942, 1080, 1273, 5316, 2204, 18719.82, 11.53, 9.61
12:36:21, 1029.00, 10.85, 303, 445, 617, 761, 834, 913, 1051, 1232, 5288, 2285, 18768.28, 11.47, 9.61
12:36:21, 1028.70, 10.85, 308, 453, 629, 775, 838, 915, 1058, 1235, 5338, 2296, 18752.11, 11.49, 9.61
12:36:21, 1028.70, 10.85, 308, 451, 626, 768, 840, 915, 1060, 1237, 5358, 2374, 18735.96, 11.51, 9.60
12:36:22, 1028.60, 10.85, 310, 450, 628, 765, 825, 897, 1041, 1217, 5263, 2269, 18752.11, 11.49, 9.60
12:36:22, 1028.70, 10.85, 288, 420, 585, 710, 819, 890, 1032, 1208, 5232, 2277, 18735.96, 11.51, 9.61
12:36:23, 1028.80, 10.85, 283, 412, 575, 700, 790, 856, 994, 1163, 5069, 2140, 18703.70, 11.54, 9.61
12:36:23, 1029.00, 10.85, 292, 432, 598, 737, 810, 882, 1014, 1196, 5117, 2186, 18735.96, 11.51, 9.61
12:36:23, 1028.70, 10.85, 299, 438, 611, 745, 830, 905, 1037, 1227, 5160, 2211, 18735.96, 11.51, 9.60
12:36:24, 1028.60, 10.85, 300, 439, 613, 750, 828, 904, 1041, 1224, 5237, 2331, 18752.11, 11.49, 9.60
12:36:24, 1028.70, 10.85, 304, 445, 619, 757, 859, 940, 1073, 1269, 5346, 2418, 18752.11, 11.49, 9.61
12:36:25, 1028.60, 10.85, 296, 432, 600, 736, 813, 883, 1025, 1197, 5198, 2320, 18719.82, 11.53, 9.61
12:36:25, 1028.60, 10.86, 311, 452, 630, 766, 819, 891, 1029, 1208, 5240, 2308, 18703.70, 11.54, 9.61
12:36:25, 1028.60, 10.85, 312, 454, 633, 770, 824, 897, 1038, 1216, 5288, 2290, 18768.28, 11.47, 9.61
12:36:26, 1028.80, 10.85, 309, 451, 628, 769, 811, 884, 1022, 1196, 5228, 2303, 18800.68, 11.44, 9.61
12:36:26, 1028.50, 10.85, 305, 447, 620, 763, 844, 931, 1061, 1255, 5233, 2266, 18768.28, 11.47, 9.62
12:36:27, 1028.40, 10.82, 303, 444, 614, 758, 846, 931, 1068, 1254, 5365, 2367, 18768.28, 11.47, 9.62
12:36:27, 1028.50, 10.81, 303, 445, 617, 763, 858, 944, 1084, 1273, 5425, 2396, 18719.82, 11.53, 9.62
12:36:28, 1028.60, 10.81, 306, 449, 621, 766, 839, 921, 1061, 1239, 5351, 2344, 18800.68, 11.44, 9.61
12:36:28, 1028.50, 10.81, 323, 469, 650, 798, 832, 914, 1053, 1228, 5372, 2336, 18735.96, 11.51, 9.61
12:36:28, 1028.50, 10.81, 290, 428, 594, 734, 838, 919, 1059, 1239, 5392, 2363, 18703.70, 11.54, 9.61
12:36:29, 1028.40, 10.80, 307, 449, 620, 766, 847, 931, 1070, 1254, 5407, 2390, 18735.96, 11.51, 9.61
12:36:29, 1028.20, 10.80, 304, 446, 617, 762, 859, 950, 1084, 1278, 5408, 2409, 18816.90, 11.42, 9.61
12:36:30, 1028.50, 10.80, 312, 455, 628, 775, 844, 936, 1064, 1259, 5318, 2367, 18752.11, 11.49, 9.61
12:36:30, 1028.40, 10.80, 292, 434, 596, 741, 817, 896, 1031, 1208, 5300, 2287, 18719.82, 11.53, 9.61
12:36:30, 1028.60, 10.80, 314, 457, 633, 778, 818, 897, 1036, 1206, 5338, 2381, 18752.11, 11.49, 9.62
12:36:31, 1028.10, 10.80, 302, 443, 613, 755, 845, 931, 1063, 1255, 5348, 2364, 18784.47, 11.46, 9.62
12:36:31, 1028.20, 10.80, 308, 447, 621, 760, 834, 916, 1049, 1235, 5324, 2373, 18768.28, 11.47, 9.62
12:36:32, 1028.00, 10.80, 299, 439, 607, 746, 838, 919, 1051, 1241, 5316, 2359, 18768.28, 11.47, 9.61
12:36:32, 1028.20, 10.79, 297, 432, 601, 736, 834, 914, 1045, 1234, 5318, 2417, 18800.68, 11.44, 9.61
12:36:32, 1028.20, 10.80, 297, 431, 600, 732, 838, 919, 1047, 1243, 5293, 2429, 18768.28, 11.47, 9.62
12:36:33, 1028.10, 10.79, 310, 447, 623, 754, 837, 914, 1042, 1239, 5252, 2422, 18800.68, 11.44, 9.62
12:36:33, 1028.10, 10.79, 315, 455, 636, 764, 842, 914, 1044, 1242, 5248, 2420, 18784.47, 11.46, 9.62
12:36:34, 1028.00, 10.78, 307, 445, 621, 746, 827, 891, 1026, 1215, 5136, 2383, 18865.69, 11.37, 9.62
12:36:34, 1028.00, 10.78, 310, 450, 630, 753, 825, 885, 1022, 1210, 5123, 2376, 18768.28, 11.47, 9.62
12:36:35, 1028.00, 10.78, 293, 428, 598, 718, 781, 832, 972, 1135, 4890, 2287, 18752.11, 11.49, 9.61
12:36:35, 1028.00, 10.77, 297, 434, 607, 725, 792, 842, 983, 1152, 4889, 2286, 18800.68, 11.44, 9.61
12:36:35, 1028.00, 10.77, 287, 420, 586, 703, 797, 846, 988, 1163, 4889, 2308, 18752.11, 11.49, 9.61
12:36:36, 1028.00, 10.77, 280, 413, 575, 693, 812, 860, 1006, 1185, 4950, 2328, 18784.47, 11.46, 9.61
12:36:36, 1028.10, 10.78, 293, 430, 600, 718, 810, 859, 1002, 1182, 4917, 2301, 18800.68, 11.44, 9.61
12:36:37, 1028.50, 10.77, 293, 431, 602, 720, 756, 807, 943, 1110, 4417, 1932, 18865.69, 11.37, 9.62
12:36:37, 1028.30, 10.77, 295, 433, 606, 724, 764, 812, 949, 1111, 4719, 2159, 18735.96, 11.51, 9.62
12:36:37, 1027.80, 10.77, 308, 453, 635, 755, 798, 849, 989, 1165, 4878, 2250, 18784.47, 11.46, 9.62
12:36:38, 1027.70, 10.77, 305, 446, 624, 744, 812, 863, 1004, 1186, 4979, 2333, 18816.90, 11.42, 9.62
12:36:38, 1027.90, 10.77, 302, 440, 615, 733, 826, 883, 1020, 1213, 5046, 2379, 18816.90, 11.42, 9.62
12:36:39, 1027.40, 10.77, 290, 423, 590, 707, 818, 877, 1011, 1203, 5039, 2377, 18849.41, 11.39, 9.62
12:36:39, 1027.80, 10.77, 289, 421, 587, 706, 802, 863, 996, 1179, 5046, 2368, 18784.47, 11.46, 9.62
12:36:39, 1027.60, 10.76, 294, 427, 595, 715, 806, 871, 1000, 1189, 5071, 2380, 18735.96, 11.51, 9.62
12:36:40, 1027.70, 10.76, 295, 427, 596, 716, 819, 889, 1015, 1209, 5120, 2399, 18768.28, 11.47, 9.61
12:36:40, 1027.30, 10.75, 300, 433, 603, 726, 808, 880, 1004, 1195, 5124, 2392, 18784.47, 11.46, 9.61
12:36:41, 1027.70, 10.75, 310, 445, 622, 745, 801, 876, 999, 1187, 5149, 2397, 18833.15, 11.40, 9.62
12:36:41, 1027.60, 10.75, 314, 449, 626, 754, 809, 892, 1013, 1204, 5229, 2424, 18816.90, 11.42, 9.62
12:36:42, 1027.70, 10.75, 316, 452, 629, 762, 834, 926, 1043, 1248, 5291, 2437, 18816.90, 11.42, 9.62
12:36:42, 1027.70, 10.74, 324, 462, 641, 781, 844, 941, 1057, 1266, 5328, 2440, 18816.90, 11.42, 9.61
12:36:42, 1028.10, 10.74, 325, 465, 644, 789, 848, 950, 1065, 1274, 5348, 2437, 18833.15, 11.40, 9.61
12:36:43, 1028.40, 10.74, 325, 467, 645, 794, 842, 942, 1061, 1262, 5352, 2429, 18784.47, 11.46, 9.62
12:36:43, 1028.40, 10.74, 312, 450, 620, 767, 840, 940, 1064, 1256, 5321, 2402, 18784.47, 11.46, 9.62
12:36:44, 1028.20, 10.74, 297, 434, 599, 743, 809, 889, 1028, 1189, 5316, 2322, 18784.47, 11.46, 9.62
12:36:44, 1028.20, 10.73, 299, 438, 601, 749, 790, 870, 1003, 1163, 5280, 2321, 18816.90, 11.42, 9.60
12:36:44, 1028.30, 10.74, 303, 443, 607, 758, 794, 873, 1011, 1169, 5280, 2307, 18816.90, 11.42, 9.60
12:36:45, 1028.40, 10.74, 306, 451, 613, 772, 796, 879, 1015, 1175, 5274, 2314, 18784.47, 11.46, 9.61
12:36:45, 1028.10, 10.73, 298, 438, 598, 749, 823, 910, 1051, 1215, 5262, 2287, 18784.47, 11.46, 9.61
12:36:46, 1028.40, 10.73, 301, 443, 603, 757, 753, 827, 962, 1111, 5189, 2291, 18800.68, 11.44, 9.61
12:36:46, 1028.30, 10.73, 295, 436, 596, 747, 801, 883, 1026, 1182, 5233, 2236, 18849.41, 11.39, 9.60
12:36:46, 1028.40, 10.73, 298, 439, 597, 751, 780, 863, 997, 1156, 5197, 2256, 18833.15, 11.40, 9.60
12:36:47, 1028.10, 10.73, 297, 439, 598, 750, 805, 890, 1031, 1190, 5190, 2254, 18816.90, 11.42, 9.60
12:36:47, 1028.40, 10.72, 302, 444, 604, 758, 800, 886, 1024, 1183, 5226, 2316, 18833.15, 11.40, 9.60
12:36:48, 1028.40, 10.72, 308, 455, 619, 781, 829, 920, 1057, 1229, 5094, 2206, 18833.15, 11.40, 9.60
12:36:48, 1028.20, 10.71, 299, 441, 600, 754, 761, 836, 971, 1123, 5162, 2259, 18833.15, 11.40, 9.60
12:36:49, 1028.40, 10.71, 294, 430, 589, 734, 820, 912, 1044, 1217, 5201, 2270, 18784.47, 11.46, 9.60
12:36:49, 1028.60, 10.70, 286, 418, 574, 715, 776, 854, 989, 1143, 5221, 2319, 18849.41, 11.39, 9.60
12:36:49, 1028.20, 10.70, 298, 435, 599, 746, 810, 897, 1028, 1198, 5234, 2288, 18849.41, 11.39, 9.60
12:36:50, 1028.50, 10.70, 296, 432, 595, 738, 800, 885, 1016, 1184, 5228, 2313, 18800.68, 11.44, 9.60
12:36:50, 1028.10, 10.69, 287, 417, 578, 716, 817, 906, 1033, 1212, 5237, 2292, 18833.15, 11.40, 9.60
12:36:51, 1028.30, 10.69, 291, 423, 583, 721, 781, 859, 987, 1153, 5209, 2331, 18784.47, 11.46, 9.60
12:36:51, 1028.30, 10.68, 295, 429, 593, 732, 808, 895, 1020, 1201, 5240, 2327, 18881.99, 11.35, 9.60
12:36:51, 1028.00, 10.68, 294, 426, 589, 725, 798, 883, 1006, 1187, 5209, 2371, 18800.68, 11.44, 9.60
12:36:52, 1028.10, 10.67, 295, 428, 592, 727, 801, 885, 1007, 1191, 5200, 2373, 18865.69, 11.37, 9.60
12:36:52, 1028.00, 10.67, 300, 435, 603, 736, 786, 863, 989, 1163, 5161, 2333, 18865.69, 11.37, 9.60
12:36:53, 1027.70, 10.66, 303, 438, 608, 740, 761, 829, 956, 1121, 5103, 2338, 18833.15, 11.40, 9.60
12:36:53, 1028.00, 10.66, 292, 423, 588, 715, 750, 813, 943, 1101, 5053, 2322, 18881.99, 11.35, 9.60
12:36:53, 1027.90, 10.66, 285, 413, 576, 700, 768, 832, 962, 1128, 5118, 2349, 18833.15, 11.40, 9.60
12:36:54, 1028.10, 10.65, 267, 387, 541, 658, 760, 823, 953, 1116, 5068, 2313, 18849.41, 11.39, 9.60
12:36:54, 1028.00, 10.65, 268, 389, 544, 661, 780, 847, 977, 1146, 5125, 2330, 18914.64, 11.31, 9.60
12:36:55, 1028.30, 10.65, 285, 414, 575, 700, 760, 825, 954, 1116, 5083, 2323, 18833.15, 11.40, 9.60
12:36:55, 1027.80, 10.64, 292, 422, 586, 712, 771, 844, 965, 1138, 5079, 2354, 18816.90, 11.42, 9.61
12:36:56, 1027.90, 10.64, 298, 430, 597, 724, 755, 825, 948, 1113, 5027, 2338, 18849.41, 11.39, 9.61
12:36:56, 1028.00, 10.64, 295, 426, 591, 716, 766, 834, 960, 1126, 5061, 2345, 18816.90, 11.42, 9.61
12:36:56, 1028.10, 10.64, 295, 426, 593, 718, 780, 851, 976, 1151, 5115, 2371, 18849.41, 11.39, 9.61
12:36:57, 1027.70, 10.64, 287, 415, 576, 698, 784, 855, 978, 1157, 5101, 2372, 18865.69, 11.37, 9.61
12:36:57, 1027.90, 10.64, 281, 407, 565, 686, 780, 854, 976, 1155, 5093, 2367, 18800.68, 11.44, 9.61
12:36:58, 1027.70, 10.64, 287, 415, 576, 698, 772, 845, 966, 1141, 5071, 2356, 18800.68, 11.44, 9.61
12:36:58, 1028.20, 10.64, 294, 424, 588, 713, 753, 824, 945, 1113, 5024, 2339, 18914.64, 11.31, 9.61
12:36:58, 1027.70, 10.64, 295, 426, 590, 716, 754, 824, 946, 1111, 5022, 2336, 18881.99, 11.35, 9.60
12:36:59, 1027.90, 10.65, 303, 437, 606, 736, 754, 823, 947, 1109, 5056, 2344, 18898.30, 11.33, 9.60
12:36:59, 1027.80, 10.64, 293, 424, 586, 715, 752, 823, 946, 1110, 5047, 2342, 18865.69, 11.37, 9.61
12:37:00, 1027.90, 10.64, 289, 419, 579, 708, 753, 826, 949, 1113, 5066, 2348, 18914.64, 11.31, 9.61
12:37:00, 1028.10, 10.64, 289, 419, 578, 708, 751, 825, 947, 1110, 5053, 2335, 18865.69, 11.37, 9.61
12:37:00, 1028.00, 10.64, 290, 421, 580, 714, 756, 828, 954, 1113, 5099, 2352, 18947.37, 11.28, 9.59
12:37:01, 1027.50, 10.64, 291, 422, 581, 716, 767, 843, 968, 1133, 5120, 2354, 18800.68, 11.44, 9.59
12:37:01, 1027.90, 10.64, 295, 428, 589, 726, 773, 852, 976, 1145, 5126, 2353, 18881.99, 11.35, 9.61
12:37:02, 1027.60, 10.64, 296, 428, 589, 726, 771, 851, 972, 1143, 5122, 2350, 18914.64, 11.31, 9.61
12:37:02, 1028.00, 10.64, 291, 422, 579, 716, 773, 856, 977, 1148, 5104, 2335, 18881.99, 11.35, 9.61
12:37:03, 1027.70, 10.64, 293, 425, 582, 722, 768, 851, 972, 1141, 5097, 2328, 18881.99, 11.35, 9.60
12:37:03, 1027.50, 10.63, 289, 420, 575, 714, 768, 849, 970, 1137, 5088, 2321, 18865.69, 11.37, 9.60
12:37:03, 1027.70, 10.63, 286, 416, 570, 708, 779, 864, 984, 1155, 5110, 2325, 18881.99, 11.35, 9.60
12:37:04, 1027.50, 10.63, 290, 421, 577, 717, 778, 863, 984, 1153, 5106, 2321, 18898.30, 11.33, 9.60
12:37:04, 1027.70, 10.63, 293, 426, 583, 726, 774, 858, 980, 1146, 5094, 2313, 18865.69, 11.37, 9.60
12:37:05, 1028.20, 10.63, 292, 425, 581, 724, 766, 847, 971, 1133, 5088, 2313, 18898.30, 11.33, 9.60
12:37:05, 1028.20, 10.63, 291, 424, 580, 722, 756, 836, 961, 1117, 5071, 2304, 18881.99, 11.35, 9.60
12:37:05, 1028.10, 10.62, 292, 425, 580, 725, 764, 844, 969, 1128, 5079, 2304, 18865.69, 11.37, 9.60
12:37:06, 1028.00, 10.62, 291, 425, 579, 722, 768, 849, 974, 1133, 5069, 2294, 18881.99, 11.35, 9.60
12:37:06, 1028.00, 10.62, 291, 424, 578, 721, 763, 843, 970, 1126, 5053, 2285, 18914.64, 11.31, 9.60
12:37:07, 1028.20, 10.62, 281, 409, 558, 696, 768, 847, 976, 1134, 5069, 2292, 18881.99, 11.35, 9.60
12:37:07, 1028.00, 10.62, 280, 410, 558, 697, 767, 847, 975, 1133, 5084, 2299, 18898.30, 11.33, 9.60
12:37:07, 1027.90, 10.62, 287, 419, 570, 713, 772, 852, 983, 1140, 5070, 2291, 18833.15, 11.40, 9.60
12:37:08, 1028.30, 10.62, 289, 425, 576, 724, 758, 837, 967, 1121, 5058, 2285, 18931.00, 11.30, 9.60
12:37:08, 1028.10, 10.62, 289, 424, 575, 723, 762, 842, 973, 1127, 5040, 2275, 18947.37, 11.28, 9.60
12:37:09, 1028.30, 10.62, 280, 412, 558, 701, 750, 829, 958, 1110, 5033, 2275, 18914.64, 11.31, 9.60
12:37:09, 1028.10, 10.62, 282, 416, 563, 707, 759, 838, 970, 1123, 5021, 2267, 18898.30, 11.33, 9.60
12:37:10, 1028.50, 10.61, 282, 416, 563, 707, 762, 842, 975, 1128, 5026, 2269, 18947.37, 11.28, 9.61
12:37:10, 1028.10, 10.62, 283, 417, 564, 710, 759, 838, 969, 1123, 5044, 2279, 18947.37, 11.28, 9.61
12:37:10, 1028.30, 10.62, 286, 421, 570, 717, 761, 840, 972, 1125, 5038, 2276, 18914.64, 11.31, 9.61
12:37:11, 1027.90, 10.62, 281, 414, 561, 704, 756, 835, 966, 1119, 5037, 2277, 18898.30, 11.33, 9.60
12:37:11, 1028.10, 10.62, 288, 424, 573, 722, 765, 843, 977, 1128, 5023, 2270, 18931.00, 11.30, 9.60
12:37:12, 1027.90, 10.62, 285, 419, 567, 714, 760, 838, 970, 1123, 5034, 2276, 18849.41, 11.39, 9.60
12:37:12, 1028.30, 10.62, 282, 414, 561, 705, 756, 834, 965, 1116, 5016, 2269, 18898.30, 11.33, 9.60
12:37:12, 1028.10, 10.62, 271, 398, 540, 677, 731, 804, 931, 1080, 5028, 2266, 18931.00, 11.30, 9.60
12:37:13, 1028.30, 10.62, 285, 423, 575, 722, 770, 845, 981, 1133, 5074, 2240, 18963.76, 11.26, 9.59
12:37:13, 1028.20, 10.61, 279, 411, 559, 701, 741, 812, 941, 1092, 5083, 2235, 18833.15, 11.40, 9.59
12:37:14, 1028.30, 10.61, 272, 403, 548, 687, 702, 765, 894, 1025, 4712, 2088, 18963.76, 11.26, 9.59
12:37:14, 1028.40, 10.61, 277, 407, 555, 693, 758, 832, 966, 1115, 5067, 2257, 18931.00, 11.30, 9.59
12:37:14, 1028.30, 10.61, 150, 215, 293, 375, 573, 631, 730, 847, 3831, 1768, 18947.37, 11.28, 9.59
12:37:15, 1028.10, 10.61, 270, 398, 543, 680, 772, 848, 985, 1136, 5017, 2192, 18914.64, 11.31, 9.60
12:37:15, 1028.20, 10.61, 284, 420, 570, 716, 771, 846, 983, 1132, 4992, 2231, 18947.37, 11.28, 9.60
12:37:16, 1028.30, 10.61, 285, 420, 570, 716, 767, 841, 978, 1127, 5017, 2261, 18914.64, 11.31, 9.60
12:37:16, 1028.60, 10.61, 284, 419, 569, 713, 756, 828, 968, 1111, 4913, 2196, 18931.00, 11.30, 9.60
12:37:17, 1028.20, 10.61, 278, 410, 558, 699, 771, 844, 983, 1131, 5054, 2207, 18914.64, 11.31, 9.60
12:37:17, 1028.20, 10.60, 285, 422, 572, 718, 774, 849, 987, 1140, 5080, 2262, 18898.30, 11.33, 9.60
12:37:17, 1028.30, 10.60, 284, 420, 571, 717, 760, 835, 972, 1121, 5015, 2244, 18947.37, 11.28, 9.60
12:37:18, 1028.00, 10.60, 281, 417, 565, 711, 745, 818, 953, 1102, 4988, 2241, 18947.37, 11.28, 9.60
12:37:18, 1028.10, 10.60, 283, 420, 569, 716, 760, 834, 972, 1121, 4983, 2240, 18963.76, 11.26, 9.60
12:37:19, 1028.00, 10.60, 283, 420, 569, 715, 753, 827, 963, 1113, 4965, 2245, 18898.30, 11.33, 9.60
12:37:19, 1027.90, 10.60, 280, 415, 562, 705, 757, 832, 969, 1116, 4968, 2249, 18931.00, 11.30, 9.60
12:37:19, 1028.20, 10.60, 277, 409, 554, 695, 752, 825, 961, 1109, 5005, 2262, 18931.00, 11.30, 9.60
12:37:20, 1028.30, 10.60, 284, 421, 571, 717, 759, 833, 970, 1117, 5023, 2255, 18881.99, 11.35, 9.60
12:37:20, 1028.20, 10.60, 284, 419, 569, 714, 758, 831, 968, 1114, 5002, 2253, 18963.76, 11.26, 9.60
12:37:21, 1028.40, 10.60, 280, 413, 560, 704, 753, 826, 962, 1110, 4967, 2243, 18980.17, 11.24, 9.60
12:37:21, 1028.20, 10.60, 280, 415, 562, 707, 762, 835, 973, 1120, 5003, 2239, 18914.64, 11.31, 9.60
12:37:21, 1028.30, 10.60, 277, 411, 557, 699, 760, 833, 969, 1119, 5016, 2223, 18931.00, 11.30, 9.60
12:37:22, 1028.10, 10.60, 281, 415, 564, 708, 768, 842, 981, 1127, 5028, 2251, 18947.37, 11.28, 9.60
12:37:22, 1028.20, 10.60, 283, 418, 567, 712, 751, 823, 957, 1103, 5047, 2270, 18931.00, 11.30, 9.60
12:37:23, 1028.20, 10.60, 271, 399, 544, 680, 758, 830, 966, 1112, 5029, 2236, 18947.37, 11.28, 9.60
12:37:23, 1028.40, 10.60, 278, 409, 557, 697, 771, 845, 983, 1131, 4967, 2214, 18947.37, 11.28, 9.61
12:37:24, 1028.50, 10.60, 270, 397, 542, 677, 775, 850, 988, 1138, 4903, 2167, 18947.37, 11.28, 9.61
12:37:24, 1028.50, 10.60, 276, 407, 554, 694, 733, 803, 934, 1078, 4951, 2206, 18914.64, 11.31, 9.60
12:37:24, 1028.10, 10.60, 279, 411, 561, 703, 766, 837, 977, 1121, 5009, 2211, 18914.64, 11.31, 9.60
12:37:25, 1028.50, 10.60, 280, 411, 560, 700, 718, 785, 915, 1052, 4975, 2243, 18914.64, 11.31, 9.60
12:37:25, 1028.40, 10.60, 270, 398, 544, 680, 755, 822, 962, 1103, 5026, 2217, 18931.00, 11.30, 9.60
12:37:26, 1028.10, 10.60, 282, 415, 565, 706, 754, 822, 959, 1102, 5052, 2270, 18914.64, 11.31, 9.60
12:37:26, 1028.40, 10.61, 286, 422, 573, 719, 759, 829, 967, 1111, 5026, 2242, 18980.17, 11.24, 9.61
12:37:26, 1028.10, 10.61, 271, 401, 547, 684, 742, 809, 945, 1087, 5015, 2189, 18947.37, 11.28, 9.61
12:37:27, 1028.40, 10.60, 271, 399, 544, 680, 762, 833, 970, 1116, 5011, 2231, 18980.17, 11.24, 9.61
12:37:27, 1028.10, 10.60, 270, 396, 542, 676, 773, 847, 987, 1134, 4993, 2223, 18931.00, 11.30, 9.60
12:37:28, 1028.20, 10.61, 280, 411, 559, 700, 765, 837, 976, 1122, 5029, 2280, 18963.76, 11.26, 9.60
12:37:28, 1028.30, 10.60, 280, 411, 560, 699, 763, 835, 972, 1118, 5028, 2281, 18996.60, 11.23, 9.61
12:37:28, 1028.60, 10.61, 275, 407, 552, 692, 739, 808, 940, 1081, 4980, 2180, 18963.76, 11.26, 9.61
12:37:29, 1028.50, 10.61, 265, 396, 536, 678, 739, 805, 939, 1082, 4997, 2183, 18963.76, 11.26, 9.61
12:37:29, 1028.40, 10.61, 269, 397, 541, 678, 744, 811, 945, 1089, 4983, 2184, 18931.00, 11.30, 9.60
12:37:30, 1028.50, 10.61, 265, 390, 532, 664, 763, 836, 974, 1120, 4931, 2155, 18996.60, 11.23, 9.60
12:37:30, 1028.70, 10.61, 267, 393, 537, 669, 712, 777, 907, 1043, 4885, 2129, 18980.17, 11.24, 9.61
12:37:31, 1028.60, 10.61, 270, 398, 544, 679, 735, 802, 937, 1076, 4966, 2214, 18980.17, 11.24, 9.61
12:37:31, 1028.70, 10.61, 270, 398, 543, 678, 753, 824, 963, 1105, 4878, 2148, 19029.51, 11.19, 9.61
12:37:31, 1028.60, 10.61, 268, 395, 539, 673, 750, 819, 957, 1099, 4898, 2141, 18980.17, 11.24, 9.61
12:37:32, 1028.60, 10.61, 275, 406, 553, 691, 762, 835, 974, 1121, 4836, 2139, 18980.17, 11.24, 9.61
12:37:32, 1028.40, 10.61, 274, 404, 551, 688, 741, 808, 945, 1085, 4906, 2085, 18947.37, 11.28, 9.61
12:37:33, 1028.70, 10.61, 264, 392, 532, 669, 722, 787, 920, 1058, 4842, 2100, 18980.17, 11.24, 9.61
12:37:33, 1028.80, 10.61, 272, 403, 549, 689, 766, 839, 980, 1128, 4761, 2053, 18980.17, 11.24, 9.61
12:37:33, 1029.00, 10.61, 257, 379, 519, 648, 739, 807, 945, 1085, 4779, 2001, 18996.60, 11.23, 9.61
12:37:34, 1028.90, 10.61, 264, 389, 532, 664, 699, 766, 896, 1027, 4832, 2164, 18931.00, 11.30, 9.61
12:37:34, 1029.00, 10.60, 246, 362, 497, 619, 720, 786, 923, 1055, 4716, 1986, 18980.17, 11.24, 9.61
12:37:35, 1029.00, 10.60, 260, 385, 525, 656, 697, 758, 889, 1023, 4763, 2021, 19013.05, 11.21, 9.61
12:37:35, 1028.70, 10.59, 272, 404, 549, 688, 729, 795, 931, 1072, 4884, 2156, 18980.17, 11.24, 9.61
12:37:35, 1028.50, 10.59, 257, 380, 520, 649, 762, 831, 977, 1122, 4878, 2080, 18931.00, 11.30, 9.61
12:37:36, 1028.70, 10.59, 267, 398, 538, 677, 720, 782, 919, 1060, 4790, 2137, 18996.60, 11.23, 9.61
12:37:36, 1028.80, 10.59, 262, 389, 531, 664, 712, 777, 912, 1047, 4771, 2088, 18980.17, 11.24, 9.61
12:37:37, 1028.80, 10.58, 264, 391, 533, 665, 705, 769, 903, 1036, 4712, 2044, 18996.60, 11.23, 9.61
12:37:37, 1028.90, 10.59, 267, 397, 541, 677, 717, 782, 918, 1055, 4700, 2046, 18996.60, 11.23, 9.62
12:37:38, 1028.70, 10.58, 270, 402, 547, 687, 727, 792, 930, 1067, 4749, 2023, 19013.05, 11.21, 9.62
12:37:38, 1028.80, 10.59, 272, 404, 549, 689, 727, 792, 928, 1069, 4832, 2143, 19013.05, 11.21, 9.62
12:37:38, 1028.50, 10.59, 254, 376, 515, 642, 742, 807, 948, 1091, 4837, 2100, 18980.17, 11.24, 9.61
12:37:39, 1028.70, 10.59, 268, 398, 540, 677, 749, 817, 959, 1105, 4829, 2151, 19013.05, 11.21, 9.61
12:37:39, 1028.40, 10.59, 270, 406, 548, 692, 733, 797, 935, 1078, 4879, 2118, 18963.76, 11.26, 9.60
12:37:40, 1028.70, 10.59, 276, 414, 559, 707, 722, 784, 921, 1060, 4884, 2167, 18996.60, 11.23, 9.60
12:37:40, 1028.50, 10.59, 272, 407, 551, 694, 741, 807, 946, 1089, 4878, 2097, 18996.60, 11.23, 9.60
12:37:40, 1028.80, 10.59, 263, 392, 531, 668, 697, 754, 887, 1019, 4853, 2184, 19013.05, 11.21, 9.60
12:37:41, 1028.60, 10.59, 270, 399, 544, 680, 700, 758, 892, 1023, 4902, 2163, 18963.76, 11.26, 9.60
12:37:41, 1028.60, 10.59, 275, 408, 553, 695, 714, 777, 910, 1046, 4937, 2202, 18996.60, 11.23, 9.60
12:37:42, 1028.40, 10.59, 270, 397, 542, 676, 723, 785, 921, 1057, 4927, 2182, 19029.51, 11.19, 9.60
12:37:42, 1028.40, 10.59, 268, 394, 536, 669, 722, 787, 921, 1060, 4927, 2220, 18996.60, 11.23, 9.60
12:37:42, 1028.70, 10.59, 270, 399, 544, 680, 738, 804, 939, 1081, 4901, 2128, 19062.50, 11.16, 9.60
12:37:43, 1028.60, 10.58, 264, 387, 530, 659, 713, 771, 905, 1040, 4922, 2117, 19013.05, 11.21, 9.60
12:37:43, 1028.70, 10.58, 261, 383, 527, 655, 702, 762, 891, 1024, 4839, 2123, 18996.60, 11.23, 9.60
12:37:44, 1027.60, 10.58, 263, 387, 530, 658, 733, 801, 926, 1078, 4945, 2203, 18947.37, 11.28, 9.60
12:37:44, 1027.20, 10.58, 271, 397, 543, 674, 708, 769, 898, 1036, 4955, 2268, 18980.17, 11.24, 9.60
12:37:45, 1028.40, 10.57, 256, 376, 511, 637, 685, 747, 873, 1006, 4826, 2226, 18980.17, 11.24, 9.59
12:37:45, 1027.30, 10.56, 256, 377, 514, 642, 711, 779, 906, 1046, 4869, 2199, 18996.60, 11.23, 9.59
12:37:45, 1027.90, 10.55, 263, 387, 526, 658, 699, 761, 889, 1024, 4922, 2254, 19029.51, 11.19, 9.59
12:37:46, 1029.00, 10.54, 255, 373, 511, 635, 657, 710, 830, 955, 4857, 2235, 18996.60, 11.23, 9.59
12:37:46, 1030.00, 10.53, 216, 310, 433, 535, 644, 700, 813, 943, 4592, 1876, 19029.51, 11.19, 9.59
12:37:47, 1030.60, 10.52, 225, 329, 459, 563, 660, 716, 832, 965, 4573, 1762, 18947.37, 11.28, 9.59
12:37:47, 1031.40, 10.52, 218, 320, 448, 550, 624, 673, 787, 909, 4368, 1632, 19013.05, 11.21, 9.59
12:37:47, 1032.80, 10.51, 233, 344, 483, 594, 614, 661, 773, 893, 4248, 1453, 19045.99, 11.17, 9.59
12:37:48, 1034.80, 10.51, 224, 334, 470, 579, 624, 674, 782, 907, 4124, 1254, 19013.05, 11.21, 9.59
12:37:48, 1036.80, 10.50, 207, 311, 442, 548, 613, 659, 767, 886, 3980, 1084, 19062.50, 11.16, 9.59
12:37:49, 1038.80, 10.50, 195, 295, 422, 526, 596, 639, 745, 857, 3826, 952, 19029.51, 11.19, 9.59
12:37:49, 1040.10, 10.49, 192, 290, 417, 521, 577, 615, 720, 824, 3749, 904, 18996.60, 11.23, 9.59
12:37:49, 1043.40, 10.49, 188, 288, 415, 522, 576, 612, 716, 816, 3591, 757, 18996.60, 11.23, 9.59
12:37:50, 1046.20, 10.49, 177, 274, 399, 504, 566, 601, 700, 797, 3422, 649, 18980.17, 11.24, 9.59
12:37:50, 1048.70, 10.49, 169, 263, 386, 489, 554, 588, 684, 776, 3279, 571, 18980.17, 11.24, 9.59
12:37:51, 1049.90, 10.49, 162, 254, 375, 475, 548, 581, 675, 766, 3208, 531, 19045.99, 11.17, 9.59
12:37:51, 1051.70, 10.48, 158, 248, 368, 467, 522, 553, 643, 726, 3074, 493, 18996.60, 11.23, 9.59
12:37:52, 1054.10, 10.48, 152, 241, 359, 457, 514, 543, 631, 710, 2978, 450, 19062.50, 11.16, 9.57
12:37:52, 1058.60, 10.48, 147, 235, 354, 451, 504, 533, 616, 692, 2805, 379, 18980.17, 11.24, 9.57
12:37:52, 1062.50, 10.47, 135, 218, 332, 427, 479, 503, 583, 648, 2633, 320, 19045.99, 11.17, 9.57
12:37:53, 1066.10, 10.46, 126, 206, 317, 412, 471, 494, 571, 632, 2526, 276, 18996.60, 11.23, 9.56
12:37:53, 1068.30, 10.46, 121, 199, 307, 400, 466, 488, 563, 621, 2467, 255, 19029.51, 11.19, 9.56
12:37:54, 1070.00, 10.45, 118, 196, 303, 397, 458, 481, 554, 610, 2417, 241, 19045.99, 11.17, 9.55
12:37:54, 1071.70, 10.45, 117, 195, 303, 399, 449, 472, 543, 597, 2359, 228, 19045.99, 11.17, 9.55
12:37:54, 1073.70, 10.45, 115, 192, 298, 397, 449, 471, 542, 594, 2287, 213, 19045.99, 11.17, 9.55
12:37:55, 1077.30, 10.45, 107, 182, 283, 380, 440, 461, 531, 579, 2124, 187, 19062.50, 11.16, 9.56
12:37:55, 1080.40, 10.45, 101, 175, 273, 369, 423, 439, 508, 551, 1959, 167, 19029.51, 11.19, 9.56
12:37:56, 1082.70, 10.44, 98, 171, 269, 365, 422, 434, 506, 547, 1805, 150, 19013.05, 11.21, 9.55
12:37:56, 1086.10, 10.44, 93, 163, 258, 350, 414, 421, 491, 532, 1599, 127, 19013.05, 11.21, 9.55
12:37:56, 1088.00, 10.44, 91, 160, 257, 345, 414, 422, 483, 530, 1416, 110, 19045.99, 11.17, 9.55
12:37:57, 1089.40, 10.44, 91, 157, 254, 340, 412, 426, 472, 531, 1211, 90, 19062.50, 11.16, 9.55
12:37:57, 1090.00, 10.44, 91, 155, 251, 339, 398, 419, 456, 518, 1034, 73, 19013.05, 11.21, 9.55
12:37:58, 1090.60, 10.43, 91, 155, 251, 343, 395, 421, 457, 516, 993, 68, 19029.51, 11.19, 9.54
12:37:58, 1090.90, 10.43, 89, 152, 246, 339, 395, 421, 460, 513, 993, 66, 19013.05, 11.21, 9.54
12:37:59, 1092.30, 10.42, 87, 149, 241, 334, 388, 413, 453, 500, 965, 64, 19045.99, 11.17, 9.54
12:37:59, 1094.30, 10.41, 83, 144, 233, 326, 381, 404, 446, 487, 930, 60, 19045.99, 11.17, 9.53
12:37:59, 1096.10, 10.40, 80, 140, 227, 320, 372, 393, 437, 473, 895, 57, 19079.02, 11.14, 9.53
12:38:00, 1097.90, 10.40, 80, 140, 227, 321, 369, 389, 432, 465, 896, 56, 19029.51, 11.19, 9.51
12:38:00, 1101.00, 10.39, 77, 135, 221, 312, 358, 377, 416, 448, 852, 53, 19045.99, 11.17, 9.51
12:38:01, 1104.00, 10.38, 74, 131, 215, 304, 351, 371, 405, 438, 824, 50, 19045.99, 11.17, 9.51
12:38:01, 1106.40, 10.37, 73, 128, 212, 300, 348, 368, 397, 432, 814, 49, 18996.60, 11.23, 9.48
12:38:01, 1108.10, 10.37, 71, 126, 210, 295, 346, 365, 392, 428, 807, 49, 19079.02, 11.14, 9.48
12:38:02, 1110.00, 10.36, 70, 124, 207, 291, 342, 361, 386, 422, 793, 48, 19079.02, 11.14, 9.47
12:38:02, 1112.10, 10.36, 70, 124, 207, 292, 340, 359, 384, 417, 780, 46, 19045.99, 11.17, 9.47
12:38:03, 1113.30, 10.35, 69, 122, 205, 290, 343, 360, 387, 416, 787, 46, 19062.50, 11.16, 9.47
12:38:03, 1115.20, 10.35, 68, 121, 203, 289, 339, 355, 383, 408, 775, 45, 19062.50, 11.16, 9.48
12:38:03, 1117.00, 10.34, 67, 120, 201, 288, 337, 352, 380, 402, 778, 45, 19029.51, 11.19, 9.48
12:38:04, 1119.20, 10.34, 64, 116, 195, 281, 333, 348, 376, 395, 773, 44, 19045.99, 11.17, 9.48
12:38:04, 1122.10, 10.34, 62, 112, 191, 275, 324, 338, 365, 382, 740, 42, 19062.50, 11.16, 9.48
12:38:05, 1124.30, 10.34, 60, 109, 185, 268, 317, 330, 355, 370, 706, 40, 19062.50, 11.16, 9.48
12:38:05, 1126.60, 10.33, 59, 108, 184, 268, 314, 327, 351, 365, 705, 40, 19029.51, 11.19, 9.48
12:38:06, 1129.70, 10.33, 58, 105, 181, 262, 311, 323, 346, 357, 694, 39, 19062.50, 11.16, 9.48
12:38:06, 1132.40, 10.33, 56, 103, 177, 258, 307, 318, 341, 349, 679, 38, 19079.02, 11.14, 9.48
12:38:06, 1134.80, 10.32, 55, 102, 176, 258, 305, 315, 338, 344, 685, 38, 19045.99, 11.17, 9.48
12:38:07, 1137.40, 10.32, 54, 101, 175, 256, 308, 316, 339, 343, 699, 39, 19045.99, 11.17, 9.48
12:38:07, 1140.60, 10.32, 53, 99, 172, 253, 300, 309, 329, 331, 655, 36, 19095.57, 11.12, 9.48
12:38:08, 1140.90, 10.32, 53, 99, 173, 253, 298, 307, 325, 329, 632, 35, 19062.50, 11.16, 9.48
12:38:08, 1143.00, 10.32, 55, 102, 178, 260, 311, 320, 333, 343, 710, 39, 19062.50, 11.16, 9.49
12:38:08, 1145.10, 10.32, 53, 98, 172, 250, 306, 315, 325, 338, 688, 38, 19045.99, 11.17, 9.49
12:38:09, 1147.10, 10.32, 53, 97, 171, 247, 302, 310, 319, 332, 678, 38, 19079.02, 11.14, 9.49
12:38:09, 1149.70, 10.32, 52, 96, 170, 245, 292, 299, 307, 318, 645, 36, 19095.57, 11.12, 9.48
12:38:10, 1152.20, 10.31, 51, 93, 166, 239, 290, 294, 302, 312, 641, 36, 19062.50, 11.16, 9.48
12:38:10, 1154.60, 10.31, 52, 96, 171, 246, 294, 299, 304, 315, 670, 38, 19095.57, 11.12, 9.49
12:38:11, 1156.40, 10.31, 49, 91, 163, 235, 290, 294, 299, 308, 661, 37, 19062.50, 11.16, 9.49
12:38:11, 1159.10, 10.31, 48, 89, 160, 231, 283, 286, 291, 298, 634, 36, 19079.02, 11.14, 9.49
12:38:11, 1161.40, 10.31, 47, 88, 158, 229, 280, 282, 286, 292, 623, 35, 19095.57, 11.12, 9.50
12:38:12, 1163.10, 10.31, 47, 88, 159, 230, 282, 285, 288, 293, 624, 35, 19079.02, 11.14, 9.50
12:38:12, 1166.60, 10.31, 45, 84, 153, 223, 275, 279, 281, 284, 593, 33, 19029.51, 11.19, 9.52
12:38:13, 1169.00, 10.31, 43, 81, 148, 217, 269, 272, 273, 275, 557, 31, 19062.50, 11.16, 9.52
12:38:13, 1170.80, 10.31, 44, 83, 150, 221, 266, 270, 270, 270, 542, 30, 19095.57, 11.12, 9.52
12:38:13, 1173.40, 10.31, 43, 81, 148, 218, 259, 261, 262, 260, 510, 28, 19062.50, 11.16, 9.52
12:38:14, 1175.20, 10.31, 42, 79, 144, 214, 259, 262, 263, 258, 519, 28, 19079.02, 11.14, 9.52
12:38:14, 1177.20, 10.31, 41, 78, 142, 212, 257, 260, 261, 255, 514, 28, 19062.50, 11.16, 9.52
12:38:15, 1179.50, 10.31, 40, 76, 139, 208, 249, 251, 252, 245, 484, 26, 19062.50, 11.16, 9.52
12:38:15, 1181.20, 10.31, 39, 75, 137, 206, 250, 251, 252, 244, 490, 26, 19062.50, 11.16, 9.52
12:38:15, 1183.80, 10.31, 39, 75, 138, 206, 249, 250, 251, 241, 488, 26, 19045.99, 11.17, 9.52
12:38:16, 1186.00, 10.31, 38, 73, 135, 203, 246, 246, 247, 236, 475, 25, 19095.57, 11.12, 9.52
12:38:16, 1188.10, 10.31, 38, 73, 135, 203, 246, 245, 245, 233, 482, 26, 19095.57, 11.12, 9.54
12:38:17, 1191.20, 10.31, 37, 71, 131, 198, 243, 242, 241, 229, 475, 25, 19128.70, 11.08, 9.54
12:38:17, 1193.80, 10.31, 36, 70, 131, 196, 240, 239, 236, 224, 467, 25, 19128.70, 11.08, 9.54
12:38:18, 1196.20, 10.31, 36, 69, 128, 195, 240, 238, 235, 222, 472, 25, 19095.57, 11.12, 9.54
12:38:18, 1198.70, 10.31, 35, 67, 126, 191, 236, 234, 230, 217, 457, 24, 19128.70, 11.08, 9.54
12:38:18, 1200.40, 10.31, 35, 67, 127, 191, 234, 232, 228, 214, 448, 24, 19079.02, 11.14, 9.55
12:38:19, 1202.30, 10.31, 35, 67, 128, 193, 232, 230, 225, 212, 442, 23, 19095.57, 11.12, 9.55
12:38:19, 1205.00, 10.31, 35, 67, 127, 193, 233, 231, 223, 210, 449, 24, 19095.57, 11.12, 9.55
12:38:20, 1207.00, 10.31, 34, 66, 125, 190, 232, 230, 223, 208, 445, 24, 19095.57, 11.12, 9.54
12:38:20, 1209.90, 10.31, 33, 65, 122, 186, 228, 225, 218, 203, 431, 23, 19128.70, 11.08, 9.54
12:38:20, 1212.40, 10.31, 33, 64, 122, 186, 228, 225, 218, 201, 434, 23, 19095.57, 11.12, 9.55
12:38:21, 1214.60, 10.31, 33, 64, 122, 186, 228, 224, 217, 199, 438, 23, 19112.12, 11.10, 9.55
12:38:21, 1217.30, 10.31, 32, 63, 120, 183, 226, 221, 213, 195, 430, 23, 19079.02, 11.14, 9.55
12:38:22, 1219.80, 10.31, 32, 63, 120, 184, 225, 220, 211, 193, 429, 23, 19112.12, 11.10, 9.55
12:38:22, 1222.10, 10.31, 31, 62, 119, 181, 223, 218, 207, 190, 418, 22, 19112.12, 11.10, 9.55
12:38:22, 1224.70, 10.30, 31, 62, 119, 181, 220, 216, 204, 187, 411, 22, 19095.57, 11.12, 9.55
12:38:23, 1227.30, 10.30, 31, 61, 118, 180, 218, 212, 199, 183, 406, 22, 19145.30, 11.07, 9.55
12:38:23, 1229.70, 10.30, 31, 60, 117, 178, 218, 212, 198, 182, 410, 22, 19095.57, 11.12, 9.55
12:38:24, 1232.70, 10.30, 30, 59, 115, 174, 214, 208, 194, 177, 401, 21, 19128.70, 11.08, 9.54
12:38:24, 1235.30, 10.30, 29, 58, 114, 173, 212, 205, 191, 174, 392, 21, 19079.02, 11.14, 9.54
12:38:24, 1237.60, 10.30, 30, 59, 115, 175, 211, 204, 189, 172, 391, 21, 19161.92, 11.05, 9.55
12:38:25, 1239.90, 10.30, 29, 58, 113, 173, 212, 205, 189, 171, 397, 21, 19095.57, 11.12, 9.55
12:38:25, 1242.80, 10.30, 28, 56, 111, 169, 210, 202, 186, 168, 390, 21, 19145.30, 11.07, 9.55
12:38:26, 1245.30, 10.30, 28, 55, 109, 167, 207, 200, 184, 165, 382, 20, 19095.57, 11.12, 9.55
12:38:26, 1248.00, 10.30, 27, 54, 108, 165, 206, 199, 182, 162, 381, 20, 19128.70, 11.08, 9.55
12:38:27, 1250.80, 10.30, 27, 54, 106, 163, 204, 196, 178, 159, 374, 20, 19112.12, 11.10, 9.55
12:38:27, 1252.30, 10.30, 27, 54, 107, 165, 205, 197, 179, 159, 382, 20, 19095.57, 11.12, 9.55
12:38:27, 1255.10, 10.30, 26, 52, 104, 160, 201, 192, 174, 154, 367, 19, 19128.70, 11.08, 9.55
12:38:28, 1257.90, 10.30, 26, 53, 105, 162, 200, 192, 173, 153, 370, 19, 19112.12, 11.10, 9.55
12:38:28, 1260.90, 10.30, 25, 51, 102, 157, 196, 187, 169, 148, 357, 19, 19145.30, 11.07, 9.55
12:38:29, 1263.30, 10.30, 25, 50, 100, 155, 191, 182, 164, 143, 339, 18, 19161.92, 11.05, 9.56
12:38:29, 1266.20, 10.30, 25, 50, 100, 155, 190, 181, 162, 140, 337, 18, 19128.70, 11.08, 9.56
12:38:29, 1268.50, 10.31, 24, 49, 99, 154, 189, 180, 161, 139, 338, 18, 19112.12, 11.10, 9.56
12:38:30, 1271.40, 10.30, 23, 48, 96, 150, 186, 176, 157, 134, 325, 17, 19128.70, 11.08, 9.56
12:38:30, 1274.40, 10.30, 23, 47, 95, 149, 184, 174, 156, 132, 324, 17, 19145.30, 11.07, 9.56
12:38:31, 1277.10, 10.30, 23, 46, 94, 148, 183, 172, 154, 130, 322, 17, 19112.12, 11.10, 9.57
12:38:31, 1280.00, 10.30, 22, 46, 93, 147, 181, 170, 152, 127, 321, 17, 19128.70, 11.08, 9.57
12:38:31, 1283.70, 10.30, 22, 45, 91, 144, 179, 167, 149, 124, 314, 16, 19079.02, 11.14, 9.57
12:38:32, 1287.40, 10.30, 21, 44, 89, 141, 174, 162, 145, 119, 300, 15, 19079.02, 11.14, 9.57
12:38:32, 1290.00, 10.30, 21, 44, 90, 143, 177, 165, 146, 120, 313, 16, 19145.30, 11.07, 9.57
12:38:33, 1293.40, 10.30, 21, 44, 90, 142, 177, 165, 144, 119, 314, 16, 19161.92, 11.05, 9.58
12:38:33, 1296.20, 10.31, 21, 42, 87, 138, 173, 161, 140, 115, 299, 15, 19161.92, 11.05, 9.58
12:38:34, 1299.50, 10.30, 21, 42, 88, 138, 171, 159, 137, 114, 297, 15, 19128.70, 11.08, 9.58
12:38:34, 1302.80, 10.30, 20, 42, 87, 136, 168, 156, 134, 110, 289, 15, 19161.92, 11.05, 9.58
12:38:34, 1306.40, 10.30, 20, 42, 87, 136, 168, 155, 132, 109, 291, 15, 19095.57, 11.12, 9.58
12:38:35, 1309.60, 10.30, 20, 40, 84, 133, 166, 154, 131, 107, 289, 15, 19161.92, 11.05, 9.59
12:38:35, 1312.60, 10.30, 19, 39, 82, 129, 162, 149, 127, 102, 271, 14, 19145.30, 11.07, 9.59
12:38:36, 1316.20, 10.30, 19, 38, 81, 128, 159, 146, 124, 100, 266, 14, 19145.30, 11.07, 9.59
12:38:36, 1319.50, 10.31, 18, 37, 79, 126, 157, 143, 122, 97, 259, 13, 19112.12, 11.10, 9.59
12:38:36, 1321.90, 10.31, 18, 37, 78, 125, 153, 140, 119, 94, 249, 13, 19145.30, 11.07, 9.59
12:38:37, 1323.50, 10.31, 18, 37, 79, 127, 154, 141, 120, 94, 257, 13, 19161.92, 11.05, 9.60
12:38:37, 1325.20, 10.31, 18, 37, 78, 125, 155, 141, 120, 93, 261, 13, 19128.70, 11.08, 9.60
12:38:38, 1327.00, 10.31, 17, 36, 76, 122, 153, 139, 118, 91, 255, 13, 19145.30, 11.07, 9.60
12:38:38, 1330.10, 10.31, 17, 35, 74, 119, 150, 135, 115, 89, 247, 13, 19128.70, 11.08, 9.60
12:38:38, 1333.80, 10.32, 16, 34, 73, 118, 146, 132, 112, 86, 239, 12, 19145.30, 11.07, 9.60
12:38:39, 1337.00, 10.32, 16, 34, 73, 117, 147, 132, 112, 85, 245, 12, 19178.55, 11.03, 9.61
12:38:39, 1339.90, 10.32, 16, 34, 73, 118, 147, 132, 111, 84, 247, 13, 19145.30, 11.07, 9.61
12:38:40, 1342.00, 10.32, 16, 33, 72, 116, 146, 131, 110, 83, 247, 13, 19128.70, 11.08, 9.61
12:38:40, 1345.20, 10.33, 15, 33, 70, 115, 144, 128, 108, 81, 243, 12, 19178.55, 11.03, 9.61
12:38:41, 1347.30, 10.32, 15, 33, 70, 115, 150, 133, 112, 83, 271, 14, 19145.30, 11.07, 9.61
12:38:41, 1348.10, 10.33, 16, 35, 75, 123, 151, 134, 113, 83, 280, 14, 19128.70, 11.08, 9.62
12:38:41, 1347.30, 10.33, 15, 33, 72, 117, 146, 129, 109, 81, 262, 13, 19145.30, 11.07, 9.62
12:38:42, 1346.50, 10.33, 16, 34, 72, 118, 146, 129, 109, 81, 258, 13, 19128.70, 11.08, 9.62
12:38:42, 1344.60, 10.33, 16, 33, 72, 117, 147, 130, 110, 82, 253, 13, 19161.92, 11.05, 9.61
12:38:43, 1344.50, 10.33, 15, 33, 71, 115, 142, 126, 106, 80, 232, 12, 19145.30, 11.07, 9.61
12:38:43, 1343.20, 10.33, 16, 33, 71, 115, 144, 129, 108, 82, 234, 12, 19145.30, 11.07, 9.61
12:38:43, 1343.10, 10.33, 16, 33, 71, 115, 145, 130, 108, 82, 236, 12, 19161.92, 11.05, 9.61
12:38:44, 1341.90, 10.34, 16, 33, 72, 115, 147, 132, 109, 84, 244, 13, 19178.55, 11.03, 9.61
12:38:44, 1341.10, 10.34, 16, 33, 71, 114, 146, 131, 108, 84, 244, 13, 19195.21, 11.01, 9.61
12:38:45, 1341.50, 10.34, 16, 34, 73, 116, 144, 130, 107, 83, 246, 13, 19161.92, 11.05, 9.61
12:38:45, 1342.20, 10.34, 16, 33, 72, 114, 142, 127, 105, 82, 247, 13, 19195.21, 11.01, 9.62
12:38:46, 1342.30, 10.34, 16, 33, 71, 114, 142, 127, 104, 81, 253, 13, 19161.92, 11.05, 9.62
12:38:46, 1342.40, 10.34, 16, 33, 71, 113, 143, 127, 105, 82, 265, 14, 19178.55, 11.03, 9.62
12:38:46, 1342.20, 10.35, 15, 32, 70, 111, 142, 126, 104, 81, 272, 14, 19161.92, 11.05, 9.61
12:38:47, 1342.00, 10.35, 15, 32, 69, 110, 141, 125, 103, 80, 277, 15, 19178.55, 11.03, 9.61
12:38:47, 1342.40, 10.35, 15, 32, 69, 109, 139, 123, 102, 79, 279, 15, 19195.21, 11.01, 9.62
12:38:48, 1342.40, 10.35, 15, 31, 68, 108, 136, 120, 100, 78, 282, 15, 19178.55, 11.03, 9.62
12:38:48, 1342.40, 10.36, 15, 31, 67, 107, 136, 120, 100, 77, 291, 16, 19178.55, 11.03, 9.62
12:38:48, 1343.00, 10.36, 14, 31, 67, 105, 135, 119, 99, 76, 299, 16, 19145.30, 11.07, 9.61
12:38:49, 1342.40, 10.36, 14, 31, 67, 105, 136, 119, 100, 77, 310, 17, 19128.70, 11.08, 9.61
12:38:49, 1342.40, 10.36, 14, 30, 66, 105, 134, 117, 99, 75, 312, 17, 19211.88, 11.00, 9.62
12:38:50, 1342.50, 10.37, 14, 30, 66, 104, 133, 117, 99, 75, 318, 17, 19195.21, 11.01, 9.62
12:38:50, 1342.50, 10.36, 14, 30, 65, 103, 133, 116, 98, 75, 325, 18, 19145.30, 11.07, 9.62
12:38:50, 1342.50, 10.37, 14, 30, 65, 103, 132, 116, 98, 74, 331, 18, 19195.21, 11.01, 9.61
12:38:51, 1342.40, 10.37, 14, 30, 65, 103, 132, 116, 98, 74, 333, 18, 19161.92, 11.05, 9.61
12:38:51, 1342.20, 10.37, 14, 30, 65, 103, 133, 116, 99, 74, 336, 18, 19211.88, 11.00, 9.62
12:38:52, 1342.30, 10.38, 14, 30, 65, 103, 131, 115, 97, 73, 333, 18, 19145.30, 11.07, 9.62
12:38:52, 1342.30, 10.38, 14, 30, 65, 102, 131, 115, 97, 74, 334, 18, 19195.21, 11.01, 9.62
12:38:53, 1342.20, 10.38, 14, 30, 65, 103, 132, 116, 98, 74, 334, 18, 19145.30, 11.07, 9.62
12:38:53, 1342.20, 10.38, 14, 30, 65, 103, 133, 116, 99, 75, 332, 18, 19161.92, 11.05, 9.62
12:38:53, 1342.10, 10.38, 14, 30, 66, 104, 134, 117, 99, 75, 329, 18, 19161.92, 11.05, 9.62
12:38:54, 1341.90, 10.39, 14, 30, 66, 105, 135, 118, 100, 76, 324, 18, 19178.55, 11.03, 9.62
12:38:54, 1342.00, 10.39, 14, 30, 66, 105, 135, 118, 100, 76, 315, 17, 19228.57, 10.98, 9.62
12:38:55, 1341.90, 10.39, 14, 31, 67, 106, 136, 120, 101, 77, 307, 17, 19161.92, 11.05, 9.61
12:38:55, 1342.20, 10.39, 15, 31, 68, 107, 137, 121, 101, 78, 296, 16, 19145.30, 11.07, 9.61
12:38:55, 1342.10, 10.38, 15, 31, 68, 107, 139, 123, 102, 79, 282, 15, 19195.21, 11.01, 9.63
12:38:56, 1341.90, 10.39, 15, 32, 69, 109, 140, 125, 103, 80, 266, 14, 19178.55, 11.03, 9.63
12:38:56, 1341.60, 10.38, 16, 32, 70, 112, 141, 126, 104, 81, 250, 13, 19195.21, 11.01, 9.63
12:38:57, 1341.80, 10.38, 16, 32, 70, 112, 142, 127, 104, 82, 236, 12, 19178.55, 11.03, 9.62
12:38:57, 1341.20, 10.38, 15, 32, 69, 110, 140, 126, 104, 80, 219, 11, 19178.55, 11.03, 9.62
12:38:57, 1341.20, 10.38, 15, 32, 70, 112, 142, 128, 106, 82, 224, 11, 19211.88, 11.00, 9.62
12:38:58, 1341.40, 10.38, 15, 32, 70, 113, 142, 128, 107, 81, 225, 11, 19178.55, 11.03, 9.62
12:38:58, 1341.20, 10.38, 15, 32, 70, 114, 144, 129, 108, 82, 234, 12, 19161.92, 11.05, 9.62
12:38:59, 1340.90, 10.38, 15, 32, 70, 114, 144, 129, 108, 82, 238, 12, 19161.92, 11.05, 9.61
12:38:59, 1341.10, 10.38, 15, 33, 70, 114, 143, 128, 108, 82, 239, 12, 19195.21, 11.01, 9.61
12:38:0, 1340.80, 10.38, 16, 33, 71, 116, 145, 130, 110, 82, 247, 13, 19211.88, 11.00, 9.62
12:39:00, 1340.80, 10.38, 16, 33, 71, 116, 146, 130, 111, 83, 251, 13, 19178.55, 11.03, 9.62
12:39:00, 1340.60, 10.38, 16, 33, 72, 117, 147, 131, 111, 84, 254, 13, 19161.92, 11.05, 9.62
12:39:01, 1340.40, 10.38, 16, 34, 72, 118, 148, 132, 112, 84, 255, 13, 19211.88, 11.00, 9.62
12:39:01, 1340.60, 10.39, 16, 34, 72, 118, 148, 132, 112, 84, 253, 13, 19161.92, 11.05, 9.62
12:39:02, 1340.40, 10.38, 16, 34, 73, 118, 151, 135, 114, 86, 256, 13, 19178.55, 11.03, 9.62
12:39:02, 1338.20, 10.38, 16, 34, 73, 119, 151, 135, 114, 86, 250, 13, 19211.88, 11.00, 9.62
12:39:02, 1335.70, 10.38, 17, 35, 75, 121, 153, 138, 117, 89, 251, 13, 19195.21, 11.01, 9.62
12:39:03, 1333.70, 10.38, 17, 36, 76, 123, 154, 139, 117, 90, 249, 13, 19228.57, 10.98, 9.62
12:39:03, 1333.10, 10.38, 17, 36, 77, 124, 155, 140, 118, 92, 253, 13, 19195.21, 11.01, 9.62
12:39:04, 1331.10, 10.38, 17, 35, 75, 120, 153, 139, 116, 91, 247, 13, 19211.88, 11.00, 9.62
12:39:04, 1329.40, 10.37, 17, 36, 76, 122, 155, 141, 117, 93, 259, 14, 19178.55, 11.03, 9.62
12:39:04, 1327.60, 10.38, 17, 36, 77, 122, 151, 137, 115, 91, 259, 14, 19195.21, 11.01, 9.62
12:39:05, 1325.10, 10.37, 18, 36, 78, 123, 152, 138, 116, 92, 275, 15, 19161.92, 11.05, 9.61
12:39:05, 1323.00, 10.37, 18, 37, 80, 125, 155, 140, 118, 95, 299, 16, 19178.55, 11.03, 9.61
12:39:06, 1320.90, 10.37, 18, 37, 78, 123, 156, 141, 119, 96, 306, 16, 19195.21, 11.01, 9.62
12:39:06, 1319.80, 10.37, 18, 37, 78, 123, 156, 141, 119, 96, 304, 16, 19211.88, 11.00, 9.62
12:39:06, 1317.40, 10.36, 18, 36, 77, 121, 154, 140, 119, 96, 298, 16, 19195.21, 11.01, 9.62
12:39:07, 1314.60, 10.36, 17, 36, 76, 119, 155, 141, 120, 97, 295, 16, 19195.21, 11.01, 9.60
12:39:07, 1312.10, 10.36, 18, 36, 77, 121, 155, 141, 120, 98, 288, 15, 19228.57, 10.98, 9.60
12:39:08, 1309.70, 10.36, 18, 38, 79, 124, 157, 143, 121, 100, 289, 15, 19195.21, 11.01, 9.61
12:39:08, 1306.90, 10.36, 19, 39, 82, 128, 161, 148, 125, 104, 298, 16, 19211.88, 11.00, 9.61
12:39:09, 1304.50, 10.36, 19, 39, 82, 129, 164, 150, 129, 106, 296, 16, 19195.21, 11.01, 9.61
12:39:09, 1302.40, 10.35, 19, 39, 82, 129, 167, 154, 131, 109, 296, 16, 19178.55, 11.03, 9.60
12:39:09, 1300.40, 10.35, 19, 39, 81, 127, 165, 153, 131, 109, 283, 15, 19228.57, 10.98, 9.60
12:39:10, 1297.90, 10.35, 20, 40, 84, 132, 165, 153, 132, 110, 280, 15, 19195.21, 11.01, 9.61
12:39:10, 1295.50, 10.35, 20, 41, 85, 134, 167, 155, 134, 112, 288, 15, 19211.88, 11.00, 9.61
12:39:11, 1293.20, 10.35, 21, 42, 87, 135, 169, 157, 136, 114, 296, 16, 19211.88, 11.00, 9.61
12:39:11, 1290.50, 10.35, 21, 43, 89, 138, 175, 162, 141, 119, 323, 17, 19195.21, 11.01, 9.59
12:39:11, 1288.70, 10.35, 21, 43, 90, 140, 179, 166, 144, 122, 343, 18, 19211.88, 11.00, 9.59
12:39:12, 1286.50, 10.35, 22, 44, 91, 140, 180, 167, 146, 124, 353, 19, 19245.29, 10.96, 9.60
12:39:12, 1284.00, 10.35, 22, 44, 92, 142, 180, 168, 147, 125, 357, 19, 19228.57, 10.98, 9.60
12:39:13, 1281.40, 10.35, 22, 45, 93, 143, 181, 169, 148, 127, 357, 19, 19211.88, 11.00, 9.60
12:39:13, 1279.10, 10.35, 22, 45, 93, 144, 183, 171, 150, 129, 365, 20, 19195.21, 11.01, 9.59
12:39:13, 1276.40, 10.35, 22, 45, 93, 143, 184, 172, 152, 131, 366, 20, 19245.29, 10.96, 9.59
12:39:14, 1273.50, 10.34, 23, 47, 96, 148, 188, 176, 156, 135, 379, 20, 19195.21, 11.01, 9.59
12:39:14, 1271.10, 10.34, 24, 48, 98, 150, 190, 178, 159, 138, 387, 21, 19178.55, 11.03, 9.59
12:39:15, 1268.90, 10.34, 24, 48, 98, 150, 189, 177, 159, 138, 379, 21, 19211.88, 11.00, 9.59
12:39:15, 1267.60, 10.33, 24, 49, 99, 152, 190, 179, 160, 140, 384, 21, 19228.57, 10.98, 9.58
12:39:16, 1266.10, 10.33, 25, 50, 101, 155, 193, 181, 163, 142, 390, 21, 19245.29, 10.96, 9.58
12:39:16, 1264.20, 10.33, 25, 50, 101, 156, 195, 184, 165, 145, 385, 21, 19228.57, 10.98, 9.58
12:39:16, 1262.50, 10.33, 25, 50, 101, 155, 194, 184, 166, 145, 371, 20, 19228.57, 10.98, 9.58
12:39:17, 1261.00, 10.33, 25, 51, 103, 158, 199, 188, 170, 149, 382, 21, 19228.57, 10.98, 9.58
12:39:17, 1259.10, 10.32, 26, 52, 104, 160, 202, 192, 173, 153, 390, 21, 19228.57, 10.98, 9.57
12:39:18, 1257.30, 10.32, 26, 52, 104, 160, 202, 193, 174, 154, 390, 21, 19195.21, 11.01, 9.57
12:39:18, 1255.50, 10.32, 26, 52, 104, 160, 203, 194, 176, 156, 394, 21, 19228.57, 10.98, 9.57
12:39:18, 1253.60, 10.32, 26, 53, 106, 162, 205, 196, 178, 158, 403, 22, 19245.29, 10.96, 9.57
12:39:19, 1252.40, 10.32, 27, 53, 107, 163, 206, 196, 179, 159, 407, 22, 19228.57, 10.98, 9.57
12:39:19, 1250.90, 10.32, 27, 54, 108, 165, 207, 197, 180, 161, 410, 22, 19245.29, 10.96, 9.56
12:39:20, 1248.90, 10.32, 28, 55, 110, 167, 208, 199, 182, 163, 415, 22, 19211.88, 11.00, 9.56
12:39:20, 1246.50, 10.32, 28, 55, 110, 168, 211, 202, 185, 166, 425, 23, 19228.57, 10.98, 9.57
12:39:20, 1243.60, 10.32, 28, 55, 109, 166, 210, 202, 186, 167, 422, 23, 19228.57, 10.98, 9.57
12:39:21, 1241.50, 10.32, 28, 56, 111, 169, 213, 204, 189, 171, 430, 23, 19195.21, 11.01, 9.57
12:39:21, 1238.80, 10.31, 29, 57, 114, 172, 217, 208, 193, 175, 459, 25, 19228.57, 10.98, 9.55
12:39:22, 1236.90, 10.31, 29, 57, 114, 173, 219, 210, 195, 178, 476, 26, 19195.21, 11.01, 9.55
12:39:22, 1234.40, 10.31, 29, 57, 113, 171, 219, 211, 197, 180, 485, 27, 19211.88, 11.00, 9.55
12:39:23, 1232.30, 10.31, 29, 57, 114, 172, 218, 210, 197, 181, 477, 26, 19245.29, 10.96, 9.55
12:39:23, 1229.70, 10.31, 30, 59, 117, 176, 221, 214, 201, 185, 486, 27, 19178.55, 11.03, 9.55
12:39:23, 1227.50, 10.30, 30, 60, 118, 177, 222, 215, 203, 187, 489, 27, 19228.57, 10.98, 9.55
12:39:24, 1225.40, 10.30, 31, 60, 118, 178, 224, 217, 205, 189, 484, 27, 19228.57, 10.98, 9.55
12:39:24, 1223.80, 10.30, 31, 61, 119, 179, 226, 219, 207, 192, 482, 26, 19211.88, 11.00, 9.55
12:39:25, 1221.40, 10.30, 32, 62, 121, 183, 231, 225, 213, 198, 489, 27, 19211.88, 11.00, 9.55
12:39:25, 1219.10, 10.30, 32, 63, 124, 186, 232, 226, 215, 201, 488, 27, 19211.88, 11.00, 9.55
12:39:25, 1216.80, 10.30, 32, 63, 123, 185, 231, 226, 216, 202, 481, 26, 19262.02, 10.94, 9.54
12:39:26, 1215.00, 10.30, 33, 65, 126, 190, 235, 230, 220, 207, 496, 27, 19228.57, 10.98, 9.54
12:39:26, 1212.80, 10.30, 34, 65, 127, 191, 236, 231, 222, 209, 511, 28, 19228.57, 10.98, 9.55
12:39:27, 1210.30, 10.29, 34, 66, 129, 192, 241, 236, 227, 215, 541, 30, 19245.29, 10.96, 9.55
12:39:27, 1207.00, 10.30, 35, 67, 129, 193, 242, 237, 229, 218, 548, 31, 19211.88, 11.00, 9.55
12:39:28, 1203.90, 10.29, 35, 67, 129, 192, 242, 237, 231, 220, 557, 31, 19228.57, 10.98, 9.54
12:39:28, 1201.60, 10.29, 36, 69, 132, 197, 251, 246, 240, 229, 605, 34, 19245.29, 10.96, 9.54
12:39:28, 1199.00, 10.29, 36, 70, 133, 199, 253, 248, 243, 233, 614, 35, 19211.88, 11.00, 9.54
12:39:29, 1197.00, 10.29, 37, 70, 135, 199, 251, 247, 243, 233, 598, 34, 19245.29, 10.96, 9.54
12:39:29, 1195.10, 10.29, 37, 71, 136, 203, 254, 251, 246, 238, 579, 32, 19245.29, 10.96, 9.54
12:39:30, 1192.30, 10.29, 38, 72, 136, 204, 252, 251, 247, 239, 551, 31, 19211.88, 11.00, 9.54
12:39:30, 1189.60, 10.29, 38, 72, 136, 203, 252, 251, 248, 241, 539, 30, 19228.57, 10.98, 9.54
12:39:30, 1186.50, 10.29, 38, 72, 136, 203, 254, 254, 252, 246, 572, 32, 19228.57, 10.98, 9.55
12:39:31, 1183.80, 10.29, 39, 74, 139, 207, 257, 256, 255, 250, 612, 35, 19245.29, 10.96, 9.55
12:39:31, 1181.20, 10.29, 39, 73, 138, 204, 256, 255, 256, 252, 634, 36, 19228.57, 10.98, 9.55
12:39:32, 1178.70, 10.30, 39, 74, 139, 205, 262, 261, 263, 259, 667, 38, 19228.57, 10.98, 9.55
12:39:32, 1176.10, 10.29, 40, 76, 142, 210, 263, 263, 264, 263, 634, 36, 19228.57, 10.98, 9.55
12:39:32, 1173.70, 10.29, 41, 77, 144, 213, 261, 263, 265, 264, 594, 34, 19228.57, 10.98, 9.55
12:39:33, 1169.60, 10.29, 42, 79, 146, 217, 268, 271, 274, 274, 581, 33, 19228.57, 10.98, 9.55
12:39:33, 1166.80, 10.29, 42, 79, 146, 218, 270, 274, 279, 280, 564, 32, 19228.57, 10.98, 9.55
12:39:34, 1163.20, 10.29, 44, 83, 153, 227, 276, 282, 287, 290, 599, 34, 19195.21, 11.01, 9.53
12:39:34, 1160.70, 10.28, 45, 84, 154, 228, 283, 289, 295, 300, 625, 35, 19245.29, 10.96, 9.53
12:39:35, 1158.20, 10.28, 47, 87, 159, 234, 289, 295, 302, 309, 665, 38, 19262.02, 10.94, 9.52
12:39:35, 1155.80, 10.28, 47, 88, 161, 236, 288, 294, 302, 310, 696, 40, 19295.53, 10.91, 9.52
12:39:35, 1153.40, 10.28, 48, 89, 161, 236, 292, 298, 308, 317, 713, 41, 19295.53, 10.91, 9.52
12:39:36, 1151.20, 10.28, 49, 91, 166, 241, 300, 306, 316, 326, 751, 44, 19211.88, 11.00, 9.52
12:39:36, 1147.70, 10.24, 49, 91, 165, 239, 300, 307, 318, 331, 762, 45, 19262.02, 10.94, 9.52
12:39:37, 1144.80, 10.24, 51, 93, 168, 243, 304, 311, 324, 337, 804, 48, 19245.29, 10.96, 9.51
12:39:37, 1141.30, 10.24, 52, 95, 171, 246, 310, 317, 332, 348, 830, 49, 19195.21, 11.01, 9.51
12:39:37, 1138.80, 10.24, 53, 98, 175, 252, 314, 322, 338, 355, 825, 49, 19262.02, 10.94, 9.51
12:39:38, 1136.00, 10.23, 55, 99, 178, 256, 317, 327, 343, 363, 802, 48, 19228.57, 10.98, 9.49
12:39:38, 1133.40, 10.23, 56, 101, 180, 259, 317, 328, 346, 366, 768, 45, 19228.57, 10.98, 9.49
12:39:39, 1130.20, 10.23, 57, 103, 183, 264, 324, 336, 356, 378, 781, 46, 19262.02, 10.94, 9.48
12:39:39, 1127.40, 10.23, 59, 107, 188, 270, 331, 344, 364, 389, 816, 49, 19278.76, 10.92, 9.48
12:39:39, 1124.80, 10.23, 61, 110, 192, 274, 337, 350, 372, 399, 871, 53, 19245.29, 10.96, 9.48
12:39:40, 1121.70, 10.23, 63, 113, 198, 280, 349, 362, 386, 417, 956, 59, 19262.02, 10.94, 9.48
12:39:40, 1119.70, 10.23, 66, 118, 205, 287, 352, 364, 391, 422, 1012, 63, 19295.53, 10.91, 9.48
12:39:41, 1117.00, 10.22, 68, 121, 210, 293, 356, 369, 396, 430, 1011, 63, 19262.02, 10.94, 9.48
12:39:41, 1114.50, 10.23, 70, 123, 212, 298, 357, 372, 399, 435, 943, 59, 19245.29, 10.96, 9.48
12:39:42, 1110.90, 10.22, 73, 128, 219, 307, 367, 384, 414, 451, 898, 56, 19278.76, 10.92, 9.48
12:39:42, 1108.70, 10.22, 76, 134, 226, 317, 376, 394, 426, 466, 871, 54, 19245.29, 10.96, 9.48
12:39:42, 1105.00, 10.23, 78, 136, 228, 321, 386, 407, 442, 485, 885, 56, 19245.29, 10.96, 9.48
12:39:43, 1102.80, 10.23, 80, 141, 234, 328, 392, 414, 451, 495, 892, 57, 19195.21, 11.01, 9.48
12:39:43, 1101.00, 10.23, 83, 145, 239, 336, 397, 419, 456, 503, 906, 58, 19278.76, 10.92, 9.48
12:39:44, 1099.60, 10.23, 84, 147, 243, 339, 399, 422, 461, 508, 907, 59, 19262.02, 10.94, 9.48
12:39:44, 1097.40, 10.23, 87, 151, 249, 347, 406, 430, 470, 520, 940, 62, 19211.88, 11.00, 9.49
12:39:44, 1093.70, 10.23, 89, 153, 251, 348, 413, 436, 478, 532, 992, 67, 19278.76, 10.92, 9.49
12:39:45, 1090.30, 10.23, 93, 161, 261, 359, 431, 454, 499, 560, 1116, 79, 19245.29, 10.96, 9.49
12:39:45, 1086.40, 10.24, 100, 170, 276, 375, 452, 476, 524, 593, 1272, 95, 19245.29, 10.96, 9.49
12:39:46, 1083.10, 10.24, 111, 188, 303, 406, 479, 504, 556, 632, 1441, 113, 19262.02, 10.94, 9.49
12:39:46, 1081.30, 10.24, 119, 199, 320, 426, 489, 512, 568, 645, 1546, 125, 19278.76, 10.92, 9.49
12:39:46, 1079.20, 10.24, 122, 203, 325, 430, 500, 523, 583, 662, 1630, 137, 19295.53, 10.91, 9.49
12:39:47, 1076.10, 10.24, 123, 204, 325, 430, 503, 526, 590, 671, 1689, 147, 19245.29, 10.96, 9.50
12:39:47, 1072.60, 10.24, 131, 218, 343, 450, 523, 544, 618, 702, 1871, 174, 19278.76, 10.92, 9.50
12:39:48, 1068.90, 10.23, 136, 226, 353, 461, 534, 554, 637, 721, 2059, 208, 19262.02, 10.94, 9.50
12:39:48, 1065.30, 10.23, 147, 245, 376, 490, 558, 577, 672, 756, 2318, 254, 19312.32, 10.89, 9.51
12:39:49, 1061.30, 10.23, 156, 258, 394, 509, 589, 605, 713, 800, 2570, 311, 19245.29, 10.96, 9.51
12:39:49, 1059.30, 10.23, 166, 274, 414, 533, 605, 623, 735, 827, 2683, 340, 19228.57, 10.98, 9.54
12:39:49, 1056.90, 10.24, 168, 277, 416, 535, 612, 634, 745, 843, 2763, 364, 19262.02, 10.94, 9.54
12:39:50, 1054.00, 10.24, 174, 283, 422, 540, 621, 644, 759, 860, 2921, 420, 19295.53, 10.91, 9.54
12:39:50, 1049.80, 10.24, 183, 295, 435, 556, 649, 674, 800, 906, 3256, 529, 19262.02, 10.94, 9.55
12:39:51, 1046.70, 10.25, 197, 317, 461, 587, 683, 709, 851, 956, 3671, 668, 19278.76, 10.92, 9.55
12:39:51, 1043.90, 10.28, 211, 338, 485, 618, 715, 746, 895, 1007, 4022, 804, 19245.29, 10.96, 9.56
12:39:51, 1041.80, 10.28, 223, 354, 506, 641, 722, 758, 907, 1023, 4198, 901, 19295.53, 10.91, 9.56
12:39:52, 1040.20, 10.28, 229, 361, 513, 647, 727, 763, 913, 1032, 4308, 987, 19329.13, 10.87, 9.56
12:39:52, 1038.00, 10.29, 239, 374, 529, 666, 741, 778, 931, 1058, 4466, 1116, 19295.53, 10.91, 9.56
12:39:53, 1036.70, 10.29, 245, 380, 535, 668, 741, 780, 931, 1064, 4565, 1245, 19245.29, 10.96, 9.56
12:39:53, 1034.40, 10.29, 248, 384, 540, 675, 735, 775, 926, 1057, 4644, 1341, 19262.02, 10.94, 9.57
12:39:53, 1031.30, 10.29, 265, 403, 558, 696, 767, 814, 973, 1113, 5129, 1856, 19295.53, 10.91, 9.57
12:39:54, 1029.00, 10.29, 278, 419, 576, 721, 780, 834, 992, 1139, 5417, 2179, 19278.76, 10.92, 9.57
12:39:54, 1028.70, 10.29, 302, 454, 615, 773, 848, 913, 1086, 1237, 5865, 2642, 19295.53, 10.91, 9.56
12:39:55, 1028.20, 10.29, 248, 368, 507, 628, 845, 910, 1081, 1233, 5879, 2623, 19262.02, 10.94, 9.56
12:39:55, 1027.90, 10.29, 312, 469, 635, 797, 860, 928, 1104, 1255, 5964, 2749, 19262.02, 10.94, 9.58
12:39:56, 1027.80, 10.29, 308, 458, 625, 775, 883, 949, 1130, 1288, 5995, 2751, 19278.76, 10.92, 9.58
12:39:56, 1027.50, 10.29, 321, 479, 651, 811, 897, 965, 1151, 1311, 6014, 2792, 19295.53, 10.91, 9.58
12:39:56, 1027.70, 10.30, 317, 473, 641, 800, 872, 939, 1121, 1277, 5907, 2769, 19295.53, 10.91, 9.57
12:39:57, 1027.40, 10.30, 313, 468, 633, 791, 862, 928, 1109, 1262, 5854, 2751, 19278.76, 10.92, 9.57
12:39:57, 1027.50, 10.30, 312, 467, 632, 791, 864, 929, 1111, 1264, 5846, 2747, 19295.53, 10.91, 9.57
12:39:58, 1027.20, 10.30, 317, 475, 641, 803, 856, 920, 1099, 1252, 5817, 2742, 19262.02, 10.94, 9.57
12:39:58, 1026.90, 10.30, 321, 482, 652, 815, 869, 933, 1117, 1272, 5834, 2752, 19295.53, 10.91, 9.57
12:39:58, 1026.40, 10.31, 320, 480, 649, 810, 883, 946, 1134, 1292, 5829, 2756, 19278.76, 10.92, 9.57
12:39:59, 1026.40, 10.31, 321, 484, 654, 815, 894, 954, 1145, 1306, 5804, 2752, 19278.76, 10.92, 9.57
12:39:59, 1026.00, 10.31, 322, 488, 658, 820, 901, 959, 1152, 1315, 5778, 2750, 19262.02, 10.94, 9.58
12:40:00, 1025.70, 10.30, 324, 493, 664, 827, 916, 972, 1174, 1334, 5760, 2744, 19295.53, 10.91, 9.58
12:40:00, 1025.70, 10.31, 333, 505, 682, 846, 910, 961, 1163, 1324, 5656, 2710, 19228.57, 10.98, 9.58
12:40:00, 1025.50, 10.31, 336, 508, 688, 850, 939, 985, 1196, 1360, 5665, 2709, 19211.88, 11.00, 9.57
12:40:01, 1025.50, 10.31, 346, 516, 704, 862, 947, 992, 1203, 1367, 5563, 2671, 19278.76, 10.92, 9.57
12:40:01, 1025.50, 10.32, 354, 524, 719, 876, 962, 1010, 1215, 1387, 5509, 2636, 19245.29, 10.96, 9.59
12:40:02, 1025.70, 10.32, 363, 535, 735, 889, 1016, 1067, 1264, 1481, 5539, 2617, 19295.53, 10.91, 9.59
12:40:02, 1025.50, 10.33, 367, 553, 747, 917, 979, 1022, 1246, 1457, 4803, 2155, 19312.32, 10.89, 9.59
