Secchi Depth (cm) = 0152
Forel Ule Scale = 08
pH Colour Scale = 99
SmartSecchi S/N = A003
Latitude (degs N) = 50.21602
Longitude (degs E) = -5.02773
Date = 2023-02-03
Time (UTC), Pressure (mbar) MS5803, Temp (deg C) MS5803, 415nm, 445nm, 480nm, 515nm, 555nm, 590nm, 630nm, 680nm, Clear, NIR, Resistance 10KTHERM, Temp (deg C) 10KTHERM, Temp (deg C) TMP117
10:08:40, 1027.20, 27.80, 173, 266, 361, 446, 499, 494, 665, 751, 3477, 1994, 9389.69, 26.42, 22.97
10:08:40, 1027.10, 27.80, 160, 228, 320, 377, 431, 433, 557, 654, 2808, 1711, 9404.40, 26.39, 22.94
10:08:40, 1027.30, 27.80, 154, 214, 302, 356, 398, 411, 512, 608, 2490, 1540, 9397.04, 26.41, 22.94
10:08:41, 1027.10, 27.80, 148, 202, 284, 336, 377, 396, 481, 582, 2398, 1474, 9397.04, 26.41, 22.94
10:08:41, 1027.00, 27.80, 146, 201, 282, 332, 373, 394, 473, 583, 2469, 1507, 9404.40, 26.39, 22.87
10:08:42, 1027.20, 27.80, 142, 198, 277, 330, 398, 409, 513, 603, 2876, 1751, 9397.04, 26.41, 22.87
10:08:42, 1027.30, 27.80, 151, 209, 297, 348, 414, 426, 531, 633, 2997, 1815, 9426.51, 26.34, 22.74
10:08:42, 1027.10, 27.79, 155, 216, 306, 358, 405, 413, 520, 615, 2914, 1773, 9404.40, 26.39, 22.74
10:08:43, 1027.40, 27.79, 153, 214, 303, 354, 404, 412, 519, 614, 2928, 1779, 9397.04, 26.41, 22.74
10:08:43, 1027.30, 27.79, 152, 211, 300, 350, 402, 407, 517, 606, 2889, 1761, 9404.40, 26.39, 22.64
10:08:44, 1027.30, 27.78, 152, 211, 300, 349, 408, 414, 524, 616, 2891, 1758, 9404.40, 26.39, 22.64
10:08:44, 1027.10, 27.78, 155, 216, 306, 358, 411, 417, 529, 622, 2920, 1774, 9411.76, 26.37, 22.64
10:08:45, 1027.30, 27.77, 154, 216, 306, 357, 410, 417, 527, 620, 2931, 1778, 9426.51, 26.34, 22.55
10:08:45, 1027.20, 27.77, 153, 214, 303, 354, 405, 413, 520, 614, 2905, 1761, 9419.13, 26.35, 22.55
10:08:45, 1027.40, 27.77, 153, 213, 303, 354, 407, 414, 523, 616, 2903, 1762, 9411.76, 26.37, 22.48
10:08:46, 1027.10, 27.76, 153, 213, 303, 353, 407, 415, 523, 617, 2904, 1762, 9411.76, 26.37, 22.48
10:08:46, 1027.10, 27.76, 154, 215, 306, 357, 414, 420, 531, 626, 2937, 1780, 9433.89, 26.32, 22.48
10:08:47, 1027.00, 27.76, 156, 218, 309, 361, 416, 425, 534, 633, 2974, 1797, 9433.89, 26.32, 22.48
10:08:47, 1027.20, 27.76, 159, 225, 317, 372, 427, 432, 550, 641, 2804, 1700, 9426.51, 26.34, 22.48
10:08:47, 1027.20, 27.76, 160, 226, 309, 376, 314, 355, 398, 514, 1594, 886, 9411.76, 26.37, 22.45
10:08:48, 1027.10, 27.76, 164, 232, 327, 382, 393, 391, 503, 589, 2609, 1584, 9419.13, 26.35, 22.45
10:08:48, 1027.20, 27.76, 147, 209, 296, 342, 408, 415, 521, 620, 2975, 1742, 9426.51, 26.34, 22.45
10:08:49, 1027.20, 27.75, 149, 214, 303, 352, 401, 400, 514, 602, 2837, 1674, 9426.51, 26.34, 22.42
10:08:49, 1027.20, 27.75, 159, 230, 325, 376, 425, 423, 544, 638, 2956, 1737, 9433.89, 26.32, 22.42
10:08:49, 1027.20, 27.75, 150, 217, 308, 356, 413, 410, 528, 617, 2889, 1706, 9433.89, 26.32, 22.44
10:08:50, 1027.10, 27.75, 144, 208, 293, 341, 424, 439, 537, 651, 3421, 1949, 9419.13, 26.35, 22.44
10:08:50, 1027.30, 27.75, 175, 253, 351, 415, 473, 499, 602, 730, 3683, 2072, 9433.89, 26.32, 22.44
10:08:51, 1027.30, 27.75, 179, 257, 358, 423, 472, 497, 601, 727, 3697, 2077, 9404.40, 26.39, 22.39
10:08:51, 1027.30, 27.75, 178, 255, 356, 420, 465, 491, 592, 717, 3690, 2075, 9426.51, 26.34, 22.39
10:08:51, 1027.50, 27.75, 175, 252, 351, 414, 470, 495, 598, 722, 3729, 2089, 9441.28, 26.30, 22.34
10:08:52, 1027.30, 27.74, 172, 247, 345, 405, 450, 472, 570, 692, 3621, 2033, 9448.67, 26.28, 22.34
10:08:52, 1027.10, 27.74, 156, 224, 313, 367, 407, 422, 517, 624, 3233, 1840, 9441.28, 26.30, 22.34
10:08:53, 1027.10, 27.74, 172, 247, 345, 405, 433, 453, 548, 666, 3499, 1973, 9426.51, 26.34, 22.31
10:08:53, 1027.20, 27.73, 125, 163, 231, 272, 344, 354, 439, 514, 2236, 1427, 9433.89, 26.32, 22.31
10:08:54, 1027.30, 27.74, 161, 221, 308, 375, 425, 453, 545, 654, 2241, 1354, 9433.89, 26.32, 22.27
10:08:54, 1027.20, 27.73, 183, 252, 346, 424, 446, 495, 564, 701, 2127, 1224, 9426.51, 26.34, 22.27
10:08:54, 1027.30, 27.73, 184, 245, 343, 415, 440, 489, 551, 689, 1982, 1151, 9426.51, 26.34, 22.27
10:08:55, 1027.20, 27.73, 166, 219, 307, 370, 380, 403, 477, 583, 1761, 1096, 9433.89, 26.32, 22.30
10:08:55, 1027.40, 27.73, 147, 185, 273, 308, 353, 365, 436, 529, 1956, 1241, 9433.89, 26.32, 22.30
10:08:56, 1027.30, 27.73, 135, 175, 253, 288, 336, 343, 418, 504, 1942, 1237, 9448.67, 26.28, 22.31
10:08:56, 1027.20, 27.73, 136, 170, 250, 281, 302, 315, 369, 460, 1940, 1241, 9441.28, 26.30, 22.31
10:08:56, 1027.10, 27.72, 125, 156, 232, 254, 309, 316, 378, 466, 2016, 1284, 9426.51, 26.34, 22.31
10:08:57, 1027.20, 27.72, 126, 162, 236, 265, 314, 325, 389, 476, 1959, 1248, 9426.51, 26.34, 22.30
10:08:57, 1027.20, 27.72, 131, 168, 244, 277, 323, 329, 402, 486, 2004, 1272, 9441.28, 26.30, 22.30
10:08:58, 1027.10, 27.72, 132, 171, 249, 281, 319, 321, 396, 476, 1939, 1240, 9441.28, 26.30, 22.27
10:08:58, 1027.20, 27.71, 119, 142, 216, 237, 306, 322, 383, 461, 1894, 1201, 9456.07, 26.26, 22.27
10:08:58, 1027.30, 27.71, 148, 197, 281, 331, 463, 505, 585, 723, 2531, 1452, 9433.89, 26.32, 22.27
10:08:59, 1027.10, 27.71, 290, 425, 586, 708, 853, 903, 1086, 1306, 4992, 2668, 9448.67, 26.28, 22.26
10:08:59, 1027.30, 27.71, 349, 519, 714, 856, 968, 1028, 1222, 1483, 5384, 2835, 9441.28, 26.30, 22.26
10:09:00, 1027.10, 27.71, 368, 548, 753, 908, 1014, 1072, 1288, 1546, 5735, 3003, 9441.28, 26.30, 22.27
10:09:00, 1027.30, 27.71, 376, 562, 771, 940, 1036, 1092, 1326, 1568, 5917, 3080, 9433.89, 26.32, 22.27
10:09:00, 1027.10, 27.71, 377, 564, 773, 945, 1037, 1094, 1327, 1568, 5929, 3082, 9441.28, 26.30, 22.27
10:09:01, 1027.30, 27.70, 376, 563, 771, 942, 1034, 1090, 1323, 1564, 5907, 3073, 9441.28, 26.30, 22.32
10:09:01, 1027.20, 27.70, 376, 562, 770, 940, 1031, 1086, 1319, 1561, 5885, 3063, 9448.67, 26.28, 22.32
10:09:02, 1027.20, 27.69, 369, 552, 758, 920, 994, 1037, 1261, 1510, 5658, 2978, 9448.67, 26.28, 22.37
10:09:02, 1027.10, 27.69, 353, 524, 721, 869, 965, 1036, 1220, 1488, 5400, 2829, 9448.67, 26.28, 22.37
10:09:03, 1027.10, 27.69, 267, 402, 564, 674, 604, 637, 791, 969, 1883, 1150, 9478.29, 26.21, 22.37
10:09:03, 1027.20, 27.69, 180, 245, 327, 423, 337, 384, 464, 563, 1026, 852, 9456.07, 26.26, 22.37
10:09:03, 1027.00, 27.68, 174, 228, 306, 398, 457, 517, 629, 763, 1589, 977, 9448.67, 26.28, 22.37
10:09:04, 1027.00, 27.68, 219, 308, 416, 519, 522, 577, 685, 834, 2073, 1170, 9448.67, 26.28, 22.40
10:09:04, 1027.00, 27.68, 230, 353, 475, 584, 845, 907, 1083, 1321, 3480, 1723, 9456.07, 26.26, 22.40
10:09:05, 1027.10, 27.68, 399, 639, 842, 1089, 1203, 1336, 1569, 1944, 6055, 2880, 9441.28, 26.30, 22.40
10:09:05, 1027.00, 27.67, 425, 663, 882, 1140, 867, 996, 1146, 1398, 3768, 1870, 9463.47, 26.25, 22.39
10:09:05, 1026.90, 27.67, 170, 234, 323, 394, 371, 419, 524, 675, 1127, 578, 9463.47, 26.25, 22.39
10:09:06, 1027.20, 27.67, 44, 46, 69, 81, 60, 91, 126, 178, 372, 222, 9456.07, 26.26, 22.39
10:09:06, 1027.00, 27.67, 42, 42, 63, 77, 80, 120, 155, 217, 433, 250, 9448.67, 26.28, 22.39
10:09:07, 1026.90, 27.65, 48, 51, 74, 91, 85, 127, 164, 229, 455, 253, 9448.67, 26.28, 22.39
10:09:07, 1027.20, 27.65, 43, 47, 69, 79, 69, 94, 126, 181, 357, 225, 9456.07, 26.26, 22.41
10:09:07, 1027.00, 27.65, 38, 43, 64, 68, 86, 103, 136, 194, 345, 224, 9456.07, 26.26, 22.41
10:09:08, 1027.20, 27.64, 46, 55, 78, 97, 93, 117, 157, 202, 461, 283, 9463.47, 26.25, 22.27
10:09:08, 1027.10, 27.63, 42, 48, 69, 84, 79, 109, 140, 190, 456, 279, 9456.07, 26.26, 22.27
10:09:09, 1027.10, 27.62, 30, 35, 47, 64, 60, 82, 133, 173, 434, 266, 9470.88, 26.23, 22.27
10:09:09, 1027.00, 27.61, 76, 103, 141, 175, 328, 368, 440, 548, 1262, 674, 9463.47, 26.25, 22.23
10:09:09, 1027.20, 27.60, 207, 289, 397, 485, 480, 532, 614, 767, 2426, 1338, 9456.07, 26.26, 22.23
10:09:10, 1027.10, 27.60, 182, 243, 338, 409, 436, 487, 561, 704, 2215, 1240, 9478.29, 26.21, 22.16
10:09:10, 1027.20, 27.60, 154, 208, 286, 360, 369, 404, 504, 601, 1962, 1051, 9478.29, 26.21, 22.16
10:09:11, 1027.20, 27.59, 136, 190, 261, 317, 326, 356, 449, 528, 1706, 935, 9470.88, 26.23, 22.16
10:09:11, 1027.10, 27.59, 126, 174, 235, 300, 330, 370, 449, 546, 1672, 905, 9456.07, 26.26, 22.04
10:09:11, 1027.00, 27.58, 170, 243, 327, 409, 469, 523, 618, 759, 2568, 1307, 9470.88, 26.23, 22.04
10:09:12, 1027.40, 27.57, 164, 243, 319, 414, 479, 529, 637, 764, 2515, 1285, 9470.88, 26.23, 21.94
10:09:12, 1027.10, 27.55, 178, 262, 355, 449, 629, 692, 818, 978, 4045, 2023, 9478.29, 26.21, 21.94
10:09:13, 1027.00, 27.54, 293, 434, 584, 740, 801, 863, 1060, 1215, 4979, 2458, 9463.47, 26.25, 21.94
10:09:13, 1027.10, 27.53, 306, 458, 625, 763, 822, 872, 1038, 1255, 4824, 2469, 9470.88, 26.23, 21.72
10:09:14, 1027.20, 27.52, 301, 437, 591, 728, 759, 848, 973, 1200, 4020, 2003, 9478.29, 26.21, 21.72
10:09:14, 1027.10, 27.52, 279, 416, 550, 705, 749, 831, 972, 1179, 3720, 1805, 9470.88, 26.23, 21.59
10:09:14, 1027.00, 27.52, 272, 407, 539, 695, 716, 797, 940, 1130, 3355, 1652, 9470.88, 26.23, 21.59
10:09:15, 1027.10, 27.51, 279, 405, 549, 688, 744, 804, 963, 1143, 3863, 1991, 9485.71, 26.19, 21.59
10:09:15, 1026.90, 27.50, 296, 432, 584, 737, 784, 851, 1017, 1214, 4133, 2103, 9493.14, 26.18, 21.53
10:09:16, 1027.20, 27.49, 287, 418, 567, 705, 721, 800, 935, 1132, 3661, 1837, 9493.14, 26.18, 21.53
10:09:16, 1027.10, 27.49, 254, 360, 486, 623, 666, 745, 873, 1042, 2960, 1428, 9470.88, 26.23, 21.46
10:09:16, 1027.00, 27.48, 267, 395, 524, 668, 690, 775, 890, 1091, 3599, 1779, 9478.29, 26.21, 21.46
10:09:17, 1027.00, 27.47, 277, 393, 539, 651, 711, 775, 893, 1104, 3784, 1973, 9478.29, 26.21, 21.46
10:09:17, 1026.80, 27.47, 284, 410, 567, 673, 766, 800, 976, 1156, 4668, 2385, 9470.88, 26.23, 21.40
10:09:18, 1027.10, 27.46, 282, 428, 576, 717, 778, 829, 1026, 1177, 4895, 2414, 9485.71, 26.19, 21.40
10:09:18, 1027.10, 27.46, 289, 436, 584, 747, 777, 848, 1040, 1182, 4936, 2410, 9485.71, 26.19, 21.23
10:09:18, 1027.20, 27.45, 284, 417, 560, 706, 737, 814, 956, 1130, 4546, 2196, 9485.71, 26.19, 21.23
10:09:19, 1027.10, 27.45, 286, 404, 558, 684, 697, 771, 896, 1081, 4552, 2288, 9478.29, 26.21, 21.23
10:09:19, 1026.90, 27.44, 261, 375, 518, 629, 679, 725, 873, 1033, 3897, 2007, 9478.29, 26.21, 21.18
10:09:20, 1027.10, 27.43, 242, 356, 489, 606, 654, 683, 865, 982, 3214, 1716, 9478.29, 26.21, 21.18
10:09:20, 1026.90, 27.42, 236, 357, 477, 615, 645, 692, 859, 986, 2891, 1469, 9485.71, 26.19, 21.12
10:09:21, 1026.90, 27.41, 250, 367, 490, 633, 667, 739, 871, 1035, 3069, 1495, 9485.71, 26.19, 21.12
10:09:21, 1027.10, 27.40, 258, 368, 493, 632, 679, 764, 878, 1069, 3327, 1630, 9493.14, 26.18, 21.12
10:09:21, 1027.00, 27.40, 269, 389, 525, 657, 680, 759, 873, 1071, 3467, 1730, 9493.14, 26.18, 21.07
10:09:22, 1026.90, 27.39, 267, 381, 512, 646, 688, 775, 888, 1084, 3349, 1645, 9493.14, 26.18, 21.07
10:09:22, 1027.00, 27.38, 260, 379, 508, 642, 655, 730, 846, 1025, 3225, 1579, 9478.29, 26.21, 21.04
10:09:23, 1027.10, 27.38, 254, 370, 494, 632, 658, 731, 864, 1022, 2995, 1457, 9485.71, 26.19, 21.04
10:09:23, 1027.00, 27.37, 242, 357, 474, 619, 650, 717, 858, 1007, 2958, 1444, 9485.71, 26.19, 21.04
10:09:23, 1026.90, 27.37, 245, 362, 484, 623, 645, 703, 854, 993, 2927, 1441, 9500.57, 26.16, 20.97
10:09:24, 1027.10, 27.36, 236, 355, 471, 616, 657, 707, 875, 1008, 2921, 1473, 9500.57, 26.16, 20.97
10:09:24, 1027.10, 27.36, 235, 353, 470, 606, 632, 680, 834, 969, 2883, 1462, 9500.57, 26.16, 20.89
10:09:25, 1027.00, 27.36, 235, 356, 472, 614, 640, 688, 853, 980, 2801, 1425, 9508.01, 26.14, 20.89
10:09:25, 1027.00, 27.35, 235, 355, 470, 611, 645, 694, 853, 988, 2950, 1463, 9500.57, 26.16, 20.89
10:09:25, 1027.10, 27.35, 237, 356, 473, 613, 635, 685, 845, 976, 2797, 1401, 9493.14, 26.18, 20.83
10:09:26, 1027.00, 27.34, 233, 352, 466, 607, 643, 689, 853, 986, 2882, 1453, 9508.01, 26.14, 20.83
10:09:26, 1027.00, 27.33, 237, 356, 475, 610, 642, 687, 851, 982, 2868, 1444, 9485.71, 26.19, 20.75
10:09:27, 1027.00, 27.33, 228, 345, 466, 594, 639, 670, 848, 962, 2904, 1521, 9515.45, 26.12, 20.75
10:09:27, 1027.00, 27.32, 227, 343, 455, 588, 617, 669, 808, 952, 2696, 1304, 9500.57, 26.16, 20.75
10:09:28, 1026.90, 27.32, 235, 338, 454, 583, 622, 697, 815, 970, 2751, 1377, 9515.45, 26.12, 20.70
10:09:28, 1027.10, 27.31, 275, 396, 532, 677, 744, 820, 954, 1147, 4109, 2079, 9522.90, 26.10, 20.70
10:09:28, 1026.90, 27.30, 284, 401, 549, 680, 728, 801, 939, 1128, 3802, 1918, 9522.90, 26.10, 20.58
10:09:29, 1027.00, 27.30, 279, 417, 555, 712, 746, 814, 971, 1152, 3778, 1909, 9508.01, 26.14, 20.58
10:09:29, 1027.00, 27.29, 267, 388, 525, 658, 699, 748, 905, 1066, 3492, 1788, 9515.45, 26.12, 20.58
10:09:30, 1026.80, 27.29, 248, 369, 488, 632, 543, 598, 721, 854, 2322, 1170, 9522.90, 26.10, 20.52
10:09:30, 1026.90, 27.29, 164, 244, 324, 421, 408, 430, 546, 613, 1665, 899, 9515.45, 26.12, 20.52
10:09:30, 1026.90, 27.28, 162, 242, 326, 410, 415, 434, 552, 621, 1891, 1027, 9522.90, 26.10, 20.50
10:09:31, 1027.00, 27.27, 172, 252, 337, 433, 399, 424, 536, 601, 1582, 821, 9522.90, 26.10, 20.50
10:09:31, 1027.00, 27.27, 157, 231, 312, 397, 360, 388, 482, 543, 1515, 780, 9537.82, 26.07, 20.50
10:09:32, 1026.80, 27.26, 121, 166, 229, 289, 327, 342, 438, 488, 1983, 1102, 9515.45, 26.12, 20.38
10:09:32, 1026.80, 27.25, 189, 259, 355, 436, 490, 556, 647, 770, 3583, 1808, 9530.36, 26.09, 20.38
10:09:32, 1027.10, 27.25, 229, 337, 455, 570, 642, 683, 837, 970, 4125, 2076, 9508.01, 26.14, 20.40
10:09:33, 1027.10, 27.24, 238, 346, 474, 571, 599, 644, 760, 912, 3639, 1886, 9530.36, 26.09, 20.40
10:09:33, 1027.20, 27.24, 226, 317, 430, 537, 524, 591, 684, 821, 2385, 1259, 9522.90, 26.10, 20.40
10:09:34, 1027.10, 27.23, 174, 257, 340, 443, 446, 474, 582, 681, 2219, 1191, 9522.90, 26.10, 20.38
10:09:34, 1027.00, 27.23, 167, 244, 330, 414, 471, 492, 619, 704, 2693, 1448, 9522.90, 26.10, 20.38
10:09:35, 1027.10, 27.22, 204, 287, 400, 476, 508, 546, 651, 776, 3345, 1739, 9530.36, 26.09, 20.34
10:09:35, 1026.80, 27.22, 236, 338, 460, 564, 609, 670, 774, 932, 3886, 1927, 9537.82, 26.07, 20.34
10:09:35, 1026.90, 27.21, 248, 346, 481, 579, 632, 687, 801, 965, 4206, 2120, 9522.90, 26.10, 20.34
10:09:36, 1026.80, 27.21, 231, 330, 455, 548, 575, 620, 730, 869, 3535, 1783, 9545.28, 26.05, 20.26
10:09:36, 1026.90, 27.20, 237, 345, 473, 577, 696, 729, 899, 1041, 3780, 1960, 9545.28, 26.05, 20.26
10:09:37, 1027.10, 27.20, 255, 382, 515, 648, 699, 732, 908, 1042, 3552, 1807, 9545.28, 26.05, 20.21
10:09:37, 1026.70, 27.19, 250, 383, 509, 651, 711, 752, 936, 1068, 3573, 1796, 9537.82, 26.07, 20.21
10:09:37, 1027.00, 27.19, 275, 408, 544, 700, 736, 817, 956, 1129, 3891, 1872, 9552.75, 26.03, 20.21
10:09:38, 1026.90, 27.18, 288, 411, 559, 690, 725, 796, 914, 1103, 4210, 2109, 9552.75, 26.03, 20.15
10:09:38, 1026.80, 27.17, 284, 402, 557, 666, 729, 773, 919, 1094, 4183, 2132, 9552.75, 26.03, 20.15
10:09:39, 1027.10, 27.17, 273, 401, 548, 664, 723, 749, 932, 1067, 4344, 2168, 9545.28, 26.05, 20.05
10:09:39, 1027.20, 27.16, 265, 402, 540, 677, 729, 766, 962, 1078, 4300, 2108, 9567.71, 26.00, 20.05
10:09:39, 1027.00, 27.16, 267, 400, 534, 683, 717, 776, 949, 1078, 4293, 2081, 9552.75, 26.03, 20.05
10:09:40, 1027.10, 27.15, 270, 397, 531, 679, 717, 790, 938, 1091, 4299, 2081, 9567.71, 26.00, 19.91
10:09:40, 1027.00, 27.15, 275, 397, 537, 674, 662, 735, 861, 1016, 4292, 2105, 9560.23, 26.02, 19.91
10:09:41, 1027.00, 27.15, 245, 347, 472, 591, 644, 721, 831, 991, 4312, 2119, 9552.75, 26.03, 19.73
10:09:41, 1027.20, 27.15, 244, 344, 471, 586, 620, 694, 802, 957, 4259, 2113, 9545.28, 26.05, 19.73
10:09:42, 1027.10, 27.14, 254, 359, 491, 609, 648, 724, 830, 996, 4322, 2125, 9567.71, 26.00, 19.73
10:09:42, 1026.80, 27.14, 263, 374, 510, 631, 654, 726, 840, 1002, 4371, 2143, 9552.75, 26.03, 19.70
10:09:42, 1027.20, 27.13, 260, 376, 510, 632, 669, 736, 853, 1022, 4431, 2162, 9560.23, 26.02, 19.70
10:09:43, 1027.10, 27.12, 248, 362, 490, 605, 638, 701, 810, 973, 4314, 2102, 9545.28, 26.05, 19.62
10:09:43, 1027.10, 27.11, 245, 359, 485, 600, 636, 700, 807, 968, 4292, 2086, 9560.23, 26.02, 19.62
10:09:44, 1029.60, 27.02, 243, 357, 482, 598, 622, 680, 792, 943, 4308, 2101, 9560.23, 26.02, 19.62
10:09:44, 1035.60, 26.11, 232, 344, 464, 581, 400, 423, 514, 585, 3118, 1268, 9560.23, 26.02, 17.67
10:09:44, 1036.50, 25.13, 227, 339, 476, 587, 582, 627, 738, 862, 3912, 1248, 9582.70, 25.96, 17.67
10:09:45, 1031.80, 24.26, 248, 368, 510, 632, 670, 724, 851, 1000, 4528, 1720, 9582.70, 25.96, 12.07
10:09:45, 1032.10, 23.47, 262, 389, 521, 655, 642, 700, 821, 963, 4454, 1920, 9582.70, 25.96, 12.07
10:09:46, 1033.20, 22.85, 259, 382, 522, 649, 700, 765, 891, 1051, 4580, 1756, 9582.70, 25.96, 12.07
10:09:46, 1033.00, 22.39, 249, 370, 507, 632, 683, 747, 872, 1027, 4434, 1620, 9582.70, 25.96, 10.55
10:09:46, 1033.00, 21.98, 243, 359, 493, 615, 680, 739, 871, 1013, 4555, 1749, 9567.71, 26.00, 10.55
10:09:47, 1032.60, 21.63, 253, 378, 518, 649, 695, 747, 886, 1030, 4580, 1712, 9597.70, 25.93, 10.15
10:09:47, 1032.30, 21.33, 267, 396, 541, 677, 719, 778, 919, 1071, 4684, 1860, 9582.70, 25.96, 10.15
10:09:48, 1031.80, 21.09, 278, 411, 559, 701, 738, 802, 948, 1101, 4801, 2027, 9575.20, 25.98, 10.15
10:09:48, 1031.60, 20.94, 275, 407, 555, 695, 753, 822, 969, 1129, 4736, 1945, 9582.70, 25.96, 9.92
10:09:49, 1031.60, 20.82, 271, 402, 548, 684, 754, 819, 971, 1127, 4777, 1987, 9582.70, 25.96, 9.92
10:09:49, 1031.90, 20.73, 271, 405, 550, 689, 749, 811, 965, 1118, 4753, 1923, 9590.19, 25.94, 9.80
10:09:49, 1031.60, 20.69, 273, 411, 555, 699, 740, 798, 954, 1102, 4695, 1912, 9597.70, 25.93, 9.80
10:09:50, 1031.20, 20.66, 276, 418, 562, 708, 750, 808, 967, 1119, 4754, 2068, 9597.70, 25.93, 9.80
10:09:50, 1031.30, 20.59, 273, 417, 559, 705, 760, 812, 982, 1134, 4629, 1906, 9597.70, 25.93, 9.75
10:09:51, 1031.40, 20.44, 278, 425, 567, 715, 777, 823, 1005, 1155, 4584, 1984, 9597.70, 25.93, 9.75
10:09:51, 1031.20, 20.30, 276, 427, 570, 719, 769, 811, 988, 1142, 4588, 1951, 9612.73, 25.89, 9.73
10:09:51, 1031.50, 20.22, 276, 427, 568, 715, 764, 804, 981, 1134, 4543, 1946, 9605.21, 25.91, 9.73
10:09:52, 1031.60, 20.17, 270, 420, 560, 704, 759, 796, 975, 1128, 4482, 1933, 9612.73, 25.89, 9.73
10:09:52, 1031.50, 20.17, 268, 417, 557, 697, 757, 789, 972, 1120, 4412, 1894, 9605.21, 25.91, 9.72
10:09:53, 1031.30, 20.19, 270, 422, 564, 703, 759, 789, 973, 1123, 4369, 1894, 9650.40, 25.80, 9.72
10:09:53, 1031.10, 20.19, 273, 426, 571, 707, 769, 793, 982, 1132, 4313, 1920, 9642.86, 25.82, 9.69
10:09:53, 1030.80, 20.17, 270, 419, 568, 697, 768, 789, 978, 1130, 4242, 1881, 9657.96, 25.79, 9.69
10:09:54, 1031.10, 20.12, 278, 429, 582, 705, 759, 778, 963, 1117, 4126, 1849, 9650.40, 25.80, 9.69
10:09:54, 1031.30, 20.04, 276, 425, 576, 701, 769, 788, 970, 1132, 4072, 1819, 9650.40, 25.80, 9.69
10:09:55, 1031.00, 19.96, 275, 421, 573, 690, 766, 786, 961, 1128, 4003, 1734, 9665.51, 25.77, 9.69
10:09:55, 1030.90, 19.85, 283, 430, 583, 699, 773, 793, 960, 1137, 4004, 1838, 9673.08, 25.75, 9.73
10:09:56, 1030.80, 19.76, 280, 425, 578, 690, 767, 791, 951, 1133, 3930, 1726, 9680.65, 25.73, 9.73
10:09:56, 1030.80, 19.69, 288, 433, 590, 703, 775, 802, 953, 1146, 3943, 1814, 9688.22, 25.71, 9.73
10:09:56, 1030.70, 19.65, 284, 427, 583, 696, 763, 791, 935, 1131, 3830, 1688, 9710.98, 25.66, 9.72
10:09:57, 1030.70, 19.64, 288, 428, 586, 695, 766, 795, 937, 1137, 3830, 1717, 9710.98, 25.66, 9.72
10:09:57, 1030.60, 19.64, 285, 423, 581, 689, 765, 795, 935, 1136, 3802, 1673, 9726.19, 25.63, 9.73
10:09:58, 1030.60, 19.63, 291, 430, 589, 697, 767, 798, 937, 1140, 3812, 1700, 9718.58, 25.64, 9.73
10:09:58, 1030.20, 19.62, 287, 426, 584, 693, 772, 803, 943, 1147, 3838, 1723, 9733.80, 25.61, 9.73
10:09:58, 1030.50, 19.60, 293, 431, 590, 698, 768, 803, 936, 1145, 3848, 1772, 9749.04, 25.57, 9.70
10:09:59, 1030.40, 19.58, 288, 426, 583, 692, 763, 796, 930, 1135, 3783, 1690, 9764.30, 25.54, 9.70
10:09:59, 1030.00, 19.58, 290, 429, 588, 696, 762, 797, 932, 1136, 3796, 1719, 9779.58, 25.50, 9.67
10:10:00, 1030.50, 19.58, 292, 429, 588, 694, 769, 801, 937, 1144, 3850, 1781, 9794.89, 25.47, 9.67
10:10:00, 1029.90, 19.60, 282, 417, 572, 679, 769, 799, 942, 1142, 3845, 1732, 9802.55, 25.45, 9.67
10:10:00, 1030.20, 19.60, 291, 428, 587, 693, 771, 802, 942, 1145, 3876, 1813, 9802.55, 25.45, 9.69
10:10:01, 1030.00, 19.60, 284, 424, 580, 689, 762, 792, 936, 1130, 3834, 1730, 9825.58, 25.40, 9.69
10:10:01, 1030.00, 19.58, 290, 432, 589, 698, 770, 799, 946, 1140, 3921, 1878, 9840.96, 25.36, 9.66
10:10:02, 1029.90, 19.56, 284, 428, 583, 699, 764, 787, 939, 1126, 3861, 1733, 9833.27, 25.38, 9.66
10:10:02, 1029.90, 19.54, 289, 433, 589, 701, 766, 794, 944, 1132, 3928, 1882, 9871.80, 25.29, 9.66
10:10:03, 1029.70, 19.54, 290, 436, 592, 703, 771, 796, 950, 1136, 3990, 1922, 9856.37, 25.33, 9.66
10:10:03, 1029.90, 19.54, 286, 431, 586, 697, 775, 796, 960, 1138, 4039, 1924, 9879.52, 25.27, 9.66
10:10:03, 1029.60, 19.55, 287, 434, 587, 703, 776, 796, 964, 1137, 4076, 1979, 9887.25, 25.26, 9.66
10:10:04, 1030.00, 19.55, 284, 431, 582, 697, 778, 794, 970, 1136, 4104, 1994, 9894.98, 25.24, 9.66
10:10:04, 1029.70, 19.54, 275, 420, 569, 685, 765, 782, 956, 1119, 4051, 1886, 9941.52, 25.13, 9.66
10:10:05, 1029.90, 19.50, 284, 433, 584, 701, 744, 762, 926, 1089, 3984, 1880, 9910.47, 25.20, 9.70
10:10:05, 1029.80, 19.46, 279, 426, 577, 694, 771, 790, 969, 1128, 4110, 1961, 9949.30, 25.11, 9.70
10:10:05, 1029.80, 19.44, 279, 428, 577, 696, 771, 785, 966, 1123, 4085, 1886, 9941.52, 25.13, 9.73
10:10:06, 1030.20, 19.43, 281, 430, 580, 701, 778, 790, 974, 1132, 4123, 1992, 9980.47, 25.04, 9.73
10:10:06, 1029.80, 19.42, 278, 426, 576, 700, 765, 778, 960, 1115, 4075, 1884, 9996.09, 25.01, 9.73
10:10:07, 1029.70, 19.41, 281, 431, 581, 704, 775, 788, 975, 1128, 4149, 2026, 9980.47, 25.04, 9.64
10:10:07, 1029.70, 19.40, 283, 434, 583, 709, 763, 782, 967, 1115, 4107, 1938, 10019.57, 24.96, 9.64
10:10:07, 1029.20, 19.40, 279, 429, 579, 703, 771, 785, 972, 1124, 4158, 1993, 10011.74, 24.97, 9.60
10:10:08, 1029.80, 19.40, 281, 429, 580, 702, 772, 783, 969, 1121, 4129, 1997, 10035.25, 24.92, 9.60
10:10:08, 1029.40, 19.36, 275, 424, 573, 696, 759, 774, 958, 1108, 4102, 1886, 10058.82, 24.87, 9.60
10:10:09, 1029.80, 19.27, 277, 426, 575, 697, 774, 786, 975, 1123, 4166, 2009, 10090.34, 24.80, 9.60
10:10:09, 1029.80, 19.14, 272, 419, 564, 691, 769, 780, 970, 1117, 4123, 1908, 10074.57, 24.83, 9.60
10:10:10, 1029.50, 19.01, 279, 430, 580, 707, 766, 781, 970, 1115, 4173, 2027, 10098.23, 24.78, 9.59
10:10:10, 1029.60, 18.92, 276, 425, 573, 698, 767, 779, 970, 1114, 4156, 2031, 10121.95, 24.73, 9.59
10:10:10, 1029.70, 18.87, 272, 419, 563, 690, 765, 781, 969, 1114, 4173, 1998, 10137.79, 24.69, 9.59
10:10:11, 1029.30, 18.84, 278, 428, 579, 703, 769, 782, 970, 1116, 4191, 2013, 10145.73, 24.67, 9.63
10:10:11, 1030.00, 18.83, 276, 425, 574, 698, 764, 776, 965, 1109, 4149, 2014, 10161.61, 24.64, 9.63
10:10:12, 1029.50, 18.79, 270, 418, 564, 690, 749, 764, 945, 1090, 4042, 1834, 10177.51, 24.60, 9.67
10:10:12, 1029.70, 18.72, 277, 427, 577, 702, 758, 773, 958, 1102, 4156, 2005, 10177.51, 24.60, 9.67
10:10:12, 1029.90, 18.64, 275, 424, 569, 696, 765, 780, 969, 1110, 4173, 1959, 10193.45, 24.57, 9.67
10:10:13, 1030.20, 18.55, 273, 423, 570, 696, 761, 774, 963, 1105, 4142, 1951, 10201.42, 24.55, 9.69
10:10:13, 1029.80, 18.49, 270, 418, 566, 689, 745, 764, 946, 1087, 4127, 1929, 10241.39, 24.46, 9.69
10:10:14, 1030.20, 18.43, 274, 423, 569, 696, 763, 774, 964, 1105, 4133, 1960, 10209.40, 24.53, 9.69
10:10:14, 1030.10, 18.40, 263, 408, 553, 674, 739, 754, 935, 1075, 4026, 1788, 10241.39, 24.46, 9.69
10:10:14, 1030.00, 18.37, 273, 421, 567, 694, 755, 768, 953, 1096, 4109, 1956, 10249.41, 24.45, 9.69
10:10:15, 1030.00, 18.37, 257, 398, 537, 659, 746, 759, 943, 1084, 4017, 1755, 10281.52, 24.38, 9.66
10:10:15, 1030.20, 18.37, 271, 418, 564, 690, 748, 766, 948, 1092, 4051, 1908, 10281.52, 24.38, 9.66
10:10:16, 1030.20, 18.38, 247, 380, 514, 630, 738, 751, 933, 1073, 3985, 1710, 10297.62, 24.34, 9.65
10:10:16, 1030.20, 18.40, 274, 422, 569, 696, 758, 772, 958, 1103, 4074, 1918, 10329.89, 24.27, 9.65
10:10:16, 1029.90, 18.41, 268, 413, 558, 685, 743, 754, 937, 1078, 4024, 1796, 10305.68, 24.32, 9.65
10:10:17, 1030.40, 18.42, 269, 416, 562, 683, 697, 713, 881, 1010, 3869, 1749, 10337.97, 24.25, 9.63
10:10:17, 1030.10, 18.43, 263, 405, 550, 667, 739, 752, 934, 1073, 3969, 1802, 10337.97, 24.25, 9.63
10:10:18, 1030.50, 18.45, 264, 406, 553, 667, 726, 738, 915, 1054, 3865, 1685, 10370.37, 24.18, 9.63
10:10:18, 1030.40, 18.44, 264, 407, 551, 669, 728, 738, 914, 1057, 3873, 1747, 10394.74, 24.13, 9.63
10:10:19, 1030.20, 18.41, 266, 412, 556, 674, 729, 740, 916, 1058, 3855, 1685, 10394.74, 24.13, 9.63
10:10:19, 1030.20, 18.38, 266, 411, 554, 671, 739, 747, 924, 1067, 3877, 1752, 10386.61, 24.15, 9.62
10:10:19, 1030.30, 18.35, 263, 404, 548, 661, 727, 737, 910, 1054, 3828, 1692, 10411.01, 24.10, 9.62
10:10:20, 1030.20, 18.34, 266, 410, 554, 666, 722, 734, 907, 1049, 3804, 1653, 10427.32, 24.06, 9.61
10:10:20, 1030.40, 18.33, 266, 411, 553, 669, 733, 743, 914, 1060, 3840, 1764, 10443.64, 24.03, 9.61
10:10:21, 1030.30, 18.34, 263, 404, 548, 660, 719, 729, 897, 1042, 3758, 1620, 10468.19, 23.97, 9.61
10:10:21, 1030.10, 18.33, 265, 408, 550, 663, 729, 739, 909, 1054, 3806, 1671, 10468.19, 23.97, 9.65
10:10:21, 1030.00, 18.32, 264, 405, 548, 661, 731, 740, 911, 1057, 3821, 1743, 10492.79, 23.92, 9.65
10:10:22, 1030.20, 18.30, 264, 406, 549, 661, 726, 736, 907, 1050, 3791, 1658, 10492.79, 23.92, 9.66
10:10:22, 1030.20, 18.28, 263, 405, 547, 660, 728, 739, 910, 1053, 3818, 1718, 10517.45, 23.87, 9.66
10:10:23, 1030.10, 18.26, 262, 402, 544, 656, 721, 731, 901, 1043, 3780, 1679, 10517.45, 23.87, 9.66
10:10:23, 1030.20, 18.25, 259, 399, 540, 651, 718, 728, 898, 1039, 3759, 1626, 10533.92, 23.83, 9.63
10:10:23, 1030.10, 18.24, 260, 402, 542, 655, 717, 726, 896, 1037, 3755, 1644, 10550.42, 23.80, 9.63
10:10:24, 1030.40, 18.23, 260, 400, 541, 654, 721, 730, 903, 1040, 3778, 1645, 10542.17, 23.82, 9.67
10:10:24, 1030.10, 18.22, 260, 399, 540, 652, 720, 730, 904, 1041, 3809, 1718, 10575.22, 23.75, 9.67
10:10:25, 1030.10, 18.20, 259, 400, 540, 655, 714, 723, 897, 1032, 3762, 1594, 10583.50, 23.73, 9.67
10:10:25, 1030.00, 18.17, 262, 403, 544, 660, 723, 731, 907, 1043, 3831, 1768, 10608.38, 23.68, 9.67
10:10:26, 1030.40, 18.13, 256, 394, 535, 649, 704, 711, 885, 1016, 3715, 1573, 10633.32, 23.62, 9.67
10:10:26, 1030.10, 18.08, 261, 404, 544, 660, 719, 727, 905, 1035, 3814, 1705, 10633.32, 23.62, 9.66
10:10:26, 1030.20, 18.04, 257, 396, 537, 650, 715, 724, 898, 1031, 3787, 1664, 10649.98, 23.59, 9.66
10:10:27, 1029.90, 18.02, 256, 394, 535, 647, 709, 719, 889, 1025, 3770, 1656, 10649.98, 23.59, 9.66
10:10:27, 1029.80, 18.02, 261, 404, 544, 661, 710, 719, 890, 1026, 3763, 1675, 10683.38, 23.52, 9.70
10:10:28, 1030.10, 18.02, 257, 397, 535, 650, 720, 727, 902, 1035, 3792, 1701, 10691.75, 23.50, 9.70
10:10:28, 1030.20, 18.01, 255, 393, 531, 645, 709, 717, 889, 1023, 3732, 1615, 10641.65, 23.61, 9.76
10:10:28, 1029.90, 17.99, 255, 393, 531, 646, 714, 721, 894, 1028, 3767, 1658, 10725.29, 23.43, 9.76
10:10:29, 1030.10, 17.96, 256, 395, 533, 648, 715, 722, 898, 1029, 3782, 1689, 10708.50, 23.47, 9.76
10:10:29, 1030.30, 17.94, 250, 387, 524, 637, 708, 715, 889, 1019, 3738, 1605, 10742.09, 23.40, 9.78
10:10:30, 1029.90, 17.92, 257, 395, 534, 649, 715, 724, 899, 1031, 3828, 1777, 10733.68, 23.42, 9.78
10:10:30, 1029.90, 17.90, 254, 391, 527, 644, 696, 706, 876, 1006, 3720, 1611, 10750.51, 23.38, 9.73
10:10:30, 1029.90, 17.88, 257, 397, 535, 651, 708, 717, 891, 1019, 3770, 1705, 10767.36, 23.35, 9.73
10:10:31, 1030.00, 17.87, 254, 391, 530, 641, 704, 712, 884, 1014, 3746, 1674, 10792.68, 23.29, 9.73
10:10:31, 1030.20, 17.86, 250, 386, 523, 635, 684, 695, 857, 990, 3656, 1561, 10809.60, 23.26, 9.69
10:10:32, 1029.90, 17.85, 255, 396, 532, 649, 689, 700, 867, 996, 3707, 1629, 10792.68, 23.29, 9.69
10:10:32, 1030.30, 17.85, 258, 400, 537, 654, 710, 718, 893, 1018, 3778, 1710, 10826.55, 23.22, 9.67
10:10:33, 1030.10, 17.85, 251, 388, 525, 638, 703, 712, 884, 1011, 3750, 1645, 10818.07, 23.24, 9.67
10:10:33, 1029.90, 17.87, 257, 396, 534, 648, 700, 710, 879, 1009, 3752, 1701, 10835.03, 23.21, 9.67
10:10:33, 1030.20, 17.88, 250, 388, 521, 640, 692, 700, 869, 997, 3670, 1571, 10869.03, 23.14, 9.64
10:10:34, 1029.90, 17.88, 253, 391, 527, 639, 703, 711, 882, 1009, 3715, 1645, 10843.52, 23.19, 9.64
10:10:34, 1029.90, 17.86, 251, 387, 523, 635, 698, 706, 876, 1004, 3691, 1631, 10886.08, 23.10, 9.64
10:10:35, 1030.00, 17.83, 249, 385, 520, 633, 688, 697, 863, 991, 3638, 1551, 10886.08, 23.10, 9.64
10:10:35, 1029.80, 17.80, 257, 395, 532, 647, 709, 715, 888, 1018, 3748, 1742, 10911.69, 23.05, 9.64
10:10:35, 1029.80, 17.77, 251, 388, 522, 636, 689, 698, 867, 991, 3662, 1581, 10928.81, 23.01, 9.65
10:10:36, 1029.90, 17.74, 257, 395, 532, 646, 708, 714, 884, 1016, 3738, 1746, 10928.81, 23.01, 9.65
10:10:36, 1030.00, 17.72, 248, 380, 514, 626, 686, 693, 857, 985, 3619, 1555, 10928.81, 23.01, 9.64
10:10:37, 1030.00, 17.71, 254, 393, 528, 640, 692, 699, 868, 993, 3654, 1634, 10945.95, 22.98, 9.64
10:10:37, 1030.00, 17.70, 252, 388, 524, 636, 696, 704, 873, 999, 3677, 1646, 10920.25, 23.03, 9.64
10:10:37, 1029.20, 17.70, 255, 392, 529, 639, 703, 712, 882, 1009, 3733, 1710, 10980.31, 22.91, 9.63
10:10:38, 1029.00, 17.69, 259, 397, 535, 646, 701, 711, 877, 1009, 3751, 1789, 10954.53, 22.96, 9.63
10:10:38, 1028.80, 17.68, 258, 395, 533, 642, 694, 703, 867, 999, 3720, 1792, 10997.54, 22.88, 9.63
10:10:39, 1028.60, 17.65, 255, 391, 526, 633, 685, 697, 857, 991, 3712, 1795, 10963.11, 22.94, 9.63
10:10:39, 1028.70, 17.58, 249, 378, 509, 619, 661, 675, 834, 956, 3666, 1779, 10997.54, 22.88, 9.63
10:10:40, 1029.10, 17.51, 242, 371, 498, 605, 647, 658, 815, 933, 3648, 1769, 11014.79, 22.84, 9.59
10:10:40, 1029.70, 17.46, 235, 361, 482, 591, 639, 650, 811, 920, 3625, 1760, 11040.72, 22.79, 9.59
10:10:40, 1029.90, 17.40, 221, 339, 454, 559, 581, 597, 725, 849, 3232, 1433, 11032.07, 22.81, 9.59
10:10:41, 1030.90, 17.32, 235, 364, 486, 600, 642, 654, 810, 924, 3605, 1535, 11040.72, 22.79, 9.59
10:10:41, 1031.90, 17.25, 222, 348, 466, 574, 636, 646, 801, 912, 3518, 1321, 11066.72, 22.74, 9.59
10:10:42, 1031.50, 17.17, 224, 349, 469, 576, 640, 649, 805, 919, 3503, 1370, 11066.72, 22.74, 9.63
10:10:42, 1031.90, 17.09, 223, 347, 470, 574, 630, 635, 787, 903, 3366, 1259, 11058.05, 22.75, 9.63
10:10:42, 1030.10, 17.01, 228, 354, 479, 583, 645, 652, 808, 928, 3446, 1427, 11110.19, 22.65, 9.61
10:10:43, 1031.40, 16.90, 225, 353, 468, 569, 602, 616, 751, 879, 3106, 1302, 11110.19, 22.65, 9.61
10:10:43, 1032.00, 16.72, 218, 339, 460, 557, 592, 598, 736, 852, 3116, 1165, 11110.19, 22.65, 9.61
10:10:44, 1032.00, 16.62, 218, 340, 460, 562, 602, 605, 751, 862, 3136, 1164, 11136.36, 22.60, 9.57
10:10:44, 1032.70, 16.54, 219, 342, 462, 565, 612, 613, 764, 872, 3169, 1178, 11145.10, 22.58, 9.57
10:10:44, 1032.60, 16.48, 215, 335, 455, 555, 616, 615, 766, 875, 3135, 1140, 11145.10, 22.58, 9.55
10:10:45, 1033.30, 16.43, 214, 331, 452, 546, 595, 598, 737, 854, 3002, 1064, 11171.36, 22.53, 9.55
10:10:45, 1033.90, 16.34, 211, 325, 445, 535, 593, 596, 725, 850, 2879, 956, 11153.85, 22.56, 9.55
10:10:46, 1033.50, 16.26, 212, 325, 449, 536, 592, 598, 717, 850, 2799, 910, 11171.36, 22.53, 9.55
10:10:46, 1035.80, 16.22, 216, 329, 456, 539, 584, 590, 702, 836, 2685, 819, 11188.90, 22.49, 9.55
10:10:47, 1037.50, 16.19, 200, 306, 428, 510, 571, 578, 684, 816, 2570, 711, 11215.26, 22.44, 9.50
10:10:47, 1040.10, 16.16, 192, 297, 418, 500, 554, 559, 664, 787, 2467, 605, 11206.47, 22.46, 9.50
10:10:47, 1041.80, 16.13, 186, 291, 410, 495, 558, 558, 671, 784, 2508, 581, 11224.07, 22.42, 9.50
10:10:48, 1044.00, 16.10, 178, 282, 398, 484, 543, 543, 657, 759, 2446, 526, 11241.70, 22.39, 9.48
10:10:48, 1046.80, 16.07, 168, 268, 381, 467, 522, 522, 634, 727, 2341, 456, 11232.88, 22.41, 9.48
10:10:49, 1049.40, 16.05, 159, 255, 366, 453, 504, 504, 613, 699, 2237, 394, 11241.70, 22.39, 9.46
10:10:49, 1053.20, 16.03, 150, 244, 352, 440, 487, 487, 592, 669, 2146, 337, 11250.52, 22.37, 9.46
10:10:49, 1055.40, 15.98, 142, 234, 340, 428, 479, 478, 582, 652, 2114, 305, 11250.52, 22.37, 9.46
10:10:50, 1057.80, 15.92, 138, 229, 333, 422, 476, 474, 578, 642, 2114, 284, 11277.04, 22.32, 9.43
10:10:50, 1061.00, 15.87, 131, 220, 320, 410, 462, 464, 561, 621, 2116, 262, 11312.50, 22.25, 9.43
10:10:51, 1063.40, 15.83, 128, 215, 314, 407, 446, 453, 540, 600, 2122, 244, 11312.50, 22.25, 9.43
10:10:51, 1065.90, 15.80, 124, 207, 306, 398, 438, 451, 530, 588, 2110, 222, 11312.50, 22.25, 9.43
10:10:51, 1068.20, 15.77, 120, 199, 297, 386, 422, 437, 506, 561, 2101, 212, 11312.50, 22.25, 9.43
10:10:52, 1070.60, 15.74, 115, 190, 288, 371, 409, 423, 485, 540, 2045, 199, 11348.08, 22.18, 9.42
10:10:52, 1073.20, 15.70, 109, 179, 274, 352, 392, 404, 461, 513, 1956, 184, 11348.08, 22.18, 9.42
10:10:53, 1075.50, 15.68, 105, 175, 270, 345, 379, 386, 444, 492, 1865, 173, 11356.99, 22.16, 9.41
10:10:53, 1077.00, 15.68, 100, 168, 261, 333, 380, 385, 442, 489, 1781, 159, 11374.84, 22.13, 9.41
10:10:54, 1079.70, 15.67, 94, 158, 247, 315, 368, 368, 427, 468, 1659, 143, 11392.72, 22.09, 9.41
10:10:54, 1081.80, 15.65, 90, 154, 241, 309, 352, 349, 410, 443, 1543, 129, 11401.67, 22.08, 9.43
10:10:54, 1084.10, 15.61, 87, 151, 237, 306, 343, 338, 400, 428, 1457, 119, 11401.67, 22.08, 9.43
10:10:55, 1085.70, 15.59, 85, 150, 235, 304, 340, 334, 396, 423, 1396, 110, 11419.60, 22.04, 9.45
10:10:55, 1087.70, 15.59, 83, 147, 231, 301, 341, 335, 397, 422, 1357, 104, 11428.57, 22.02, 9.45
10:10:56, 1090.30, 15.60, 80, 141, 223, 292, 331, 325, 384, 407, 1293, 95, 11428.57, 22.02, 9.45
10:10:56, 1091.60, 15.60, 77, 137, 217, 285, 327, 321, 378, 399, 1270, 92, 11446.54, 21.99, 9.45
10:10:56, 1093.40, 15.59, 75, 134, 213, 280, 323, 317, 372, 392, 1270, 91, 11455.54, 21.97, 9.45
10:10:57, 1095.70, 15.57, 73, 131, 209, 275, 313, 307, 359, 378, 1253, 89, 11482.57, 21.92, 9.45
10:10:57, 1096.90, 15.57, 73, 130, 208, 272, 309, 303, 352, 371, 1268, 90, 11473.55, 21.94, 9.45
10:10:58, 1099.40, 15.55, 73, 129, 208, 273, 311, 306, 351, 372, 1276, 88, 11482.57, 21.92, 9.45
10:10:58, 1102.00, 15.46, 69, 123, 201, 263, 301, 297, 338, 357, 1260, 87, 11509.67, 21.87, 9.46
10:10:58, 1103.70, 15.40, 68, 121, 198, 260, 297, 294, 333, 352, 1253, 85, 11518.72, 21.85, 9.46
10:10:59, 1106.70, 15.32, 66, 117, 192, 254, 295, 292, 329, 347, 1222, 80, 11518.72, 21.85, 9.45
10:10:59, 1109.00, 15.25, 62, 111, 183, 243, 285, 281, 317, 331, 1186, 77, 11518.72, 21.85, 9.45
10:11:00, 1111.30, 15.20, 60, 108, 180, 238, 277, 274, 307, 320, 1155, 74, 11536.84, 21.82, 9.45
10:11:00, 1113.30, 15.14, 58, 105, 175, 234, 272, 268, 301, 312, 1132, 72, 11554.99, 21.78, 9.44
10:11:01, 1115.20, 15.11, 57, 104, 173, 231, 268, 264, 295, 306, 1109, 70, 11554.99, 21.78, 9.44
10:11:01, 1117.60, 15.05, 55, 100, 168, 225, 262, 258, 288, 298, 1071, 67, 11582.28, 21.73, 9.45
10:11:01, 1120.40, 15.00, 53, 97, 164, 219, 256, 251, 280, 287, 1035, 64, 11582.28, 21.73, 9.45
10:11:02, 1123.00, 14.96, 51, 93, 159, 213, 246, 241, 269, 274, 995, 61, 11582.28, 21.73, 9.45
10:11:02, 1125.90, 14.93, 49, 90, 154, 207, 240, 234, 261, 264, 955, 58, 11609.63, 21.68, 9.45
10:11:03, 1127.70, 14.90, 47, 87, 149, 202, 233, 226, 253, 255, 918, 56, 11618.77, 21.66, 9.45
10:11:03, 1129.60, 14.89, 45, 85, 146, 198, 229, 223, 249, 250, 882, 53, 11609.63, 21.68, 9.44
10:11:03, 1131.30, 14.85, 43, 81, 140, 192, 223, 216, 243, 241, 831, 50, 11637.06, 21.63, 9.44
10:11:04, 1133.00, 14.81, 42, 79, 136, 187, 220, 212, 239, 237, 783, 46, 11646.21, 21.61, 9.44
10:11:04, 1135.00, 14.79, 40, 76, 132, 183, 213, 206, 232, 228, 730, 43, 11646.21, 21.61, 9.45
10:11:05, 1137.80, 14.80, 39, 75, 129, 180, 213, 207, 230, 227, 717, 42, 11664.55, 21.57, 9.45
10:11:05, 1140.60, 14.78, 36, 70, 122, 170, 197, 190, 213, 207, 710, 42, 11673.73, 21.56, 9.45
10:11:05, 1143.20, 14.75, 36, 70, 123, 171, 195, 188, 209, 204, 722, 43, 11673.73, 21.56, 9.45
10:11:06, 1144.90, 14.73, 35, 67, 119, 165, 191, 184, 203, 198, 726, 43, 11719.75, 21.47, 9.45
10:11:06, 1146.60, 14.70, 34, 65, 116, 161, 185, 179, 197, 191, 724, 43, 11719.75, 21.47, 9.44
10:11:07, 1148.80, 14.68, 32, 62, 111, 155, 181, 176, 192, 186, 712, 42, 11719.75, 21.47, 9.44
10:11:07, 1151.60, 14.66, 30, 58, 105, 147, 175, 169, 184, 178, 684, 40, 11728.97, 21.45, 9.44
10:11:08, 1155.10, 14.64, 29, 55, 100, 141, 166, 160, 175, 168, 647, 38, 11728.97, 21.45, 9.44
10:11:08, 1158.90, 14.63, 27, 52, 95, 135, 161, 155, 169, 160, 614, 36, 11756.70, 21.40, 9.44
10:11:08, 1161.40, 14.60, 25, 50, 91, 130, 155, 148, 163, 152, 573, 33, 11775.22, 21.37, 9.42
10:11:09, 1163.80, 14.56, 24, 47, 87, 125, 147, 140, 154, 143, 527, 30, 11775.22, 21.37, 9.42
10:11:09, 1166.00, 14.52, 23, 45, 84, 121, 143, 137, 150, 139, 491, 28, 11793.78, 21.33, 9.45
10:11:10, 1168.20, 14.49, 22, 43, 80, 117, 141, 135, 147, 136, 464, 26, 11793.78, 21.33, 9.45
10:11:10, 1170.50, 14.49, 21, 42, 78, 114, 139, 133, 145, 133, 459, 26, 11793.78, 21.33, 9.45
10:11:10, 1173.40, 14.48, 21, 41, 76, 111, 136, 129, 141, 129, 465, 26, 11812.37, 21.30, 9.45
10:11:11, 1176.60, 14.48, 20, 39, 73, 107, 130, 124, 134, 122, 472, 27, 11821.67, 21.28, 9.45
10:11:11, 1179.30, 14.46, 19, 38, 72, 105, 124, 118, 128, 115, 473, 27, 11840.31, 21.25, 9.46
10:11:12, 1181.80, 14.42, 19, 38, 72, 105, 123, 117, 126, 114, 476, 27, 11858.97, 21.21, 9.46
10:11:12, 1183.50, 14.43, 18, 36, 69, 101, 125, 119, 127, 115, 471, 27, 11840.31, 21.25, 9.46
10:11:12, 1184.90, 14.47, 17, 34, 66, 98, 120, 114, 122, 109, 446, 26, 11868.32, 21.19, 9.45
10:11:13, 1187.50, 14.42, 17, 33, 65, 96, 118, 111, 120, 106, 419, 24, 11887.03, 21.16, 9.45
10:11:13, 1190.30, 14.41, 17, 33, 65, 97, 116, 109, 117, 104, 393, 22, 11887.03, 21.16, 9.47
10:11:14, 1193.00, 14.39, 16, 33, 63, 95, 113, 107, 114, 101, 359, 20, 11905.78, 21.13, 9.47
10:11:14, 1195.40, 14.37, 16, 32, 62, 93, 114, 107, 114, 101, 351, 20, 11905.78, 21.13, 9.47
10:11:15, 1197.70, 14.36, 15, 31, 61, 92, 112, 106, 111, 98, 328, 18, 11915.17, 21.11, 9.48
10:11:15, 1199.60, 14.36, 15, 30, 60, 91, 111, 105, 111, 98, 323, 18, 11933.96, 21.07, 9.48
10:11:15, 1202.20, 14.36, 15, 30, 59, 90, 110, 104, 109, 96, 322, 18, 11943.37, 21.06, 9.51
10:11:16, 1202.00, 14.38, 15, 30, 60, 91, 116, 109, 115, 100, 350, 19, 11943.37, 21.06, 9.51
10:11:16, 1202.60, 14.41, 16, 32, 63, 96, 117, 110, 116, 102, 361, 20, 11952.79, 21.04, 9.51
10:11:17, 1205.10, 14.42, 15, 31, 62, 94, 116, 109, 114, 100, 358, 20, 11971.65, 21.00, 9.51
10:11:17, 1207.30, 14.47, 15, 31, 62, 95, 117, 110, 114, 100, 358, 20, 11990.54, 20.97, 9.51
10:11:17, 1210.30, 14.50, 15, 30, 60, 92, 114, 107, 111, 97, 343, 19, 11990.54, 20.97, 9.52
10:11:18, 1213.00, 14.53, 14, 29, 58, 90, 113, 105, 109, 95, 331, 18, 11981.09, 20.99, 9.52
10:11:18, 1215.60, 14.55, 14, 29, 58, 89, 111, 104, 107, 93, 321, 18, 12000.00, 20.95, 9.52
10:11:19, 1217.60, 14.57, 14, 29, 58, 90, 110, 102, 106, 91, 311, 17, 12028.42, 20.90, 9.52
10:11:19, 1219.80, 14.60, 14, 29, 58, 90, 110, 103, 106, 91, 307, 17, 12028.42, 20.90, 9.52
10:11:19, 1222.20, 14.63, 14, 29, 58, 91, 107, 100, 102, 88, 293, 16, 12047.41, 20.87, 9.55
10:11:20, 1224.20, 14.65, 14, 28, 57, 89, 106, 99, 101, 86, 282, 15, 12066.44, 20.83, 9.55
10:11:20, 1226.80, 14.67, 13, 27, 55, 86, 105, 98, 100, 86, 280, 15, 12037.91, 20.88, 9.55
10:11:21, 1229.90, 14.71, 13, 27, 55, 86, 106, 99, 100, 85, 281, 15, 12066.44, 20.83, 9.55
10:11:21, 1232.60, 14.73, 13, 26, 54, 84, 105, 98, 99, 84, 280, 15, 12056.92, 20.85, 9.55
10:11:21, 1233.80, 14.74, 11, 23, 49, 77, 70, 67, 68, 55, 204, 11, 12085.49, 20.80, 9.57
10:11:22, 1233.70, 14.73, 7, 15, 31, 51, 95, 89, 90, 75, 292, 16, 12095.03, 20.78, 9.57
10:11:22, 1233.60, 14.70, 13, 26, 54, 84, 105, 97, 97, 83, 318, 18, 12104.58, 20.76, 9.57
10:11:23, 1232.30, 14.67, 12, 25, 53, 82, 100, 93, 94, 79, 321, 18, 12114.14, 20.75, 9.55
10:11:23, 1229.70, 14.66, 13, 26, 54, 84, 104, 96, 97, 82, 328, 18, 12133.28, 20.71, 9.55
10:11:24, 1228.20, 14.65, 13, 26, 54, 84, 105, 98, 100, 85, 337, 19, 12142.86, 20.69, 9.55
10:11:24, 1228.20, 14.63, 13, 26, 54, 84, 106, 98, 100, 85, 340, 19, 12162.05, 20.66, 9.55
10:11:24, 1227.60, 14.63, 13, 26, 55, 85, 108, 100, 102, 87, 347, 20, 12152.45, 20.68, 9.55
10:11:25, 1226.70, 14.65, 13, 27, 56, 86, 108, 100, 102, 87, 352, 20, 12190.89, 20.61, 9.55
10:11:25, 1227.10, 14.66, 13, 27, 56, 87, 109, 102, 103, 88, 357, 20, 12190.89, 20.61, 9.55
10:11:26, 1227.20, 14.67, 13, 27, 56, 86, 109, 101, 103, 88, 360, 20, 12190.89, 20.61, 9.55
10:11:26, 1227.30, 14.67, 13, 27, 56, 87, 109, 101, 102, 87, 361, 20, 12219.81, 20.56, 9.55
10:11:26, 1227.40, 14.68, 13, 27, 57, 87, 108, 101, 102, 87, 361, 20, 12200.52, 20.59, 9.55
10:11:27, 1227.40, 14.71, 13, 27, 57, 88, 108, 101, 102, 87, 361, 20, 12229.46, 20.54, 9.57
10:11:27, 1227.30, 14.74, 13, 28, 57, 89, 109, 101, 103, 87, 359, 20, 12239.13, 20.52, 9.57
10:11:28, 1227.50, 14.78, 13, 28, 57, 88, 110, 102, 103, 88, 358, 20, 12239.13, 20.52, 9.58
10:11:28, 1227.40, 14.82, 13, 27, 57, 88, 110, 102, 104, 88, 356, 20, 12248.80, 20.50, 9.58
10:11:28, 1227.50, 14.85, 13, 27, 57, 88, 110, 102, 104, 89, 352, 20, 12239.13, 20.52, 9.58
10:11:29, 1227.20, 14.88, 13, 28, 57, 88, 110, 102, 104, 89, 349, 20, 12258.49, 20.49, 9.58
10:11:29, 1227.50, 14.91, 13, 28, 58, 89, 110, 102, 104, 88, 344, 19, 12287.58, 20.43, 9.58
10:11:30, 1227.30, 14.92, 13, 28, 58, 90, 111, 102, 104, 89, 342, 19, 12277.87, 20.45, 9.59
10:11:30, 1227.60, 14.92, 13, 28, 58, 90, 110, 102, 104, 89, 339, 19, 12297.30, 20.42, 9.59
10:11:31, 1227.40, 14.91, 13, 28, 57, 89, 110, 102, 104, 88, 336, 19, 12316.75, 20.38, 9.59
10:11:31, 1227.80, 14.89, 13, 28, 57, 89, 110, 102, 104, 89, 335, 19, 12326.49, 20.37, 9.60
10:11:31, 1228.10, 14.87, 13, 28, 57, 89, 110, 102, 104, 88, 331, 19, 12336.24, 20.35, 9.60
10:11:32, 1228.00, 14.86, 13, 28, 57, 89, 109, 102, 103, 88, 328, 18, 12326.49, 20.37, 9.63
10:11:32, 1227.90, 14.86, 13, 28, 57, 89, 110, 102, 104, 88, 328, 18, 12346.00, 20.33, 9.63
10:11:33, 1227.80, 14.86, 13, 28, 58, 89, 110, 102, 104, 88, 326, 18, 12355.77, 20.31, 9.63
10:11:33, 1227.80, 14.85, 13, 28, 58, 90, 111, 103, 105, 89, 325, 18, 12346.00, 20.33, 9.64
10:11:33, 1227.90, 14.85, 13, 28, 58, 90, 111, 103, 105, 89, 321, 18, 12365.54, 20.30, 9.64
10:11:34, 1227.80, 14.86, 13, 28, 58, 90, 111, 103, 105, 89, 317, 18, 12375.33, 20.28, 9.65
10:11:34, 1227.70, 14.87, 13, 28, 58, 90, 111, 104, 105, 90, 312, 17, 12404.73, 20.23, 9.65
10:11:35, 1227.60, 14.89, 13, 28, 58, 90, 112, 104, 105, 90, 308, 17, 12385.12, 20.26, 9.65
10:11:35, 1227.80, 14.91, 14, 28, 58, 90, 112, 104, 106, 90, 304, 17, 12385.12, 20.26, 9.66
10:11:35, 1227.70, 14.92, 13, 28, 58, 90, 112, 104, 105, 90, 297, 16, 12424.37, 20.19, 9.66
10:11:36, 1227.70, 14.92, 14, 28, 58, 90, 113, 105, 106, 91, 292, 16, 12434.21, 20.18, 9.67
10:11:36, 1227.80, 14.92, 14, 29, 58, 91, 114, 106, 107, 92, 286, 15, 12434.21, 20.18, 9.67
10:11:37, 1227.80, 14.92, 14, 29, 59, 92, 114, 106, 107, 92, 279, 15, 12444.05, 20.16, 9.67
10:11:37, 1227.60, 14.93, 14, 29, 60, 93, 115, 108, 108, 94, 273, 15, 12453.91, 20.14, 9.65
10:11:38, 1227.60, 14.93, 14, 29, 60, 94, 115, 108, 109, 94, 263, 14, 12473.64, 20.11, 9.65
10:11:38, 1227.60, 14.92, 14, 29, 60, 94, 117, 110, 110, 95, 258, 14, 12463.77, 20.12, 9.65
10:11:38, 1227.60, 14.93, 14, 30, 61, 95, 117, 111, 110, 96, 250, 13, 12453.91, 20.14, 9.65
10:11:39, 1227.70, 14.95, 15, 30, 62, 96, 119, 113, 112, 98, 248, 13, 12483.52, 20.09, 9.65
10:11:39, 1227.80, 14.97, 15, 30, 62, 98, 119, 113, 112, 98, 238, 12, 12493.41, 20.07, 9.65
10:11:40, 1227.60, 14.99, 15, 30, 62, 97, 119, 114, 112, 99, 230, 12, 12493.41, 20.07, 9.65
10:11:40, 1227.50, 15.01, 15, 31, 63, 99, 122, 116, 114, 101, 231, 12, 12503.30, 20.06, 9.63
10:11:40, 1227.50, 15.02, 15, 32, 65, 101, 124, 118, 116, 103, 231, 12, 12533.04, 20.00, 9.63
10:11:41, 1227.70, 15.01, 15, 32, 65, 101, 125, 120, 117, 104, 230, 12, 12513.20, 20.04, 9.63
10:11:41, 1228.20, 14.98, 16, 32, 66, 103, 126, 121, 117, 105, 231, 12, 12533.04, 20.00, 9.60
10:11:42, 1228.50, 14.96, 15, 32, 65, 101, 124, 118, 115, 103, 221, 12, 12533.04, 20.00, 9.60
10:11:42, 1228.40, 14.95, 16, 32, 66, 103, 126, 121, 116, 105, 230, 12, 12533.04, 20.00, 9.59
10:11:42, 1228.20, 14.93, 16, 33, 67, 104, 126, 120, 116, 105, 232, 12, 12542.97, 19.99, 9.59
10:11:43, 1225.30, 14.92, 16, 32, 65, 100, 124, 119, 114, 105, 229, 12, 12582.78, 19.92, 9.59
10:11:43, 1223.00, 14.91, 16, 33, 66, 102, 128, 123, 118, 109, 254, 14, 12582.78, 19.92, 9.57
10:11:44, 1221.00, 14.84, 17, 34, 70, 106, 133, 127, 122, 113, 288, 16, 12582.78, 19.92, 9.57
10:11:44, 1219.20, 14.77, 17, 35, 72, 109, 135, 128, 124, 115, 313, 17, 12612.73, 19.87, 9.58
10:11:45, 1217.10, 14.72, 18, 36, 73, 110, 136, 129, 127, 117, 336, 19, 12582.78, 19.92, 9.58
10:11:45, 1215.50, 14.68, 18, 36, 74, 111, 139, 131, 130, 119, 354, 20, 12612.73, 19.87, 9.58
10:11:45, 1213.30, 14.65, 18, 37, 75, 112, 140, 132, 131, 121, 368, 21, 12612.73, 19.87, 9.58
10:11:46, 1211.50, 14.64, 19, 38, 76, 115, 142, 134, 134, 123, 377, 21, 12622.73, 19.85, 9.58
10:11:46, 1209.70, 14.64, 19, 39, 77, 115, 145, 137, 137, 126, 393, 22, 12622.73, 19.85, 9.58
10:11:47, 1207.60, 14.65, 19, 39, 79, 118, 146, 138, 138, 128, 397, 22, 12602.74, 19.88, 9.58
10:11:47, 1206.70, 14.67, 20, 40, 80, 119, 149, 141, 142, 131, 407, 23, 12652.79, 19.80, 9.58
10:11:47, 1205.60, 14.68, 20, 41, 81, 121, 151, 142, 143, 132, 411, 23, 12652.79, 19.80, 9.57
10:11:48, 1204.30, 14.68, 20, 42, 82, 123, 152, 144, 145, 134, 417, 23, 12672.87, 19.76, 9.57
10:11:48, 1202.90, 14.69, 21, 42, 83, 124, 154, 145, 147, 136, 421, 24, 12662.83, 19.78, 9.55
10:11:49, 1201.20, 14.70, 21, 43, 84, 125, 156, 147, 149, 138, 430, 24, 12682.93, 19.75, 9.55
10:11:49, 1199.20, 14.71, 21, 43, 86, 127, 158, 150, 152, 141, 445, 25, 12682.93, 19.75, 9.55
10:11:49, 1197.80, 14.72, 22, 44, 87, 129, 160, 151, 154, 143, 454, 26, 12713.14, 19.69, 9.55
10:11:50, 1196.20, 14.73, 22, 45, 88, 131, 161, 153, 156, 145, 463, 26, 12713.14, 19.69, 9.55
10:11:50, 1194.40, 14.73, 22, 46, 90, 132, 163, 154, 158, 147, 475, 27, 12692.99, 19.73, 9.56
10:11:51, 1193.00, 14.73, 23, 47, 91, 134, 165, 156, 160, 150, 485, 27, 12713.14, 19.69, 9.56
10:11:51, 1190.90, 14.73, 23, 48, 93, 136, 168, 159, 163, 153, 499, 28, 12753.56, 19.62, 9.56
10:11:52, 1189.60, 14.73, 24, 48, 94, 138, 170, 161, 166, 156, 508, 29, 12733.33, 19.66, 9.54
10:11:52, 1188.00, 14.74, 24, 49, 95, 140, 171, 162, 166, 157, 515, 29, 12743.44, 19.64, 9.54
10:11:52, 1187.20, 14.75, 24, 50, 96, 141, 174, 166, 170, 161, 524, 30, 12794.12, 19.56, 9.56
10:11:53, 1185.50, 14.74, 25, 51, 98, 143, 177, 168, 174, 164, 535, 30, 12773.82, 19.59, 9.56
10:11:53, 1184.10, 14.74, 25, 52, 100, 145, 177, 169, 174, 165, 545, 31, 12794.12, 19.56, 9.56
10:11:54, 1182.00, 14.73, 26, 53, 102, 149, 180, 171, 177, 169, 554, 31, 12783.96, 19.57, 9.55
10:11:54, 1180.10, 14.71, 27, 54, 103, 150, 185, 176, 183, 173, 576, 33, 12804.28, 19.54, 9.55
10:11:54, 1178.60, 14.69, 27, 55, 104, 151, 185, 176, 183, 174, 598, 34, 12814.45, 19.52, 9.55
10:11:55, 1176.20, 14.69, 28, 56, 107, 155, 190, 181, 189, 180, 622, 35, 12814.45, 19.52, 9.55
10:11:55, 1174.10, 14.67, 28, 57, 108, 157, 194, 184, 194, 183, 654, 37, 12834.82, 19.49, 9.55
10:11:56, 1172.30, 14.66, 29, 59, 110, 160, 191, 183, 192, 182, 685, 39, 12834.82, 19.49, 9.55
10:11:56, 1170.50, 14.64, 30, 60, 112, 162, 194, 185, 195, 185, 712, 40, 12834.82, 19.49, 9.55
10:11:56, 1169.10, 14.62, 30, 60, 113, 163, 194, 186, 196, 186, 735, 42, 12845.02, 19.47, 9.52
10:11:57, 1167.80, 14.62, 30, 61, 114, 164, 193, 186, 196, 185, 749, 43, 12855.23, 19.45, 9.52
10:11:57, 1166.80, 14.63, 30, 61, 114, 164, 195, 188, 197, 187, 750, 43, 12885.91, 19.40, 9.52
10:11:58, 1166.90, 14.65, 30, 60, 113, 161, 196, 189, 198, 188, 742, 42, 12885.91, 19.40, 9.48
10:11:58, 1166.50, 14.65, 30, 60, 112, 161, 196, 188, 198, 187, 735, 42, 12896.15, 19.38, 9.48
10:11:59, 1164.70, 14.63, 31, 62, 116, 166, 198, 190, 200, 190, 740, 43, 12906.40, 19.37, 9.45
10:11:59, 1161.90, 14.60, 32, 64, 119, 170, 206, 199, 209, 200, 752, 43, 12906.40, 19.37, 9.45
10:11:59, 1159.50, 14.58, 32, 65, 120, 171, 206, 198, 209, 201, 752, 43, 12896.15, 19.38, 9.45
10:12:00, 1156.80, 14.57, 34, 67, 123, 174, 208, 200, 213, 205, 765, 44, 12896.15, 19.38, 9.45
10:12:00, 1153.60, 14.56, 35, 69, 126, 178, 213, 205, 219, 211, 796, 46, 12906.40, 19.37, 9.45
10:12:01, 1149.90, 14.54, 37, 73, 132, 185, 219, 212, 226, 219, 840, 49, 12926.94, 19.33, 9.45
10:12:01, 1148.10, 14.51, 38, 75, 135, 189, 222, 215, 231, 224, 869, 51, 12947.51, 19.30, 9.45
10:12:01, 1146.40, 14.47, 39, 77, 139, 194, 227, 220, 236, 230, 899, 52, 12937.22, 19.32, 9.45
10:12:02, 1144.00, 14.40, 41, 81, 145, 202, 235, 229, 245, 241, 927, 54, 12947.51, 19.30, 9.43
10:12:02, 1141.50, 14.37, 42, 83, 148, 206, 242, 236, 253, 250, 949, 55, 12957.81, 19.28, 9.43
10:12:03, 1139.70, 14.33, 42, 83, 147, 204, 240, 233, 252, 248, 953, 56, 12988.76, 19.23, 9.41
10:12:03, 1137.30, 14.28, 45, 87, 153, 213, 245, 239, 258, 255, 974, 57, 12957.81, 19.28, 9.41
10:12:03, 1134.10, 14.23, 46, 90, 159, 218, 256, 250, 270, 269, 1012, 60, 12978.44, 19.25, 9.41
10:12:04, 1131.20, 14.21, 49, 94, 164, 224, 261, 255, 277, 276, 1051, 62, 12978.44, 19.25, 9.40
10:12:04, 1128.90, 14.19, 50, 96, 167, 229, 266, 260, 283, 284, 1089, 65, 12999.10, 19.21, 9.40
10:12:05, 1126.90, 14.15, 52, 100, 173, 237, 276, 271, 295, 296, 1133, 67, 13019.80, 19.18, 9.41
10:12:05, 1124.80, 14.14, 53, 102, 174, 239, 283, 278, 303, 306, 1166, 69, 12999.10, 19.21, 9.41
10:12:06, 1121.50, 14.13, 56, 107, 183, 249, 290, 286, 312, 316, 1208, 72, 12999.10, 19.21, 9.41
10:12:06, 1118.50, 14.14, 59, 112, 189, 256, 296, 292, 320, 325, 1247, 75, 13019.80, 19.18, 9.39
10:12:06, 1116.30, 14.14, 61, 115, 194, 261, 296, 292, 322, 327, 1279, 78, 13040.54, 19.14, 9.39
10:12:07, 1112.20, 14.14, 65, 122, 203, 273, 311, 307, 338, 347, 1340, 83, 13030.17, 19.16, 9.38
10:12:07, 1108.90, 14.12, 69, 128, 212, 284, 321, 318, 352, 362, 1401, 87, 13050.92, 19.13, 9.38
10:12:08, 1106.40, 14.07, 72, 133, 219, 292, 332, 329, 364, 377, 1455, 91, 13050.92, 19.13, 9.38
10:12:08, 1103.10, 14.03, 77, 141, 230, 305, 344, 342, 379, 394, 1519, 96, 13061.32, 19.11, 9.41
10:12:08, 1100.30, 14.00, 81, 149, 242, 319, 356, 354, 394, 411, 1585, 102, 13092.55, 19.06, 9.41
10:12:09, 1097.30, 13.97, 83, 151, 243, 319, 369, 368, 409, 429, 1640, 107, 13092.55, 19.06, 9.39
10:12:09, 1094.50, 13.94, 87, 158, 253, 329, 368, 366, 410, 430, 1681, 113, 13071.72, 19.09, 9.39
10:12:10, 1090.30, 13.90, 96, 172, 273, 353, 390, 389, 436, 461, 1786, 124, 13102.98, 19.04, 9.39
10:12:10, 1086.70, 13.88, 101, 180, 282, 363, 403, 401, 452, 480, 1855, 134, 13092.55, 19.06, 9.39
10:12:10, 1083.80, 13.86, 107, 190, 295, 378, 419, 418, 473, 503, 1946, 144, 13102.98, 19.04, 9.39
10:12:11, 1080.70, 13.84, 112, 197, 305, 389, 428, 428, 485, 517, 2048, 156, 13134.33, 18.99, 9.40
10:12:11, 1078.00, 13.83, 121, 210, 322, 408, 442, 442, 502, 538, 2169, 172, 13134.33, 18.99, 9.40
10:12:12, 1074.40, 13.82, 125, 216, 329, 416, 461, 463, 526, 566, 2295, 187, 13144.80, 18.97, 9.40
10:12:12, 1070.30, 13.81, 134, 229, 344, 434, 483, 486, 553, 599, 2440, 209, 13134.33, 18.99, 9.41
10:12:13, 1067.20, 13.79, 146, 248, 369, 462, 503, 506, 578, 628, 2580, 234, 13144.80, 18.97, 9.41
10:12:13, 1064.80, 13.77, 153, 259, 382, 476, 517, 521, 597, 649, 2695, 255, 13155.27, 18.95, 9.40
10:12:13, 1061.30, 13.76, 165, 277, 405, 503, 541, 545, 626, 685, 2858, 289, 13165.76, 18.94, 9.40
10:12:14, 1058.20, 13.75, 175, 290, 421, 519, 550, 554, 639, 701, 2998, 329, 13176.26, 18.92, 9.40
10:12:14, 1054.80, 13.75, 184, 303, 435, 535, 574, 580, 669, 736, 3153, 369, 13197.28, 18.88, 9.39
10:12:15, 1050.50, 13.73, 197, 320, 456, 557, 596, 603, 698, 771, 3377, 447, 13186.76, 18.90, 9.39
10:12:15, 1046.90, 13.72, 215, 345, 485, 589, 634, 645, 746, 827, 3619, 523, 13197.28, 18.88, 9.41
10:12:15, 1044.20, 13.69, 230, 365, 507, 611, 651, 664, 770, 857, 3814, 612, 13186.76, 18.90, 9.41
10:12:16, 1042.10, 13.67, 245, 386, 533, 639, 672, 686, 797, 888, 3999, 694, 13207.80, 18.87, 9.41
10:12:16, 1039.20, 13.65, 254, 397, 546, 653, 708, 726, 841, 941, 4215, 790, 13197.28, 18.88, 9.38
10:12:17, 1037.40, 13.64, 258, 401, 545, 650, 697, 712, 828, 931, 4363, 926, 13228.88, 18.83, 9.38
10:12:17, 1035.30, 13.63, 271, 418, 567, 674, 699, 715, 833, 937, 4513, 1049, 13207.80, 18.87, 9.39
10:12:17, 1032.00, 13.62, 295, 450, 603, 714, 735, 755, 879, 991, 4861, 1345, 13260.57, 18.78, 9.39
10:12:18, 1030.10, 13.62, 311, 469, 626, 738, 759, 782, 911, 1029, 5113, 1617, 13250.00, 18.80, 9.39
10:12:18, 1028.50, 13.61, 328, 491, 653, 770, 810, 838, 976, 1103, 5457, 1909, 13281.75, 18.75, 9.38
10:12:19, 1028.50, 13.59, 362, 540, 711, 839, 843, 879, 1020, 1151, 5577, 2105, 13271.16, 18.76, 9.38
10:12:19, 1028.10, 13.54, 360, 537, 706, 832, 843, 881, 1021, 1155, 5593, 2129, 13260.57, 18.78, 9.39
10:12:20, 1025.90, 13.54, 373, 556, 730, 860, 862, 902, 1043, 1181, 5654, 2161, 13250.00, 18.80, 9.39
10:12:20, 1025.80, 13.53, 360, 536, 707, 831, 881, 923, 1070, 1214, 5659, 2160, 13281.75, 18.75, 9.39
10:12:20, 1025.70, 13.53, 380, 572, 749, 881, 887, 915, 1073, 1215, 5413, 2070, 13292.35, 18.73, 9.38
10:12:21, 1025.90, 13.52, 375, 566, 743, 867, 898, 909, 1080, 1219, 4898, 1923, 13292.35, 18.73, 9.38
10:12:21, 1025.90, 13.53, 401, 592, 785, 893, 900, 931, 1049, 1242, 4190, 1680, 13313.58, 18.70, 9.41
10:12:22, 1025.90, 13.59, 360, 521, 683, 817, 766, 811, 937, 1056, 2974, 1169, 13313.58, 18.70, 9.41
10:12:22, 1025.80, 13.63, 327, 491, 644, 775, 820, 843, 1002, 1123, 4733, 1973, 13345.50, 18.64, 9.41
10:12:22, 1025.70, 13.65, 369, 539, 717, 840, 879, 929, 1072, 1216, 5823, 2210, 13345.50, 18.64, 9.45
10:12:23, 1025.60, 13.67, 377, 565, 742, 865, 860, 875, 1023, 1173, 4579, 1837, 13324.21, 18.68, 9.45
10:12:23, 1026.00, 13.69, 354, 520, 687, 801, 869, 904, 1046, 1202, 3820, 1594, 13345.50, 18.64, 9.48
10:12:24, 1025.60, 13.71, 353, 511, 676, 807, 806, 849, 972, 1132, 3503, 1497, 13366.83, 18.61, 9.48
10:12:24, 1025.70, 13.73, 383, 560, 741, 875, 904, 950, 1093, 1250, 4132, 1737, 13345.50, 18.64, 9.48
