Secchi Depth (cm) = 0400
Forel Ule Scale = 08
pH Colour Scale = 99
SmartSecchi S/N = A003
Latitude (degs N) = 50.21597
Longitude (degs E) = -5.02779
Date = 2023-02-03
Time (UTC), Pressure (mbar) MS5803, Temp (deg C) MS5803, 415nm, 445nm, 480nm, 515nm, 555nm, 590nm, 630nm, 680nm, Clear, NIR, Resistance 10KTHERM, Temp (deg C) 10KTHERM, Temp (deg C) TMP117
15:02:41, 1025.00, 10.43, 308, 467, 632, 804, 862, 912, 1137, 1299, 4152, 1972, 19161.92, 11.05, 10.24
15:02:41, 1025.10, 10.45, 309, 469, 634, 807, 859, 910, 1133, 1297, 4140, 1963, 19128.70, 11.08, 10.24
15:02:41, 1025.10, 10.45, 307, 466, 630, 802, 849, 902, 1120, 1284, 4023, 1900, 19161.92, 11.05, 10.24
15:02:42, 1025.00, 10.45, 310, 472, 635, 811, 872, 935, 1143, 1331, 4023, 1855, 19112.12, 11.10, 10.24
15:02:42, 1025.10, 10.46, 324, 498, 665, 848, 908, 969, 1182, 1392, 3971, 1811, 19079.02, 11.14, 10.24
15:02:43, 1024.90, 10.46, 317, 489, 652, 832, 861, 927, 1124, 1319, 3789, 1724, 19095.57, 11.12, 10.25
15:02:43, 1025.00, 10.46, 323, 489, 663, 835, 891, 937, 1165, 1336, 4236, 2019, 19145.30, 11.07, 10.25
15:02:43, 1025.10, 10.46, 311, 473, 641, 806, 842, 877, 1101, 1265, 4323, 2081, 19128.70, 11.08, 10.16
15:02:44, 1025.20, 10.46, 293, 445, 603, 760, 789, 833, 1039, 1190, 3634, 1728, 19145.30, 11.07, 10.16
15:02:44, 1024.90, 10.46, 278, 414, 562, 717, 763, 815, 1006, 1159, 3432, 1628, 19128.70, 11.08, 10.16
15:02:45, 1025.00, 10.46, 298, 450, 608, 775, 843, 895, 1113, 1272, 3902, 1838, 19128.70, 11.08, 10.09
15:02:45, 1025.00, 10.46, 306, 463, 627, 795, 849, 898, 1116, 1284, 3919, 1833, 19128.70, 11.08, 10.09
15:02:46, 1025.00, 10.46, 282, 441, 589, 749, 819, 865, 1067, 1248, 3851, 1802, 19161.92, 11.05, 10.09
15:02:46, 1025.10, 10.46, 288, 437, 588, 752, 821, 885, 1084, 1253, 3640, 1671, 19145.30, 11.07, 10.09
15:02:46, 1025.00, 10.45, 314, 469, 634, 811, 866, 928, 1142, 1310, 3958, 1842, 19128.70, 11.08, 10.09
15:02:47, 1025.00, 10.45, 334, 507, 685, 869, 892, 957, 1168, 1356, 4341, 2012, 19145.30, 11.07, 10.05
15:02:47, 1025.20, 10.45, 320, 485, 649, 840, 846, 920, 1105, 1295, 3696, 1629, 19095.57, 11.12, 10.05
15:02:48, 1025.00, 10.45, 309, 465, 624, 799, 809, 882, 1064, 1245, 3353, 1470, 19161.92, 11.05, 10.03
15:02:48, 1025.10, 10.45, 313, 477, 636, 816, 848, 923, 1108, 1307, 3809, 1664, 19145.30, 11.07, 10.03
15:02:48, 1025.10, 10.45, 192, 278, 375, 492, 401, 444, 559, 615, 1655, 716, 19112.12, 11.10, 10.03
15:02:49, 1025.00, 10.46, 194, 294, 390, 513, 516, 553, 711, 800, 3637, 1767, 19161.92, 11.05, 10.01
15:02:49, 1025.00, 10.46, 253, 373, 512, 630, 785, 864, 1048, 1246, 3770, 1671, 19112.12, 11.10, 10.01
15:02:50, 1025.00, 10.46, 252, 374, 509, 640, 686, 755, 912, 1080, 3932, 1778, 19112.12, 11.10, 9.99
15:02:50, 1025.10, 10.46, 240, 360, 487, 621, 624, 685, 834, 978, 3043, 1362, 19128.70, 11.08, 9.99
15:02:50, 1025.10, 10.46, 234, 350, 473, 604, 682, 737, 911, 1060, 3876, 1772, 19079.02, 11.14, 9.99
15:02:51, 1025.20, 10.46, 241, 364, 492, 618, 674, 729, 897, 1046, 3956, 1822, 19112.12, 11.10, 9.97
15:02:51, 1025.10, 10.46, 201, 293, 403, 494, 549, 608, 723, 873, 2778, 1238, 19128.70, 11.08, 9.97
15:02:52, 1025.10, 10.46, 178, 256, 349, 438, 425, 487, 571, 704, 2129, 978, 19128.70, 11.08, 9.96
15:02:52, 1025.10, 10.46, 232, 358, 483, 591, 827, 919, 1069, 1333, 3991, 1720, 19095.57, 11.12, 9.96
15:02:53, 1025.00, 10.46, 357, 553, 737, 912, 945, 1044, 1203, 1507, 4083, 1749, 19112.12, 11.10, 9.96
15:02:53, 1025.20, 10.46, 334, 514, 685, 842, 888, 972, 1126, 1408, 3740, 1617, 19128.70, 11.08, 9.94
15:02:53, 1025.20, 10.47, 321, 492, 660, 808, 776, 842, 981, 1209, 2814, 1202, 19095.57, 11.12, 9.94
15:02:54, 1024.90, 10.47, 268, 399, 545, 654, 690, 748, 876, 1077, 2292, 991, 19062.50, 11.16, 9.94
15:02:54, 1025.20, 10.47, 259, 382, 522, 630, 665, 726, 845, 1040, 2191, 939, 19079.02, 11.14, 9.94
15:02:55, 1025.10, 10.47, 310, 479, 644, 798, 746, 804, 1000, 1166, 4878, 2268, 19079.02, 11.14, 9.94
15:02:55, 1025.20, 10.47, 254, 365, 515, 625, 849, 939, 1087, 1314, 5257, 2490, 19128.70, 11.08, 9.95
15:02:55, 1025.10, 10.47, 265, 374, 526, 635, 555, 598, 741, 843, 4601, 2319, 19095.57, 11.12, 9.95
15:02:56, 1025.20, 10.47, 289, 414, 579, 693, 790, 865, 1006, 1220, 5338, 2548, 19112.12, 11.10, 9.95
15:02:56, 1025.30, 10.47, 243, 355, 496, 602, 647, 682, 849, 968, 4437, 2182, 19112.12, 11.10, 9.95
15:02:57, 1025.00, 10.47, 250, 369, 515, 628, 723, 782, 931, 1110, 4789, 2317, 19079.02, 11.14, 9.95
15:02:57, 1025.00, 10.47, 220, 325, 455, 557, 669, 722, 873, 1024, 4560, 2216, 19079.02, 11.14, 9.94
15:02:58, 1025.40, 10.47, 213, 312, 434, 534, 621, 669, 818, 952, 4409, 2140, 19112.12, 11.10, 9.94
15:02:58, 1024.90, 10.47, 227, 335, 461, 568, 554, 608, 739, 857, 4765, 2342, 19079.02, 11.14, 9.91
15:02:58, 1025.10, 10.47, 254, 386, 520, 655, 646, 692, 862, 992, 4830, 2402, 19079.02, 11.14, 9.91
15:02:59, 1025.00, 10.48, 212, 313, 430, 532, 528, 552, 691, 802, 3460, 1791, 19145.30, 11.07, 9.91
15:02:59, 1025.00, 10.48, 269, 389, 541, 643, 732, 787, 920, 1129, 3591, 1728, 19112.12, 11.10, 9.91
15:03:00, 1025.10, 10.48, 265, 381, 521, 638, 691, 766, 864, 1084, 2789, 1310, 19079.02, 11.14, 9.91
15:03:00, 1025.10, 10.47, 257, 366, 499, 623, 641, 720, 822, 1006, 2358, 1051, 19128.70, 11.08, 9.91
15:03:00, 1024.80, 10.48, 264, 384, 521, 657, 705, 789, 911, 1099, 2455, 1064, 19079.02, 11.14, 9.91
15:03:01, 1025.10, 10.47, 271, 396, 536, 681, 682, 758, 883, 1056, 2269, 970, 19095.57, 11.12, 9.91
15:03:01, 1025.20, 10.47, 259, 377, 511, 651, 688, 764, 890, 1065, 2296, 989, 19112.12, 11.10, 9.89
15:03:02, 1025.20, 10.48, 273, 398, 539, 684, 714, 798, 919, 1109, 2548, 1113, 19095.57, 11.12, 9.89
15:03:02, 1026.00, 10.47, 276, 399, 543, 681, 702, 780, 894, 1089, 2517, 1124, 19112.12, 11.10, 9.89
15:03:03, 1026.70, 10.46, 283, 406, 555, 688, 730, 809, 918, 1136, 2850, 1308, 19095.57, 11.12, 9.89
15:03:03, 1026.80, 10.44, 286, 412, 564, 690, 749, 822, 933, 1164, 3278, 1543, 19095.57, 11.12, 9.89
15:03:03, 1027.00, 10.44, 289, 417, 574, 693, 761, 825, 949, 1176, 3743, 1794, 19062.50, 11.16, 9.78
15:03:04, 1027.10, 10.43, 294, 431, 594, 713, 781, 835, 980, 1196, 4198, 2034, 19112.12, 11.10, 9.78
15:03:04, 1027.70, 10.42, 291, 433, 595, 717, 790, 836, 999, 1200, 4476, 2190, 19128.70, 11.08, 9.72
15:03:05, 1027.60, 10.42, 296, 446, 611, 738, 819, 860, 1044, 1237, 4812, 2382, 19079.02, 11.14, 9.72
15:03:05, 1027.50, 10.41, 287, 434, 592, 724, 821, 861, 1059, 1238, 5073, 2524, 19112.12, 11.10, 9.72
15:03:05, 1027.50, 10.41, 291, 445, 604, 745, 793, 839, 1033, 1199, 5192, 2575, 19145.30, 11.07, 9.70
15:03:06, 1027.70, 10.40, 285, 435, 589, 733, 788, 835, 1031, 1188, 5326, 2623, 19095.57, 11.12, 9.70
15:03:06, 1027.60, 10.40, 289, 439, 597, 743, 816, 871, 1069, 1232, 5604, 2715, 19062.50, 11.16, 9.69
15:03:07, 1027.50, 10.40, 290, 438, 595, 741, 762, 817, 999, 1150, 5504, 2645, 19112.12, 11.10, 9.69
15:03:07, 1027.60, 10.40, 339, 509, 694, 867, 887, 958, 1160, 1343, 6482, 2985, 19112.12, 11.10, 9.69
15:03:07, 1028.10, 10.39, 331, 493, 674, 842, 825, 893, 1082, 1240, 6327, 2923, 19095.57, 11.12, 9.68
15:03:08, 1027.70, 10.39, 312, 462, 636, 787, 807, 873, 1055, 1216, 6122, 2780, 19145.30, 11.07, 9.68
15:03:08, 1027.90, 10.39, 310, 460, 631, 787, 858, 940, 1125, 1306, 6103, 2698, 19112.12, 11.10, 9.69
15:03:09, 1028.30, 10.38, 311, 466, 635, 798, 828, 900, 1086, 1253, 6064, 2573, 19079.02, 11.14, 9.69
15:03:09, 1028.00, 10.38, 313, 468, 640, 800, 829, 903, 1084, 1253, 6110, 2625, 19128.70, 11.08, 9.69
15:03:09, 1027.80, 10.38, 319, 470, 648, 800, 854, 932, 1112, 1290, 6285, 2895, 19145.30, 11.07, 9.67
15:03:10, 1027.60, 10.37, 296, 433, 599, 738, 844, 922, 1100, 1274, 6184, 2799, 19112.12, 11.10, 9.67
15:03:10, 1027.60, 10.37, 319, 468, 644, 796, 829, 903, 1077, 1248, 6183, 2851, 19095.57, 11.12, 9.67
15:03:11, 1027.90, 10.37, 312, 456, 628, 777, 827, 903, 1075, 1247, 6143, 2817, 19095.57, 11.12, 9.67
15:03:11, 1027.50, 10.37, 296, 435, 598, 740, 816, 889, 1060, 1227, 6092, 2768, 19178.55, 11.03, 9.67
15:03:12, 1027.40, 10.37, 315, 460, 633, 783, 830, 909, 1077, 1253, 6121, 2829, 19128.70, 11.08, 9.66
15:03:12, 1027.30, 10.36, 321, 468, 642, 794, 839, 922, 1086, 1272, 6104, 2846, 19145.30, 11.07, 9.66
15:03:12, 1027.40, 10.36, 320, 466, 641, 791, 826, 907, 1068, 1254, 6029, 2830, 19128.70, 11.08, 9.67
15:03:13, 1027.40, 10.36, 320, 466, 641, 789, 830, 913, 1074, 1264, 6004, 2822, 19112.12, 11.10, 9.67
15:03:13, 1027.90, 10.36, 316, 460, 634, 779, 811, 894, 1049, 1236, 5909, 2783, 19112.12, 11.10, 9.67
15:03:14, 1028.00, 10.36, 294, 428, 589, 726, 854, 943, 1094, 1302, 6012, 2741, 19128.70, 11.08, 9.67
15:03:14, 1027.90, 10.36, 324, 471, 651, 800, 820, 902, 1057, 1245, 5930, 2744, 19178.55, 11.03, 9.67
15:03:14, 1028.10, 10.36, 293, 424, 585, 721, 755, 822, 980, 1138, 5567, 2637, 19112.12, 11.10, 9.67
15:03:15, 1028.20, 10.35, 318, 463, 641, 787, 821, 903, 1056, 1249, 5688, 2575, 19112.12, 11.10, 9.67
15:03:15, 1028.20, 10.36, 294, 427, 591, 727, 804, 882, 1043, 1222, 5760, 2646, 19128.70, 11.08, 9.67
15:03:16, 1028.20, 10.36, 305, 442, 613, 750, 777, 854, 1006, 1180, 5627, 2631, 19128.70, 11.08, 9.67
15:03:16, 1028.20, 10.35, 311, 452, 627, 769, 827, 915, 1065, 1263, 5792, 2633, 19178.55, 11.03, 9.67
15:03:17, 1028.50, 10.36, 300, 435, 602, 738, 765, 833, 993, 1157, 5554, 2513, 19128.70, 11.08, 9.68
15:03:17, 1028.30, 10.35, 310, 450, 624, 763, 791, 873, 1021, 1206, 5628, 2579, 19128.70, 11.08, 9.68
15:03:17, 1028.30, 10.35, 277, 403, 564, 690, 811, 893, 1047, 1237, 5673, 2508, 19128.70, 11.08, 9.68
15:03:18, 1028.50, 10.35, 302, 436, 606, 741, 776, 855, 1005, 1180, 5584, 2605, 19145.30, 11.07, 9.68
15:03:18, 1028.60, 10.35, 304, 441, 614, 750, 770, 842, 996, 1168, 5478, 2394, 19095.57, 11.12, 9.68
15:03:19, 1028.60, 10.35, 292, 424, 590, 724, 809, 893, 1042, 1235, 5629, 2453, 19095.57, 11.12, 9.67
15:03:19, 1028.40, 10.35, 303, 439, 607, 744, 757, 828, 980, 1147, 5465, 2441, 19145.30, 11.07, 9.67
15:03:19, 1028.50, 10.35, 298, 434, 601, 738, 779, 858, 1006, 1186, 5548, 2444, 19145.30, 11.07, 9.68
15:03:20, 1028.40, 10.35, 309, 450, 623, 763, 805, 888, 1040, 1228, 5685, 2541, 19161.92, 11.05, 9.68
15:03:20, 1028.50, 10.35, 297, 430, 596, 732, 784, 864, 1015, 1194, 5618, 2543, 19161.92, 11.05, 9.68
15:03:21, 1028.40, 10.35, 297, 433, 600, 738, 781, 858, 1012, 1188, 5624, 2546, 19145.30, 11.07, 9.68
15:03:21, 1028.20, 10.35, 311, 450, 623, 763, 784, 865, 1014, 1193, 5663, 2617, 19145.30, 11.07, 9.68
15:03:21, 1028.20, 10.36, 299, 436, 603, 742, 808, 892, 1041, 1231, 5724, 2567, 19128.70, 11.08, 9.69
15:03:22, 1027.90, 10.35, 294, 427, 591, 728, 819, 906, 1053, 1247, 5815, 2663, 19178.55, 11.03, 9.69
15:03:22, 1028.30, 10.35, 302, 437, 604, 743, 765, 842, 992, 1162, 5631, 2634, 19145.30, 11.07, 9.69
15:03:23, 1028.20, 10.35, 293, 428, 593, 732, 818, 901, 1056, 1244, 5798, 2616, 19128.70, 11.08, 9.69
15:03:23, 1028.00, 10.35, 298, 432, 597, 735, 776, 852, 1004, 1177, 5590, 2625, 19145.30, 11.07, 9.69
15:03:24, 1027.80, 10.35, 324, 471, 652, 799, 825, 912, 1064, 1257, 5840, 2699, 19128.70, 11.08, 9.68
15:03:24, 1027.80, 10.35, 306, 443, 611, 751, 794, 880, 1026, 1212, 5721, 2698, 19161.92, 11.05, 9.68
15:03:24, 1027.30, 10.35, 313, 454, 626, 769, 803, 890, 1037, 1225, 5752, 2702, 19178.55, 11.03, 9.68
15:03:25, 1027.80, 10.35, 307, 444, 612, 753, 756, 838, 979, 1154, 5580, 2644, 19112.12, 11.10, 9.68
15:03:25, 1027.60, 10.35, 285, 413, 567, 701, 754, 836, 974, 1150, 5578, 2639, 19145.30, 11.07, 9.68
15:03:26, 1027.90, 10.35, 284, 411, 564, 698, 726, 808, 942, 1107, 5503, 2607, 19178.55, 11.03, 9.69
15:03:26, 1027.40, 10.35, 289, 419, 576, 713, 769, 850, 996, 1171, 5689, 2675, 19161.92, 11.05, 9.69
15:03:26, 1027.40, 10.35, 298, 431, 593, 733, 761, 843, 983, 1162, 5622, 2661, 19178.55, 11.03, 9.69
15:03:27, 1026.90, 10.35, 294, 422, 583, 717, 769, 854, 993, 1178, 5588, 2652, 19145.30, 11.07, 9.69
15:03:27, 1027.10, 10.35, 300, 424, 589, 718, 775, 863, 997, 1186, 5547, 2632, 19128.70, 11.08, 9.69
15:03:28, 1027.10, 10.35, 298, 419, 586, 712, 760, 841, 979, 1158, 5368, 2559, 19195.21, 11.01, 9.69
15:03:28, 1027.20, 10.35, 299, 419, 590, 712, 752, 825, 972, 1141, 5214, 2496, 19112.12, 11.10, 9.69
15:03:29, 1027.40, 10.34, 296, 416, 587, 707, 755, 824, 979, 1140, 5104, 2456, 19161.92, 11.05, 9.69
15:03:29, 1027.20, 10.34, 291, 408, 579, 699, 751, 813, 975, 1129, 4942, 2389, 19112.12, 11.10, 9.69
15:03:29, 1027.40, 10.34, 289, 404, 575, 694, 739, 793, 959, 1100, 4725, 2295, 19095.57, 11.12, 9.69
15:03:30, 1027.00, 10.34, 282, 395, 563, 680, 722, 772, 936, 1068, 4549, 2218, 19128.70, 11.08, 9.69
15:03:30, 1027.20, 10.34, 277, 387, 552, 667, 711, 759, 919, 1049, 4442, 2168, 19178.55, 11.03, 9.69
15:03:31, 1027.40, 10.33, 275, 385, 548, 663, 713, 760, 922, 1051, 4398, 2145, 19161.92, 11.05, 9.69
15:03:31, 1027.60, 10.33, 276, 387, 550, 666, 715, 760, 923, 1052, 4329, 2109, 19195.21, 11.01, 9.69
15:03:31, 1027.50, 10.33, 272, 382, 542, 659, 719, 761, 926, 1053, 4262, 2076, 19128.70, 11.08, 9.69
15:03:32, 1027.70, 10.33, 270, 381, 540, 657, 703, 745, 906, 1029, 4140, 2024, 19145.30, 11.07, 9.69
15:03:32, 1027.40, 10.33, 269, 377, 536, 650, 703, 744, 904, 1028, 4164, 2037, 19128.70, 11.08, 9.69
15:03:33, 1026.90, 10.33, 267, 375, 532, 644, 702, 740, 902, 1028, 4201, 2057, 19161.92, 11.05, 9.69
15:03:33, 1027.00, 10.33, 267, 373, 531, 643, 690, 729, 890, 1011, 4172, 2042, 19195.21, 11.01, 9.68
15:03:33, 1027.20, 10.33, 264, 369, 524, 636, 702, 744, 906, 1030, 4228, 2060, 19112.12, 11.10, 9.68
15:03:34, 1027.70, 10.33, 274, 384, 545, 659, 700, 741, 901, 1025, 4192, 2057, 19161.92, 11.05, 9.69
15:03:34, 1027.60, 10.32, 270, 380, 542, 654, 724, 764, 929, 1057, 4276, 2096, 19095.57, 11.12, 9.69
15:03:35, 1027.80, 10.32, 273, 385, 550, 663, 719, 758, 924, 1050, 4201, 2058, 19161.92, 11.05, 9.69
15:03:35, 1028.10, 10.32, 270, 384, 548, 661, 725, 761, 934, 1056, 4059, 1988, 19145.30, 11.07, 9.68
15:03:36, 1028.60, 10.32, 267, 383, 543, 660, 725, 758, 938, 1060, 3847, 1878, 19161.92, 11.05, 9.68
15:03:36, 1028.80, 10.32, 264, 382, 538, 660, 708, 751, 928, 1048, 3447, 1544, 19178.55, 11.03, 9.68
15:03:36, 1029.10, 10.32, 268, 394, 555, 681, 713, 743, 926, 1047, 3510, 1523, 19161.92, 11.05, 9.68
15:03:37, 1029.00, 10.32, 260, 381, 539, 657, 740, 767, 956, 1082, 3589, 1500, 19195.21, 11.01, 9.68
15:03:37, 1029.30, 10.32, 263, 388, 546, 669, 725, 751, 937, 1061, 3503, 1472, 19145.30, 11.07, 9.68
15:03:38, 1029.50, 10.32, 261, 387, 544, 666, 720, 745, 930, 1057, 3435, 1406, 19161.92, 11.05, 9.68
15:03:38, 1029.60, 10.32, 263, 388, 548, 667, 715, 744, 928, 1054, 3381, 1387, 19195.21, 11.01, 9.68
15:03:38, 1029.70, 10.32, 261, 384, 543, 661, 710, 737, 922, 1044, 3295, 1311, 19178.55, 11.03, 9.68
15:03:39, 1030.00, 10.32, 258, 379, 535, 655, 705, 730, 917, 1035, 3207, 1286, 19178.55, 11.03, 9.68
15:03:39, 1029.40, 10.32, 245, 361, 511, 628, 660, 684, 865, 966, 3089, 1239, 19211.88, 11.00, 9.67
15:03:40, 1029.80, 10.32, 234, 345, 481, 601, 633, 658, 829, 928, 2911, 1136, 19145.30, 11.07, 9.67
15:03:40, 1029.80, 10.32, 224, 331, 462, 576, 636, 661, 827, 937, 2964, 1169, 19145.30, 11.07, 9.67
15:03:40, 1030.60, 10.32, 223, 329, 463, 569, 645, 665, 833, 948, 3085, 1195, 19178.55, 11.03, 9.67
15:03:41, 1030.50, 10.32, 231, 341, 486, 587, 650, 673, 838, 956, 3203, 1227, 19161.92, 11.05, 9.67
15:03:41, 1030.90, 10.32, 232, 340, 486, 585, 620, 649, 804, 913, 3187, 1213, 19178.55, 11.03, 9.67
15:03:42, 1030.60, 10.32, 230, 335, 479, 581, 618, 651, 795, 900, 3545, 1383, 19178.55, 11.03, 9.67
15:03:42, 1030.50, 10.32, 233, 332, 478, 578, 638, 678, 820, 937, 4120, 1600, 19161.92, 11.05, 9.67
15:03:43, 1030.50, 10.32, 244, 344, 494, 600, 663, 720, 850, 994, 4612, 1714, 19195.21, 11.01, 9.67
15:03:43, 1030.50, 10.31, 258, 372, 518, 642, 654, 717, 845, 987, 4877, 1791, 19211.88, 11.00, 9.67
15:03:43, 1031.50, 10.31, 247, 362, 502, 628, 677, 738, 881, 1017, 5107, 1756, 19178.55, 11.03, 9.66
15:03:44, 1030.30, 10.31, 288, 425, 594, 743, 826, 902, 1076, 1242, 5612, 2068, 19195.21, 11.01, 9.66
15:03:44, 1029.90, 10.31, 277, 410, 569, 714, 904, 994, 1171, 1370, 5799, 2038, 19211.88, 11.00, 9.66
15:03:45, 1030.30, 10.31, 306, 448, 622, 773, 739, 800, 965, 1100, 5411, 2110, 19161.92, 11.05, 9.66
15:03:45, 1030.10, 10.31, 308, 450, 626, 775, 794, 871, 1033, 1199, 5539, 2205, 19178.55, 11.03, 9.66
15:03:45, 1030.20, 10.31, 305, 445, 616, 764, 833, 916, 1072, 1266, 5536, 2114, 19195.21, 11.01, 9.66
15:03:46, 1030.50, 10.30, 287, 421, 586, 728, 792, 870, 1023, 1200, 5339, 2023, 19178.55, 11.03, 9.66
15:03:46, 1030.10, 10.30, 312, 455, 634, 782, 789, 868, 1023, 1195, 5368, 1992, 19195.21, 11.01, 9.66
15:03:47, 1030.50, 10.30, 319, 465, 648, 800, 824, 910, 1065, 1253, 5443, 1953, 19145.30, 11.07, 9.66
15:03:47, 1030.20, 10.30, 310, 453, 629, 780, 824, 910, 1066, 1254, 5493, 2063, 19161.92, 11.05, 9.66
15:03:48, 1029.70, 10.30, 291, 427, 592, 739, 796, 876, 1030, 1205, 5415, 2033, 19178.55, 11.03, 9.65
15:03:48, 1029.20, 10.30, 316, 458, 635, 783, 785, 865, 1018, 1188, 5418, 2355, 19195.21, 11.01, 9.65
15:03:48, 1029.10, 10.30, 333, 481, 668, 816, 820, 903, 1052, 1248, 5391, 2286, 19195.21, 11.01, 9.66
15:03:49, 1029.00, 10.30, 321, 464, 647, 789, 832, 921, 1060, 1275, 5333, 2340, 19161.92, 11.05, 9.66
15:03:49, 1029.00, 10.30, 324, 469, 653, 793, 853, 938, 1080, 1302, 5318, 2198, 19178.55, 11.03, 9.66
15:03:50, 1029.00, 10.30, 311, 447, 627, 760, 840, 917, 1064, 1273, 5198, 2228, 19161.92, 11.05, 9.66
15:03:50, 1029.50, 10.30, 300, 434, 612, 742, 788, 840, 1012, 1170, 4888, 2003, 19211.88, 11.00, 9.66
15:03:50, 1029.70, 10.30, 308, 446, 630, 760, 800, 851, 1023, 1188, 4813, 2059, 19178.55, 11.03, 9.66
15:03:51, 1029.70, 10.30, 307, 445, 630, 756, 811, 859, 1035, 1206, 4694, 1887, 19195.21, 11.01, 9.66
15:03:51, 1029.60, 10.30, 297, 433, 615, 741, 808, 853, 1031, 1195, 4582, 1843, 19211.88, 11.00, 9.66
15:03:52, 1029.60, 10.29, 297, 434, 617, 742, 806, 847, 1024, 1189, 4452, 1841, 19195.21, 11.01, 9.65
15:03:52, 1030.00, 10.30, 292, 429, 610, 734, 784, 822, 999, 1151, 4216, 1644, 19228.57, 10.98, 9.65
15:03:52, 1030.30, 10.30, 296, 436, 616, 743, 790, 826, 1006, 1158, 4124, 1607, 19195.21, 11.01, 9.66
15:03:53, 1030.50, 10.30, 289, 428, 605, 733, 790, 824, 1004, 1158, 4013, 1564, 19228.57, 10.98, 9.66
15:03:53, 1030.40, 10.30, 286, 427, 603, 731, 815, 845, 1029, 1192, 4009, 1514, 19228.57, 10.98, 9.66
15:03:54, 1030.20, 10.30, 289, 433, 610, 739, 828, 858, 1048, 1212, 3980, 1536, 19228.57, 10.98, 9.66
15:03:54, 1030.30, 10.30, 289, 435, 612, 743, 818, 850, 1038, 1198, 3832, 1464, 19195.21, 11.01, 9.66
15:03:55, 1030.30, 10.30, 283, 423, 598, 729, 818, 847, 1040, 1197, 3726, 1386, 19195.21, 11.01, 9.66
15:03:55, 1030.80, 10.30, 281, 419, 590, 722, 793, 825, 1017, 1170, 3508, 1273, 19195.21, 11.01, 9.66
15:03:55, 1030.50, 10.30, 282, 422, 594, 727, 809, 841, 1038, 1198, 3532, 1335, 19228.57, 10.98, 9.66
15:03:56, 1030.50, 10.30, 284, 426, 599, 732, 805, 833, 1031, 1186, 3491, 1269, 19228.57, 10.98, 9.65
15:03:56, 1030.10, 10.30, 287, 432, 605, 739, 802, 830, 1029, 1183, 3489, 1331, 19195.21, 11.01, 9.65
15:03:57, 1030.40, 10.30, 283, 426, 597, 730, 786, 814, 1009, 1158, 3386, 1248, 19245.29, 10.96, 9.65
15:03:57, 1029.90, 10.30, 280, 419, 588, 720, 782, 814, 1005, 1157, 3331, 1267, 19211.88, 11.00, 9.65
15:03:57, 1029.30, 10.30, 280, 417, 585, 717, 771, 807, 993, 1142, 3242, 1300, 19228.57, 10.98, 9.65
15:03:58, 1029.40, 10.30, 274, 402, 564, 690, 759, 796, 980, 1125, 3163, 1298, 19228.57, 10.98, 9.66
15:03:58, 1028.60, 10.30, 276, 408, 572, 699, 778, 814, 1001, 1151, 3268, 1353, 19195.21, 11.01, 9.66
15:03:59, 1028.10, 10.30, 287, 423, 593, 721, 801, 835, 1032, 1185, 3448, 1534, 19195.21, 11.01, 9.66
15:03:59, 1028.00, 10.30, 292, 434, 605, 738, 801, 838, 1032, 1185, 3473, 1578, 19228.57, 10.98, 9.66
15:03:00, 1028.10, 10.30, 291, 427, 597, 727, 782, 819, 1011, 1158, 3389, 1570, 19211.88, 11.00, 9.66
15:04:00, 1028.10, 10.30, 291, 430, 598, 732, 786, 822, 1016, 1162, 3373, 1521, 19228.57, 10.98, 9.66
15:04:00, 1028.20, 10.30, 291, 429, 598, 730, 780, 820, 1007, 1155, 3306, 1516, 19228.57, 10.98, 9.66
15:04:01, 1028.20, 10.30, 291, 428, 596, 729, 795, 833, 1026, 1178, 3366, 1529, 19245.29, 10.96, 9.66
15:04:01, 1028.30, 10.30, 290, 429, 598, 730, 794, 831, 1026, 1175, 3362, 1516, 19195.21, 11.01, 9.66
15:04:02, 1028.20, 10.30, 292, 432, 601, 733, 777, 813, 1005, 1149, 3283, 1504, 19228.57, 10.98, 9.66
15:04:02, 1028.30, 10.30, 295, 444, 613, 754, 784, 819, 1012, 1158, 3270, 1445, 19178.55, 11.03, 9.66
15:04:02, 1028.20, 10.30, 290, 429, 597, 730, 777, 812, 1004, 1148, 3224, 1472, 19228.57, 10.98, 9.66
15:04:03, 1028.60, 10.31, 268, 405, 560, 690, 769, 807, 990, 1141, 3072, 1286, 19228.57, 10.98, 9.66
15:04:03, 1028.30, 10.30, 266, 395, 549, 677, 694, 711, 907, 1006, 3031, 1352, 19211.88, 11.00, 9.66
15:04:04, 1028.10, 10.31, 247, 367, 506, 630, 659, 679, 858, 955, 2808, 1251, 19245.29, 10.96, 9.66
15:04:04, 1028.30, 10.30, 231, 335, 466, 578, 629, 646, 815, 906, 2625, 1175, 19211.88, 11.00, 9.66
15:04:04, 1028.40, 10.31, 230, 350, 478, 599, 638, 653, 835, 925, 2618, 1128, 19195.21, 11.01, 9.66
15:04:05, 1028.70, 10.31, 239, 361, 491, 619, 672, 691, 869, 978, 2723, 1172, 19211.88, 11.00, 9.66
15:04:05, 1028.90, 10.31, 232, 350, 486, 600, 667, 685, 868, 975, 2714, 1166, 19228.57, 10.98, 9.66
15:04:06, 1029.50, 10.30, 229, 340, 474, 587, 644, 660, 837, 941, 2715, 1104, 19228.57, 10.98, 9.66
15:04:06, 1029.30, 10.30, 222, 324, 455, 559, 629, 649, 815, 919, 2923, 1195, 19228.57, 10.98, 9.66
15:04:07, 1029.30, 10.31, 223, 322, 456, 559, 612, 638, 789, 892, 3251, 1411, 19228.57, 10.98, 9.66
15:04:07, 1029.40, 10.30, 240, 343, 492, 588, 636, 676, 814, 929, 3910, 1646, 19245.29, 10.96, 9.66
15:04:07, 1029.40, 10.30, 255, 357, 513, 613, 676, 732, 865, 1009, 4564, 1891, 19211.88, 11.00, 9.66
15:04:08, 1029.70, 10.30, 265, 375, 530, 643, 686, 756, 879, 1039, 4885, 1940, 19245.29, 10.96, 9.66
15:04:08, 1029.90, 10.30, 251, 361, 507, 626, 673, 739, 871, 1014, 5034, 1991, 19245.29, 10.96, 9.66
15:04:09, 1030.40, 10.30, 244, 351, 491, 611, 643, 706, 840, 968, 5026, 1970, 19262.02, 10.94, 9.66
15:04:09, 1030.70, 10.30, 251, 365, 506, 635, 663, 728, 870, 1001, 5113, 1842, 19195.21, 11.01, 9.65
15:04:09, 1030.70, 10.30, 256, 375, 519, 651, 714, 781, 939, 1075, 5334, 1924, 19211.88, 11.00, 9.65
15:04:10, 1030.80, 10.30, 271, 405, 556, 699, 753, 819, 987, 1128, 5426, 1881, 19262.02, 10.94, 9.65
15:04:10, 1031.30, 10.29, 281, 421, 579, 730, 775, 843, 1017, 1159, 5517, 1909, 19211.88, 11.00, 9.65
15:04:11, 1031.70, 10.29, 282, 420, 583, 731, 774, 839, 1015, 1152, 5543, 1879, 19245.29, 10.96, 9.65
15:04:11, 1031.10, 10.29, 270, 397, 553, 690, 701, 756, 918, 1047, 5406, 1961, 19228.57, 10.98, 9.64
15:04:12, 1031.60, 10.29, 249, 365, 509, 635, 699, 757, 914, 1046, 5310, 1849, 19228.57, 10.98, 9.64
15:04:12, 1031.40, 10.28, 246, 361, 501, 629, 683, 745, 896, 1027, 5172, 1774, 19262.02, 10.94, 9.66
15:04:12, 1031.60, 10.28, 261, 386, 533, 674, 728, 800, 954, 1101, 5111, 1647, 19211.88, 11.00, 9.66
15:04:13, 1032.00, 10.28, 256, 382, 527, 669, 710, 772, 930, 1064, 5133, 1664, 19262.02, 10.94, 9.66
15:04:13, 1031.90, 10.28, 249, 369, 512, 644, 694, 752, 909, 1038, 5218, 1736, 19245.29, 10.96, 9.65
15:04:14, 1032.00, 10.28, 245, 361, 504, 630, 679, 731, 890, 1013, 5233, 1781, 19245.29, 10.96, 9.65
15:04:14, 1032.00, 10.28, 249, 367, 512, 641, 680, 734, 892, 1016, 5216, 1760, 19262.02, 10.94, 9.66
15:04:14, 1032.10, 10.28, 257, 381, 530, 665, 699, 757, 915, 1044, 5193, 1702, 19211.88, 11.00, 9.66
15:04:15, 1032.20, 10.24, 260, 391, 539, 683, 712, 770, 932, 1063, 5173, 1656, 19245.29, 10.96, 9.66
15:04:15, 1032.40, 10.24, 251, 376, 521, 654, 743, 796, 971, 1100, 5307, 1678, 19228.57, 10.98, 9.65
15:04:16, 1027.70, 10.24, 276, 418, 575, 722, 811, 872, 1065, 1214, 5877, 2275, 19295.53, 10.91, 9.65
15:04:16, 1027.00, 10.24, 333, 509, 677, 869, 929, 1007, 1223, 1403, 6278, 2784, 19211.88, 11.00, 9.65
15:04:16, 1026.30, 10.25, 338, 512, 685, 871, 892, 969, 1174, 1346, 6270, 2852, 19228.57, 10.98, 9.65
15:04:17, 1026.60, 10.24, 324, 488, 655, 832, 872, 947, 1146, 1323, 6145, 2816, 19228.57, 10.98, 9.65
15:04:17, 1026.10, 10.24, 322, 486, 650, 831, 864, 947, 1136, 1317, 6055, 2759, 19312.32, 10.89, 9.65
15:04:18, 1026.70, 10.24, 326, 488, 656, 831, 871, 953, 1138, 1318, 6163, 2807, 19211.88, 11.00, 9.65
15:04:18, 1026.80, 10.24, 331, 490, 664, 832, 891, 978, 1149, 1350, 6208, 2834, 19211.88, 11.00, 9.66
15:04:19, 1026.50, 10.24, 335, 490, 669, 827, 844, 926, 1088, 1286, 5997, 2796, 19262.02, 10.94, 9.66
15:04:19, 1026.00, 10.24, 332, 480, 661, 805, 850, 934, 1084, 1297, 5765, 2713, 19211.88, 11.00, 9.66
15:04:19, 1026.60, 10.24, 316, 456, 631, 764, 799, 867, 1020, 1207, 5404, 2577, 19245.29, 10.96, 9.65
15:04:20, 1026.50, 10.24, 297, 430, 595, 725, 782, 842, 1003, 1176, 4974, 2380, 19245.29, 10.96, 9.65
15:04:20, 1026.30, 10.24, 288, 418, 580, 704, 768, 803, 983, 1138, 4397, 2104, 19245.29, 10.96, 9.66
15:04:21, 1026.10, 10.24, 285, 420, 580, 705, 776, 798, 992, 1131, 3940, 1863, 19211.88, 11.00, 9.66
15:04:21, 1025.60, 10.24, 284, 424, 579, 720, 776, 800, 1005, 1130, 3543, 1639, 19245.29, 10.96, 9.66
15:04:21, 1025.60, 10.24, 280, 419, 569, 717, 766, 797, 1002, 1124, 3136, 1430, 19228.57, 10.98, 9.65
15:04:22, 1025.50, 10.24, 278, 417, 566, 720, 766, 800, 1010, 1128, 2833, 1267, 19262.02, 10.94, 9.65
15:04:22, 1025.40, 10.23, 279, 423, 571, 734, 775, 817, 1025, 1152, 2700, 1179, 19228.57, 10.98, 9.66
15:04:23, 1025.40, 10.24, 281, 426, 570, 739, 772, 823, 1021, 1155, 2581, 1114, 19278.76, 10.92, 9.66
15:04:23, 1025.40, 10.24, 283, 426, 568, 738, 775, 831, 1020, 1161, 2498, 1073, 19245.29, 10.96, 9.66
15:04:23, 1025.40, 10.24, 286, 429, 571, 743, 778, 840, 1026, 1171, 2500, 1063, 19245.29, 10.96, 9.66
15:04:24, 1025.30, 10.24, 289, 434, 576, 752, 783, 847, 1033, 1181, 2526, 1068, 19211.88, 11.00, 9.66
15:04:24, 1025.40, 10.24, 290, 434, 577, 752, 781, 846, 1031, 1179, 2505, 1061, 19245.29, 10.96, 9.66
15:04:25, 1025.60, 10.24, 289, 433, 576, 750, 781, 843, 1029, 1175, 2497, 1061, 19312.32, 10.89, 9.66
15:04:25, 1025.20, 10.24, 287, 430, 572, 746, 778, 840, 1027, 1171, 2515, 1071, 19228.57, 10.98, 9.66
15:04:26, 1025.20, 10.24, 284, 429, 570, 743, 776, 831, 1023, 1162, 2540, 1090, 19228.57, 10.98, 9.66
15:04:26, 1025.40, 10.24, 282, 427, 571, 740, 771, 819, 1017, 1149, 2586, 1119, 19245.29, 10.96, 9.66
15:04:26, 1025.40, 10.24, 281, 425, 572, 737, 772, 814, 1020, 1147, 2697, 1182, 19245.29, 10.96, 9.66
15:04:27, 1025.40, 10.24, 278, 421, 570, 729, 771, 806, 1018, 1137, 2821, 1258, 19262.02, 10.94, 9.66
15:04:27, 1025.40, 10.24, 274, 412, 561, 712, 760, 791, 1002, 1118, 2937, 1330, 19211.88, 11.00, 9.66
15:04:28, 1025.50, 10.24, 274, 411, 560, 706, 761, 789, 996, 1115, 3127, 1438, 19278.76, 10.92, 9.66
15:04:28, 1025.50, 10.24, 275, 413, 563, 705, 764, 791, 994, 1116, 3349, 1549, 19228.57, 10.98, 9.66
15:04:28, 1025.50, 10.24, 278, 414, 566, 705, 768, 792, 994, 1118, 3560, 1664, 19262.02, 10.94, 9.66
15:04:29, 1025.50, 10.24, 280, 417, 571, 707, 772, 794, 994, 1124, 3759, 1769, 19312.32, 10.89, 9.66
15:04:29, 1025.70, 10.24, 282, 418, 575, 706, 776, 797, 994, 1129, 3897, 1851, 19295.53, 10.91, 9.66
15:04:30, 1025.50, 10.25, 284, 420, 579, 707, 778, 798, 994, 1133, 3996, 1906, 19245.29, 10.96, 9.66
15:04:30, 1025.60, 10.28, 285, 421, 581, 708, 780, 801, 997, 1136, 4055, 1935, 19245.29, 10.96, 9.66
15:04:31, 1026.00, 10.25, 287, 424, 585, 713, 784, 804, 1002, 1142, 4071, 1940, 19195.21, 11.01, 9.67
15:04:31, 1026.70, 10.28, 288, 427, 588, 717, 787, 807, 1007, 1147, 4048, 1926, 19262.02, 10.94, 9.67
15:04:31, 1026.80, 10.28, 281, 415, 571, 701, 766, 788, 982, 1117, 3885, 1845, 19245.29, 10.96, 9.67
15:04:32, 1025.70, 10.28, 282, 419, 577, 707, 784, 802, 1005, 1141, 3948, 1878, 19278.76, 10.92, 9.66
15:04:32, 1025.60, 10.28, 281, 418, 576, 706, 771, 788, 989, 1119, 3848, 1828, 19278.76, 10.92, 9.66
15:04:33, 1025.90, 10.28, 281, 418, 574, 706, 768, 788, 987, 1117, 3827, 1814, 19312.32, 10.89, 9.66
15:04:33, 1026.10, 10.28, 283, 420, 578, 709, 758, 777, 974, 1100, 3855, 1823, 19278.76, 10.92, 9.66
15:04:33, 1026.60, 10.28, 276, 409, 564, 691, 778, 798, 1003, 1131, 3961, 1874, 19195.21, 11.01, 9.66
15:04:34, 1026.90, 10.28, 280, 415, 572, 699, 772, 792, 991, 1125, 3951, 1883, 19262.02, 10.94, 9.66
15:04:34, 1026.70, 10.28, 285, 421, 584, 708, 778, 798, 992, 1133, 4135, 1986, 19295.53, 10.91, 9.66
15:04:35, 1026.30, 10.28, 291, 426, 593, 713, 787, 810, 998, 1149, 4376, 2120, 19262.02, 10.94, 9.66
15:04:35, 1026.00, 10.28, 296, 428, 598, 715, 790, 825, 1002, 1171, 4663, 2260, 19245.29, 10.96, 9.66
15:04:35, 1026.10, 10.28, 305, 435, 610, 725, 786, 850, 994, 1193, 5076, 2458, 19295.53, 10.91, 9.66
15:04:36, 1026.50, 10.28, 320, 453, 629, 756, 817, 908, 1038, 1252, 5662, 2688, 19228.57, 10.98, 9.66
15:04:36, 1027.00, 10.28, 335, 479, 657, 809, 849, 945, 1094, 1299, 6005, 2775, 19245.29, 10.96, 9.66
15:04:37, 1027.00, 10.28, 336, 493, 665, 837, 887, 980, 1160, 1353, 6209, 2830, 19245.29, 10.96, 9.67
15:04:37, 1027.00, 10.28, 343, 511, 685, 871, 903, 998, 1193, 1377, 6270, 2852, 19211.88, 11.00, 9.67
15:04:38, 1027.00, 10.28, 345, 517, 692, 885, 933, 1025, 1239, 1418, 6321, 2872, 19245.29, 10.96, 9.67
15:04:38, 1026.70, 10.28, 351, 532, 709, 908, 944, 1028, 1253, 1427, 6338, 2886, 19262.02, 10.94, 9.66
15:04:38, 1026.70, 10.28, 351, 534, 711, 911, 952, 1032, 1265, 1437, 6347, 2895, 19228.57, 10.98, 9.66
15:04:39, 1027.60, 10.28, 350, 535, 710, 910, 953, 1028, 1265, 1434, 6334, 2896, 19295.53, 10.91, 9.67
15:04:39, 1027.60, 10.28, 349, 536, 712, 910, 965, 1034, 1279, 1448, 6317, 2899, 19312.32, 10.89, 9.67
15:04:40, 1028.60, 10.28, 346, 534, 711, 903, 950, 1010, 1258, 1421, 6246, 2893, 19278.76, 10.92, 9.67
15:04:40, 1029.50, 10.28, 275, 423, 570, 714, 882, 938, 1142, 1330, 5597, 2231, 19278.76, 10.92, 9.67
15:04:40, 1030.60, 10.28, 311, 483, 654, 821, 862, 913, 1124, 1284, 5755, 2089, 19245.29, 10.96, 9.67
15:04:41, 1031.30, 10.28, 310, 480, 648, 821, 848, 905, 1108, 1263, 5720, 1983, 19278.76, 10.92, 9.67
15:04:41, 1031.70, 10.28, 320, 493, 667, 849, 869, 939, 1134, 1306, 5740, 1916, 19312.32, 10.89, 9.67
15:04:42, 1032.70, 10.28, 314, 481, 654, 832, 879, 952, 1144, 1319, 5605, 1705, 19228.57, 10.98, 9.67
15:04:42, 1033.60, 10.28, 293, 450, 614, 780, 857, 926, 1112, 1284, 5497, 1603, 19312.32, 10.89, 9.67
15:04:43, 1035.00, 10.28, 282, 435, 596, 757, 817, 877, 1056, 1217, 5355, 1458, 19228.57, 10.98, 9.67
15:04:43, 1035.70, 10.28, 284, 439, 603, 766, 790, 846, 1019, 1174, 5284, 1424, 19228.57, 10.98, 9.66
15:04:43, 1036.90, 10.28, 287, 443, 612, 776, 805, 863, 1034, 1193, 5183, 1292, 19245.29, 10.96, 9.66
15:04:44, 1038.90, 10.28, 276, 427, 594, 751, 813, 874, 1036, 1200, 5042, 1156, 19278.76, 10.92, 9.66
15:04:44, 1040.00, 10.28, 264, 409, 572, 722, 790, 845, 1001, 1159, 4918, 1072, 19312.32, 10.89, 9.66
15:04:45, 1041.40, 10.28, 260, 403, 568, 716, 767, 818, 968, 1119, 4803, 1000, 19278.76, 10.92, 9.66
15:04:45, 1043.10, 10.28, 261, 405, 572, 720, 760, 810, 956, 1106, 4703, 927, 19295.53, 10.91, 9.65
15:04:45, 1044.20, 10.28, 261, 406, 575, 725, 768, 821, 964, 1117, 4631, 865, 19262.02, 10.94, 9.65
15:04:46, 1045.20, 10.28, 256, 399, 568, 715, 780, 837, 976, 1135, 4556, 806, 19312.32, 10.89, 9.65
15:04:46, 1046.10, 10.28, 248, 386, 553, 694, 775, 832, 968, 1126, 4494, 773, 19278.76, 10.92, 9.65
15:04:47, 1047.40, 10.28, 245, 382, 549, 689, 759, 811, 945, 1096, 4402, 738, 19278.76, 10.92, 9.65
15:04:47, 1048.20, 10.28, 246, 383, 553, 693, 748, 798, 930, 1075, 4316, 706, 19312.32, 10.89, 9.63
15:04:47, 1049.00, 10.28, 248, 385, 559, 699, 747, 795, 926, 1071, 4253, 681, 19211.88, 11.00, 9.63
15:04:48, 1049.40, 10.28, 246, 383, 557, 694, 750, 797, 928, 1074, 4215, 665, 19278.76, 10.92, 9.64
15:04:48, 1050.10, 10.28, 241, 375, 548, 683, 746, 792, 920, 1066, 4154, 641, 19278.76, 10.92, 9.64
15:04:49, 1051.60, 10.28, 236, 368, 539, 671, 732, 776, 903, 1044, 4061, 609, 19295.53, 10.91, 9.64
15:04:49, 1052.80, 10.28, 232, 363, 533, 664, 724, 767, 890, 1029, 3959, 562, 19295.53, 10.91, 9.63
15:04:50, 1054.20, 10.28, 226, 355, 522, 652, 712, 753, 874, 1007, 3872, 527, 19295.53, 10.91, 9.63
15:04:50, 1055.50, 10.28, 222, 349, 516, 645, 699, 738, 857, 985, 3793, 501, 19278.76, 10.92, 9.63
15:04:50, 1057.00, 10.28, 219, 346, 513, 642, 691, 730, 847, 971, 3728, 477, 19295.53, 10.91, 9.63
15:04:51, 1058.40, 10.28, 215, 340, 506, 633, 692, 729, 845, 968, 3662, 448, 19262.02, 10.94, 9.63
15:04:51, 1060.40, 10.29, 208, 331, 494, 620, 684, 720, 833, 951, 3574, 417, 19295.53, 10.91, 9.63
15:04:52, 1062.10, 10.28, 204, 325, 487, 612, 672, 706, 817, 930, 3497, 396, 19295.53, 10.91, 9.63
15:04:52, 1063.90, 10.28, 201, 322, 485, 610, 673, 706, 815, 925, 3419, 365, 19278.76, 10.92, 9.62
15:04:52, 1064.90, 10.28, 197, 317, 478, 602, 673, 705, 813, 921, 3394, 354, 19295.53, 10.91, 9.62
15:04:53, 1066.20, 10.28, 194, 313, 474, 597, 669, 699, 806, 912, 3360, 341, 19262.02, 10.94, 9.62
15:04:53, 1067.00, 10.28, 194, 314, 476, 600, 665, 694, 801, 903, 3348, 335, 19312.32, 10.89, 9.62
15:04:54, 1068.70, 10.28, 195, 316, 480, 605, 667, 695, 800, 900, 3322, 322, 19262.02, 10.94, 9.62
15:04:54, 1069.80, 10.28, 192, 313, 475, 600, 666, 693, 797, 896, 3306, 314, 19295.53, 10.91, 9.62
15:04:55, 1071.30, 10.28, 189, 309, 471, 595, 666, 693, 796, 893, 3286, 303, 19295.53, 10.91, 9.62
15:04:55, 1072.50, 10.28, 187, 306, 467, 592, 652, 680, 780, 871, 3244, 292, 19262.02, 10.94, 9.62
15:04:55, 1073.70, 10.28, 186, 306, 467, 595, 655, 685, 781, 873, 3236, 282, 19278.76, 10.92, 9.60
15:04:56, 1075.40, 10.28, 183, 302, 460, 590, 661, 691, 786, 876, 3231, 271, 19312.32, 10.89, 9.60
15:04:56, 1077.00, 10.28, 176, 293, 448, 576, 646, 674, 770, 851, 3220, 264, 19329.13, 10.87, 9.59
15:04:57, 1079.70, 10.28, 175, 293, 448, 580, 640, 664, 760, 833, 3169, 247, 19312.32, 10.89, 9.59
15:04:57, 1081.10, 10.28, 171, 288, 439, 571, 639, 663, 761, 829, 3164, 242, 19295.53, 10.91, 9.59
15:04:57, 1083.60, 10.28, 169, 287, 439, 573, 636, 658, 756, 817, 3118, 231, 19312.32, 10.89, 9.57
15:04:58, 1085.70, 10.24, 165, 283, 433, 568, 637, 658, 756, 813, 3064, 219, 19329.13, 10.87, 9.57
15:04:58, 1087.10, 10.24, 162, 279, 428, 564, 633, 650, 752, 804, 3026, 215, 19262.02, 10.94, 9.56
15:04:59, 1088.60, 10.24, 161, 279, 428, 565, 635, 648, 751, 801, 2966, 207, 19278.76, 10.92, 9.56
15:04:59, 1090.30, 10.24, 158, 275, 422, 556, 623, 631, 734, 781, 2882, 201, 19312.32, 10.89, 9.56
15:04:59, 1091.90, 10.24, 156, 274, 422, 555, 611, 611, 715, 758, 2779, 195, 19262.02, 10.94, 9.55
15:05:00, 1094.20, 10.24, 156, 277, 428, 561, 623, 619, 726, 768, 2674, 185, 19278.76, 10.92, 9.55
15:05:00, 1096.10, 10.23, 151, 270, 418, 546, 623, 615, 722, 763, 2563, 175, 19345.96, 10.85, 9.55
15:05:01, 1098.50, 10.23, 147, 261, 407, 530, 612, 602, 704, 746, 2459, 166, 19295.53, 10.91, 9.55
15:05:01, 1100.30, 10.23, 143, 255, 401, 520, 600, 589, 685, 726, 2370, 159, 19295.53, 10.91, 9.55
15:05:02, 1102.10, 10.23, 141, 250, 394, 511, 594, 582, 674, 715, 2301, 153, 19345.96, 10.85, 9.53
15:05:02, 1104.10, 10.23, 138, 246, 390, 505, 583, 571, 658, 697, 2232, 147, 19295.53, 10.91, 9.53
15:05:02, 1105.60, 10.23, 136, 243, 385, 499, 575, 563, 646, 685, 2178, 142, 19312.32, 10.89, 9.53
15:05:03, 1106.90, 10.22, 135, 241, 383, 497, 574, 563, 643, 681, 2147, 139, 19295.53, 10.91, 9.53
15:05:03, 1108.10, 10.22, 135, 241, 383, 497, 573, 562, 641, 679, 2127, 137, 19312.32, 10.89, 9.53
15:05:04, 1110.10, 10.22, 133, 237, 378, 491, 566, 555, 629, 666, 2076, 132, 19312.32, 10.89, 9.52
15:05:04, 1110.90, 10.22, 131, 233, 373, 485, 565, 553, 628, 662, 2093, 133, 19312.32, 10.89, 9.52
15:05:04, 1111.60, 10.22, 131, 235, 376, 490, 564, 552, 627, 659, 2074, 130, 19312.32, 10.89, 9.52
15:05:05, 1113.60, 10.22, 131, 235, 377, 492, 571, 556, 634, 662, 2109, 132, 19295.53, 10.91, 9.52
15:05:05, 1117.60, 10.21, 127, 230, 369, 484, 554, 538, 612, 635, 2073, 129, 19278.76, 10.92, 9.52
15:05:06, 1120.00, 10.21, 122, 222, 358, 472, 546, 530, 601, 619, 2022, 123, 19278.76, 10.92, 9.52
15:05:06, 1121.90, 10.21, 119, 217, 350, 461, 540, 524, 594, 610, 2007, 122, 19278.76, 10.92, 9.52
15:05:07, 1123.50, 10.20, 118, 217, 350, 462, 531, 515, 582, 597, 1970, 119, 19312.32, 10.89, 9.52
15:05:07, 1124.20, 10.20, 116, 214, 347, 458, 531, 514, 580, 593, 1940, 117, 19295.53, 10.91, 9.52
15:05:07, 1124.70, 10.20, 116, 211, 343, 453, 525, 510, 574, 588, 1917, 115, 19295.53, 10.91, 9.52
15:05:08, 1126.20, 10.20, 114, 208, 337, 445, 517, 501, 563, 577, 1888, 114, 19345.96, 10.85, 9.52
15:05:08, 1128.30, 10.19, 110, 202, 328, 434, 511, 495, 554, 566, 1847, 110, 19329.13, 10.87, 9.52
15:05:09, 1129.70, 10.19, 109, 200, 326, 432, 500, 484, 542, 552, 1835, 110, 19329.13, 10.87, 9.52
15:05:09, 1131.50, 10.19, 107, 198, 323, 430, 499, 482, 539, 547, 1810, 107, 19312.32, 10.89, 9.52
15:05:09, 1133.00, 10.19, 105, 194, 317, 422, 495, 478, 534, 540, 1791, 105, 19295.53, 10.91, 9.52
15:05:10, 1134.20, 10.19, 103, 192, 314, 418, 491, 473, 529, 533, 1781, 105, 19329.13, 10.87, 9.52
15:05:10, 1136.60, 10.19, 102, 189, 310, 413, 478, 461, 514, 517, 1753, 103, 19345.96, 10.85, 9.52
15:05:11, 1139.10, 10.19, 100, 186, 306, 410, 476, 457, 509, 508, 1725, 101, 19295.53, 10.91, 9.52
15:05:11, 1141.10, 10.19, 98, 183, 301, 403, 473, 454, 504, 502, 1708, 99, 19345.96, 10.85, 9.52
15:05:11, 1142.60, 10.19, 98, 183, 303, 406, 468, 449, 497, 495, 1687, 98, 19295.53, 10.91, 9.52
15:05:12, 1143.80, 10.19, 97, 182, 302, 405, 469, 450, 496, 494, 1665, 96, 19312.32, 10.89, 9.52
15:05:12, 1145.20, 10.19, 97, 181, 300, 401, 470, 450, 493, 492, 1628, 94, 19312.32, 10.89, 9.52
15:05:13, 1146.80, 10.19, 97, 181, 300, 401, 467, 448, 487, 487, 1583, 91, 19329.13, 10.87, 9.54
15:05:13, 1148.50, 10.19, 96, 179, 298, 397, 465, 446, 481, 482, 1521, 87, 19329.13, 10.87, 9.54
15:05:14, 1150.00, 10.19, 96, 177, 296, 394, 458, 441, 471, 476, 1451, 83, 19329.13, 10.87, 9.54
15:05:14, 1151.80, 10.19, 95, 175, 294, 390, 455, 439, 464, 471, 1408, 80, 19329.13, 10.87, 9.54
15:05:14, 1154.60, 10.19, 93, 171, 288, 383, 448, 433, 453, 461, 1342, 76, 19329.13, 10.87, 9.54
15:05:15, 1157.70, 10.19, 91, 166, 282, 375, 438, 424, 439, 448, 1261, 71, 19345.96, 10.85, 9.55
15:05:15, 1160.50, 10.19, 89, 163, 277, 369, 427, 416, 425, 435, 1177, 66, 19329.13, 10.87, 9.55
15:05:16, 1161.90, 10.19, 88, 161, 274, 366, 421, 412, 416, 428, 1109, 61, 19362.80, 10.84, 9.56
15:05:16, 1164.80, 10.19, 86, 157, 268, 360, 411, 404, 405, 415, 1011, 55, 19329.13, 10.87, 9.56
15:05:16, 1166.80, 10.19, 86, 157, 268, 362, 407, 401, 399, 408, 933, 50, 19345.96, 10.85, 9.56
15:05:17, 1168.90, 10.19, 83, 153, 260, 355, 405, 400, 396, 403, 917, 48, 19345.96, 10.85, 9.58
15:05:17, 1170.20, 10.19, 79, 146, 247, 341, 401, 397, 394, 398, 869, 45, 19312.32, 10.89, 9.58
15:05:18, 1171.60, 10.19, 78, 142, 242, 335, 393, 390, 388, 389, 822, 43, 19345.96, 10.85, 9.59
15:05:18, 1175.10, 10.19, 76, 140, 238, 331, 377, 371, 372, 368, 744, 39, 19329.13, 10.87, 9.59
15:05:19, 1178.50, 10.19, 75, 138, 236, 329, 367, 359, 360, 353, 704, 36, 19362.80, 10.84, 9.59
15:05:19, 1179.30, 10.19, 74, 137, 234, 327, 364, 357, 356, 349, 700, 36, 19329.13, 10.87, 9.60
15:05:19, 1181.60, 10.19, 74, 138, 235, 328, 366, 358, 355, 348, 723, 37, 19362.80, 10.84, 9.60
15:05:20, 1183.30, 10.19, 72, 134, 229, 318, 364, 355, 351, 343, 731, 38, 19362.80, 10.84, 9.62
15:05:20, 1184.60, 10.19, 70, 131, 224, 313, 359, 350, 345, 336, 715, 37, 19362.80, 10.84, 9.62
15:05:21, 1186.30, 10.19, 69, 129, 222, 309, 356, 346, 341, 331, 701, 36, 19329.13, 10.87, 9.62
15:05:21, 1188.20, 10.18, 68, 127, 219, 305, 352, 342, 337, 326, 684, 35, 19329.13, 10.87, 9.62
15:05:21, 1190.80, 10.18, 67, 126, 217, 303, 344, 333, 328, 316, 651, 33, 19329.13, 10.87, 9.62
15:05:22, 1194.70, 10.18, 67, 125, 216, 302, 343, 331, 325, 311, 654, 33, 19379.66, 10.82, 9.63
15:05:22, 1197.50, 10.18, 64, 120, 208, 291, 339, 326, 319, 303, 647, 33, 19329.13, 10.87, 9.63
15:05:23, 1200.30, 10.18, 62, 117, 204, 287, 331, 318, 310, 293, 621, 32, 19329.13, 10.87, 9.63
15:05:23, 1201.60, 10.18, 61, 115, 200, 281, 329, 316, 307, 290, 624, 32, 19362.80, 10.84, 9.63
15:05:23, 1203.20, 10.18, 59, 111, 195, 274, 314, 302, 294, 276, 569, 29, 19362.80, 10.84, 9.63
15:05:24, 1205.20, 10.18, 59, 111, 195, 274, 306, 294, 284, 267, 541, 28, 19345.96, 10.85, 9.63
15:05:24, 1208.40, 10.18, 57, 109, 191, 269, 303, 290, 280, 261, 536, 27, 19362.80, 10.84, 9.63
15:05:25, 1210.40, 10.18, 54, 103, 182, 257, 297, 285, 274, 254, 517, 26, 19345.96, 10.85, 9.63
15:05:25, 1214.50, 10.18, 53, 100, 176, 250, 284, 272, 261, 241, 464, 23, 19345.96, 10.85, 9.63
15:05:26, 1218.20, 10.19, 51, 98, 172, 246, 281, 268, 257, 235, 457, 23, 19379.66, 10.82, 9.63
15:05:26, 1220.20, 10.19, 51, 99, 174, 249, 278, 266, 254, 231, 450, 22, 19362.80, 10.84, 9.63
15:05:26, 1221.90, 10.19, 51, 99, 174, 250, 281, 267, 256, 231, 462, 23, 19396.55, 10.80, 9.63
15:05:27, 1223.50, 10.19, 50, 97, 171, 246, 283, 268, 257, 231, 472, 23, 19379.66, 10.82, 9.63
15:05:27, 1226.30, 10.19, 49, 95, 169, 243, 281, 266, 255, 227, 472, 23, 19379.66, 10.82, 9.63
15:05:28, 1229.40, 10.19, 49, 94, 167, 241, 277, 261, 251, 222, 466, 23, 19362.80, 10.84, 9.63
15:05:28, 1233.00, 10.19, 49, 95, 168, 243, 275, 258, 247, 217, 466, 23, 19396.55, 10.80, 9.64
15:05:28, 1235.70, 10.19, 48, 93, 166, 239, 273, 256, 244, 214, 459, 23, 19379.66, 10.82, 9.64
15:05:29, 1237.60, 10.19, 47, 93, 165, 239, 272, 255, 241, 212, 450, 22, 19362.80, 10.84, 9.64
15:05:29, 1239.90, 10.19, 47, 93, 166, 239, 270, 254, 237, 209, 446, 22, 19379.66, 10.82, 9.63
15:05:30, 1241.70, 10.19, 46, 90, 162, 234, 267, 250, 233, 206, 437, 22, 19329.13, 10.87, 9.63
15:05:30, 1244.20, 10.19, 46, 89, 160, 230, 264, 247, 229, 202, 431, 21, 19345.96, 10.85, 9.64
15:05:31, 1247.00, 10.18, 45, 87, 158, 227, 259, 242, 223, 196, 416, 21, 19396.55, 10.80, 9.64
15:05:31, 1249.40, 10.18, 44, 86, 156, 224, 255, 238, 219, 192, 404, 20, 19396.55, 10.80, 9.64
15:05:31, 1252.00, 10.19, 44, 86, 155, 223, 251, 234, 214, 187, 391, 19, 19362.80, 10.84, 9.64
15:05:32, 1254.20, 10.19, 44, 86, 155, 224, 253, 235, 215, 187, 403, 20, 19362.80, 10.84, 9.64
15:05:32, 1256.20, 10.19, 43, 84, 152, 220, 255, 236, 215, 186, 409, 20, 19379.66, 10.82, 9.65
15:05:33, 1258.20, 10.19, 43, 84, 152, 220, 252, 233, 213, 184, 401, 20, 19379.66, 10.82, 9.65
15:05:33, 1259.60, 10.19, 42, 83, 151, 218, 252, 233, 212, 182, 401, 20, 19396.55, 10.80, 9.65
15:05:33, 1261.40, 10.19, 42, 82, 149, 217, 250, 231, 210, 180, 397, 19, 19379.66, 10.82, 9.65
15:05:34, 1264.00, 10.19, 41, 82, 150, 218, 242, 223, 203, 173, 376, 18, 19345.96, 10.85, 9.65
15:05:34, 1266.80, 10.19, 42, 83, 151, 221, 250, 230, 209, 176, 412, 20, 19379.66, 10.82, 9.65
15:05:35, 1270.40, 10.19, 40, 80, 146, 213, 246, 225, 204, 171, 399, 19, 19396.55, 10.80, 9.65
15:05:35, 1273.50, 10.19, 39, 78, 144, 210, 239, 219, 198, 165, 379, 19, 19379.66, 10.82, 9.65
15:05:35, 1274.90, 10.19, 39, 79, 144, 210, 241, 220, 198, 165, 386, 19, 19396.55, 10.80, 9.64
15:05:36, 1276.60, 10.19, 39, 78, 143, 210, 241, 220, 197, 164, 385, 19, 19362.80, 10.84, 9.64
15:05:36, 1278.30, 10.19, 39, 77, 142, 208, 237, 216, 193, 161, 373, 18, 19362.80, 10.84, 9.65
15:05:37, 1282.20, 10.19, 39, 78, 144, 210, 237, 216, 192, 159, 376, 18, 19413.46, 10.78, 9.65
15:05:37, 1285.30, 10.19, 37, 75, 138, 202, 236, 214, 189, 156, 374, 18, 19362.80, 10.84, 9.65
15:05:38, 1288.10, 10.19, 36, 73, 135, 198, 228, 207, 182, 150, 349, 17, 19329.13, 10.87, 9.65
15:05:38, 1290.60, 10.19, 37, 74, 138, 202, 225, 204, 179, 148, 343, 17, 19379.66, 10.82, 9.65
15:05:38, 1292.10, 10.19, 36, 74, 136, 200, 228, 206, 180, 148, 353, 17, 19379.66, 10.82, 9.66
15:05:39, 1293.80, 10.19, 36, 74, 137, 201, 229, 207, 180, 148, 358, 17, 19345.96, 10.85, 9.66
15:05:39, 1295.20, 10.19, 36, 73, 135, 198, 231, 207, 181, 148, 366, 18, 19345.96, 10.85, 9.66
15:05:40, 1297.70, 10.19, 35, 71, 132, 195, 225, 202, 176, 143, 348, 17, 19345.96, 10.85, 9.66
15:05:40, 1300.00, 10.19, 35, 71, 132, 194, 220, 198, 172, 140, 337, 16, 19413.46, 10.78, 9.66
15:05:40, 1303.70, 10.19, 35, 71, 133, 196, 222, 199, 172, 139, 347, 17, 19396.55, 10.80, 9.66
15:05:41, 1306.60, 10.19, 34, 69, 130, 191, 223, 199, 171, 137, 352, 17, 19345.96, 10.85, 9.66
15:05:41, 1308.30, 10.19, 33, 67, 127, 185, 216, 193, 166, 133, 331, 16, 19396.55, 10.80, 9.66
15:05:42, 1310.00, 10.19, 34, 69, 131, 191, 215, 192, 164, 131, 325, 16, 19362.80, 10.84, 9.66
15:05:42, 1311.80, 10.19, 34, 69, 131, 192, 216, 192, 164, 131, 331, 16, 19379.66, 10.82, 9.66
15:05:43, 1313.80, 10.19, 33, 68, 128, 189, 218, 194, 164, 131, 338, 16, 19379.66, 10.82, 9.66
15:05:43, 1318.10, 10.19, 33, 67, 127, 187, 216, 192, 162, 129, 336, 16, 19379.66, 10.82, 9.66
15:05:43, 1321.00, 10.19, 32, 64, 122, 181, 212, 188, 158, 125, 324, 16, 19362.80, 10.84, 9.66
15:05:44, 1325.40, 10.19, 32, 66, 125, 184, 207, 183, 152, 121, 310, 15, 19379.66, 10.82, 9.66
15:05:44, 1327.90, 10.19, 32, 65, 125, 183, 210, 184, 153, 121, 322, 16, 19413.46, 10.78, 9.66
15:05:45, 1329.60, 10.19, 31, 65, 123, 181, 211, 185, 153, 121, 332, 16, 19362.80, 10.84, 9.66
15:05:45, 1331.10, 10.19, 31, 64, 123, 181, 211, 185, 152, 120, 338, 17, 19396.55, 10.80, 9.66
15:05:45, 1334.20, 10.19, 32, 65, 124, 183, 209, 182, 149, 118, 339, 17, 19430.38, 10.76, 9.66
15:05:46, 1336.60, 10.19, 31, 65, 125, 181, 213, 185, 150, 119, 361, 18, 19396.55, 10.80, 9.66
15:05:46, 1340.30, 10.19, 30, 62, 121, 176, 206, 179, 145, 115, 346, 17, 19396.55, 10.80, 9.66
15:05:47, 1343.20, 10.19, 30, 63, 121, 177, 202, 175, 141, 112, 339, 17, 19413.46, 10.78, 9.66
15:05:47, 1345.20, 10.19, 30, 63, 121, 178, 204, 176, 141, 111, 349, 17, 19362.80, 10.84, 9.66
15:05:47, 1346.60, 10.19, 30, 63, 122, 177, 204, 176, 141, 111, 356, 18, 19379.66, 10.82, 9.66
15:05:48, 1348.80, 10.19, 30, 62, 121, 175, 204, 176, 140, 110, 360, 18, 19396.55, 10.80, 9.66
15:05:48, 1351.00, 10.19, 29, 61, 117, 172, 201, 173, 137, 108, 351, 17, 19413.46, 10.78, 9.66
15:05:49, 1354.90, 10.19, 29, 61, 118, 172, 199, 171, 135, 105, 347, 17, 19379.66, 10.82, 9.66
15:05:49, 1357.80, 10.19, 28, 59, 117, 170, 199, 170, 135, 104, 350, 17, 19413.46, 10.78, 9.66
15:05:50, 1360.60, 10.19, 28, 58, 115, 167, 196, 167, 131, 102, 340, 17, 19396.55, 10.80, 9.66
15:05:50, 1362.50, 10.19, 28, 58, 114, 167, 195, 166, 130, 100, 337, 17, 19379.66, 10.82, 9.66
15:05:50, 1364.20, 10.19, 28, 58, 115, 167, 194, 165, 129, 100, 337, 17, 19430.38, 10.76, 9.66
15:05:51, 1366.50, 10.19, 27, 58, 114, 166, 192, 164, 128, 98, 333, 16, 19396.55, 10.80, 9.66
15:05:51, 1368.80, 10.19, 27, 57, 113, 164, 192, 163, 127, 97, 335, 17, 19362.80, 10.84, 9.66
15:05:52, 1372.10, 10.19, 27, 56, 111, 162, 188, 159, 123, 94, 323, 16, 19379.66, 10.82, 9.66
15:05:52, 1374.70, 10.19, 26, 56, 110, 162, 186, 158, 122, 93, 321, 16, 19379.66, 10.82, 9.66
15:05:52, 1376.30, 10.19, 26, 55, 110, 161, 188, 159, 123, 93, 331, 16, 19362.80, 10.84, 9.66
15:05:53, 1378.30, 10.19, 26, 54, 108, 158, 186, 157, 121, 91, 328, 16, 19362.80, 10.84, 9.66
15:05:53, 1380.20, 10.19, 25, 54, 108, 157, 183, 154, 118, 90, 324, 16, 19379.66, 10.82, 9.66
15:05:54, 1382.10, 10.19, 25, 54, 108, 157, 181, 153, 118, 88, 320, 16, 19379.66, 10.82, 9.66
15:05:54, 1384.20, 10.19, 25, 54, 108, 157, 181, 152, 117, 87, 322, 16, 19362.80, 10.84, 9.66
15:05:55, 1387.80, 10.19, 25, 53, 107, 156, 180, 151, 114, 86, 322, 16, 19396.55, 10.80, 9.66
15:05:55, 1390.50, 10.19, 24, 52, 104, 152, 180, 150, 114, 85, 324, 16, 19362.80, 10.84, 9.66
15:05:55, 1392.20, 10.19, 24, 50, 102, 149, 176, 147, 112, 83, 314, 16, 19379.66, 10.82, 9.66
15:05:56, 1394.00, 10.19, 24, 51, 102, 150, 173, 144, 109, 81, 303, 15, 19413.46, 10.78, 9.66
15:05:56, 1394.20, 10.19, 24, 51, 104, 152, 174, 145, 110, 81, 307, 15, 19396.55, 10.80, 9.66
15:05:57, 1394.40, 10.19, 24, 51, 104, 152, 176, 146, 111, 82, 314, 15, 19413.46, 10.78, 9.66
15:05:57, 1394.10, 10.19, 24, 51, 102, 150, 177, 147, 111, 82, 315, 16, 19396.55, 10.80, 9.66
15:05:57, 1394.40, 10.19, 24, 50, 102, 149, 175, 146, 111, 82, 310, 15, 19379.66, 10.82, 9.66
15:05:58, 1394.90, 10.19, 24, 50, 101, 149, 174, 144, 110, 81, 303, 15, 19379.66, 10.82, 9.66
15:05:58, 1396.30, 10.19, 24, 50, 102, 149, 172, 143, 109, 80, 297, 15, 19379.66, 10.82, 9.66
15:05:59, 1396.80, 10.19, 23, 50, 101, 149, 173, 144, 109, 80, 298, 15, 19413.46, 10.78, 9.66
15:05:59, 1397.00, 10.19, 23, 50, 101, 148, 172, 143, 108, 80, 298, 15, 19379.66, 10.82, 9.66
15:05:59, 1396.10, 10.19, 23, 49, 99, 146, 172, 143, 109, 80, 294, 14, 19362.80, 10.84, 9.66
15:06:00, 1396.40, 10.19, 23, 49, 100, 147, 170, 141, 107, 79, 286, 14, 19396.55, 10.80, 9.66
15:06:00, 1398.10, 10.19, 23, 49, 99, 146, 169, 140, 106, 78, 284, 14, 19396.55, 10.80, 9.66
15:06:01, 1399.20, 10.19, 23, 48, 98, 145, 167, 139, 105, 77, 281, 14, 19447.32, 10.75, 9.66
15:06:01, 1400.00, 10.19, 23, 49, 99, 146, 169, 140, 106, 78, 291, 14, 19396.55, 10.80, 9.66
15:06:02, 1400.70, 10.19, 23, 48, 98, 144, 167, 138, 104, 76, 286, 14, 19396.55, 10.80, 9.66
15:06:02, 1403.30, 10.19, 22, 47, 97, 142, 166, 137, 103, 75, 285, 14, 19396.55, 10.80, 9.66
15:06:02, 1405.50, 10.19, 22, 47, 94, 141, 168, 138, 103, 75, 295, 15, 19379.66, 10.82, 9.66
15:06:03, 1407.60, 10.19, 21, 46, 94, 138, 168, 138, 103, 75, 301, 15, 19396.55, 10.80, 9.66
15:06:03, 1409.30, 10.19, 21, 45, 91, 135, 164, 135, 101, 73, 291, 14, 19413.46, 10.78, 9.66
15:06:04, 1411.60, 10.19, 21, 44, 91, 135, 159, 131, 98, 70, 274, 13, 19396.55, 10.80, 9.66
15:06:04, 1413.70, 10.19, 21, 46, 94, 139, 159, 131, 97, 70, 273, 13, 19379.66, 10.82, 9.66
15:06:04, 1415.50, 10.19, 21, 46, 94, 139, 162, 132, 98, 70, 280, 14, 19396.55, 10.80, 9.66
15:06:05, 1416.20, 10.19, 21, 44, 91, 135, 160, 131, 97, 69, 271, 13, 19379.66, 10.82, 9.66
15:06:05, 1416.80, 10.19, 21, 44, 91, 135, 160, 131, 97, 69, 274, 13, 19379.66, 10.82, 9.66
15:06:06, 1418.20, 10.19, 20, 43, 89, 132, 154, 127, 94, 67, 255, 13, 19396.55, 10.80, 9.66
15:06:06, 1419.50, 10.19, 21, 45, 93, 138, 157, 129, 95, 68, 266, 13, 19396.55, 10.80, 9.66
15:06:07, 1421.00, 10.19, 21, 45, 93, 138, 162, 132, 97, 69, 288, 14, 19447.32, 10.75, 9.66
15:06:07, 1422.80, 10.19, 20, 44, 90, 133, 160, 130, 96, 68, 290, 14, 19379.66, 10.82, 9.66
15:06:07, 1425.40, 10.19, 20, 43, 90, 133, 157, 127, 94, 66, 292, 15, 19413.46, 10.78, 9.66
15:06:08, 1428.00, 10.19, 20, 43, 89, 131, 154, 124, 92, 65, 297, 15, 19413.46, 10.78, 9.66
15:06:08, 1430.60, 10.19, 19, 42, 88, 130, 153, 123, 91, 63, 305, 15, 19379.66, 10.82, 9.67
15:06:09, 1433.00, 10.19, 19, 42, 88, 130, 152, 122, 90, 62, 317, 16, 19413.46, 10.78, 9.67
15:06:09, 1434.90, 10.19, 19, 42, 88, 130, 152, 121, 90, 62, 327, 17, 19413.46, 10.78, 9.67
15:06:09, 1436.80, 10.19, 19, 42, 88, 130, 153, 121, 90, 62, 344, 17, 19413.46, 10.78, 9.66
15:06:10, 1438.40, 10.18, 19, 42, 87, 129, 152, 120, 89, 61, 358, 18, 19413.46, 10.78, 9.66
15:06:10, 1440.30, 10.19, 18, 41, 85, 127, 151, 119, 89, 60, 371, 19, 19430.38, 10.76, 9.67
15:06:11, 1442.50, 10.19, 18, 40, 84, 126, 148, 117, 87, 58, 377, 19, 19379.66, 10.82, 9.67
15:06:11, 1444.50, 10.19, 18, 40, 83, 124, 148, 117, 87, 57, 386, 20, 19396.55, 10.80, 9.67
15:06:11, 1447.00, 10.19, 17, 38, 81, 120, 145, 114, 85, 56, 396, 20, 19413.46, 10.78, 9.67
15:06:12, 1449.00, 10.18, 17, 38, 80, 120, 140, 110, 81, 53, 399, 20, 19379.66, 10.82, 9.67
15:06:12, 1450.90, 10.18, 17, 38, 81, 121, 140, 110, 81, 53, 404, 21, 19396.55, 10.80, 9.67
15:06:13, 1452.50, 10.18, 17, 38, 80, 120, 140, 109, 80, 52, 408, 21, 19379.66, 10.82, 9.67
15:06:13, 1453.80, 10.19, 17, 37, 79, 118, 139, 109, 80, 52, 412, 21, 19413.46, 10.78, 9.67
15:06:14, 1456.10, 10.19, 16, 37, 77, 116, 138, 107, 78, 51, 413, 21, 19413.46, 10.78, 9.67
15:06:14, 1458.80, 10.18, 16, 37, 77, 116, 134, 104, 76, 49, 408, 21, 19413.46, 10.78, 9.67
15:06:14, 1461.20, 10.18, 16, 37, 77, 116, 134, 104, 76, 49, 408, 21, 19362.80, 10.84, 9.67
15:06:15, 1464.00, 10.19, 16, 36, 76, 114, 134, 104, 75, 48, 407, 21, 19413.46, 10.78, 9.67
15:06:15, 1467.10, 10.19, 15, 35, 75, 112, 135, 105, 75, 48, 405, 20, 19464.28, 10.73, 9.67
15:06:16, 1468.90, 10.19, 15, 34, 72, 108, 130, 100, 72, 46, 399, 20, 19362.80, 10.84, 9.67
15:06:16, 1471.30, 10.18, 15, 34, 73, 110, 128, 99, 71, 45, 397, 20, 19396.55, 10.80, 9.67
15:06:16, 1474.70, 10.18, 15, 34, 73, 110, 126, 97, 69, 44, 393, 20, 19396.55, 10.80, 9.67
15:06:17, 1476.50, 10.18, 15, 35, 74, 111, 128, 99, 70, 44, 394, 20, 19396.55, 10.80, 9.67
15:06:17, 1479.10, 10.18, 14, 33, 71, 107, 130, 100, 71, 44, 393, 20, 19396.55, 10.80, 9.67
15:06:18, 1481.60, 10.18, 14, 32, 69, 103, 126, 97, 68, 43, 388, 20, 19413.46, 10.78, 9.68
15:06:18, 1483.00, 10.18, 14, 32, 69, 104, 122, 93, 66, 41, 382, 19, 19396.55, 10.80, 9.68
15:06:19, 1484.60, 10.18, 14, 33, 71, 106, 121, 92, 65, 41, 380, 19, 19396.55, 10.80, 9.67
15:06:19, 1486.70, 10.18, 14, 33, 71, 107, 123, 94, 66, 41, 379, 19, 19413.46, 10.78, 9.67
15:06:19, 1489.70, 10.18, 14, 32, 69, 104, 124, 95, 66, 41, 375, 19, 19430.38, 10.76, 9.67
15:06:20, 1491.80, 10.18, 13, 31, 67, 101, 121, 92, 64, 40, 368, 19, 19413.46, 10.78, 9.66
15:06:20, 1494.00, 10.18, 14, 31, 68, 102, 119, 90, 63, 39, 362, 18, 19413.46, 10.78, 9.66
15:06:21, 1495.80, 10.18, 14, 31, 68, 103, 120, 91, 63, 39, 359, 18, 19413.46, 10.78, 9.68
15:06:21, 1497.80, 10.18, 13, 31, 67, 102, 121, 92, 63, 39, 356, 18, 19413.46, 10.78, 9.68
15:06:21, 1499.30, 10.18, 13, 30, 66, 100, 120, 91, 63, 39, 352, 18, 19413.46, 10.78, 9.68
15:06:22, 1501.60, 10.18, 13, 31, 66, 101, 116, 87, 59, 37, 343, 17, 19447.32, 10.75, 9.68
15:06:22, 1505.10, 10.18, 13, 31, 67, 102, 116, 88, 60, 37, 337, 17, 19447.32, 10.75, 9.68
15:06:23, 1507.90, 10.18, 13, 30, 66, 100, 116, 87, 60, 37, 331, 17, 19430.38, 10.76, 9.68
15:06:23, 1510.90, 10.18, 13, 30, 65, 99, 115, 87, 59, 36, 327, 16, 19413.46, 10.78, 9.68
15:06:23, 1512.80, 10.18, 13, 29, 64, 98, 113, 85, 58, 35, 324, 16, 19430.38, 10.76, 9.68
15:06:24, 1514.60, 10.18, 13, 29, 64, 98, 113, 85, 57, 35, 323, 16, 19413.46, 10.78, 9.68
15:06:24, 1516.50, 10.18, 15, 36, 78, 120, 151, 111, 75, 45, 335, 16, 19396.55, 10.80, 9.68
15:06:25, 1517.90, 10.18, 13, 30, 69, 111, 132, 97, 62, 36, 259, 12, 19396.55, 10.80, 9.67
15:06:25, 1517.80, 10.18, 13, 31, 70, 113, 132, 97, 62, 36, 259, 12, 19396.55, 10.80, 9.67
15:06:26, 1517.90, 10.18, 13, 31, 71, 114, 134, 98, 63, 36, 262, 12, 19447.32, 10.75, 9.67
15:06:26, 1517.80, 10.18, 13, 31, 71, 114, 134, 98, 63, 37, 263, 12, 19413.46, 10.78, 9.68
15:06:26, 1517.90, 10.18, 13, 31, 71, 114, 134, 98, 63, 37, 263, 13, 19430.38, 10.76, 9.68
15:06:27, 1517.80, 10.18, 13, 31, 71, 114, 134, 98, 63, 37, 263, 13, 19379.66, 10.82, 9.68
15:06:27, 1517.70, 10.18, 13, 31, 71, 114, 134, 98, 64, 37, 264, 13, 19413.46, 10.78, 9.68
15:06:28, 1517.90, 10.18, 13, 31, 71, 115, 134, 98, 64, 37, 264, 13, 19379.66, 10.82, 9.68
15:06:28, 1517.70, 10.18, 13, 31, 71, 115, 134, 98, 64, 37, 264, 13, 19413.46, 10.78, 9.68
15:06:28, 1517.90, 10.19, 13, 31, 71, 114, 134, 98, 64, 37, 265, 13, 19447.32, 10.75, 9.68
15:06:29, 1517.80, 10.19, 13, 31, 71, 114, 134, 98, 64, 37, 265, 13, 19396.55, 10.80, 9.68
15:06:29, 1516.20, 10.19, 14, 33, 74, 117, 150, 110, 73, 43, 293, 14, 19396.55, 10.80, 9.68
15:06:30, 1513.80, 10.19, 12, 28, 60, 94, 103, 79, 53, 32, 268, 13, 19396.55, 10.80, 9.68
15:06:30, 1510.50, 10.19, 12, 28, 62, 95, 119, 90, 61, 38, 290, 14, 19447.32, 10.75, 9.68
15:06:31, 1509.70, 10.19, 13, 29, 64, 97, 117, 89, 60, 37, 289, 15, 19362.80, 10.84, 9.68
15:06:31, 1509.20, 10.19, 13, 30, 66, 102, 120, 91, 61, 38, 283, 14, 19430.38, 10.76, 9.68
15:06:31, 1507.90, 10.18, 13, 30, 65, 100, 121, 92, 62, 39, 271, 14, 19430.38, 10.76, 9.68
15:06:32, 1508.50, 10.18, 13, 30, 65, 100, 119, 91, 62, 39, 257, 13, 19413.46, 10.78, 9.68
15:06:32, 1508.30, 10.18, 13, 30, 66, 101, 121, 92, 62, 39, 258, 13, 19430.38, 10.76, 9.68
15:06:33, 1508.20, 10.18, 13, 30, 66, 101, 122, 93, 63, 40, 257, 13, 19447.32, 10.75, 9.68
15:06:33, 1508.30, 10.19, 13, 30, 66, 100, 122, 93, 63, 40, 254, 13, 19396.55, 10.80, 9.68
15:06:33, 1508.40, 10.18, 13, 31, 67, 102, 122, 93, 63, 40, 250, 12, 19379.66, 10.82, 9.68
15:06:34, 1509.50, 10.18, 13, 31, 67, 102, 121, 92, 62, 39, 246, 12, 19464.28, 10.73, 9.67
15:06:34, 1509.40, 10.19, 13, 30, 66, 101, 121, 92, 62, 39, 248, 12, 19413.46, 10.78, 9.67
15:06:35, 1508.70, 10.19, 13, 30, 65, 99, 117, 89, 60, 38, 237, 11, 19413.46, 10.78, 9.67
15:06:35, 1509.10, 10.19, 12, 27, 59, 90, 106, 82, 55, 35, 221, 11, 19413.46, 10.78, 9.68
15:06:35, 1508.70, 10.19, 13, 30, 66, 99, 119, 91, 62, 39, 245, 12, 19447.32, 10.75, 9.68
15:06:36, 1508.90, 10.19, 14, 31, 68, 104, 121, 92, 62, 39, 255, 13, 19430.38, 10.76, 9.68
15:06:36, 1510.00, 10.19, 13, 30, 67, 102, 122, 93, 62, 39, 259, 13, 19413.46, 10.78, 9.68
15:06:37, 1510.20, 10.19, 13, 30, 65, 101, 120, 92, 62, 39, 258, 13, 19430.38, 10.76, 9.68
15:06:37, 1510.30, 10.19, 13, 30, 66, 101, 120, 91, 62, 39, 257, 13, 19447.32, 10.75, 9.67
15:06:38, 1510.20, 10.19, 13, 30, 66, 101, 120, 91, 62, 39, 257, 13, 19447.32, 10.75, 9.67
15:06:38, 1509.50, 10.19, 13, 30, 66, 101, 119, 91, 61, 39, 261, 13, 19396.55, 10.80, 9.68
15:06:38, 1509.50, 10.19, 13, 30, 66, 101, 120, 92, 62, 39, 265, 13, 19430.38, 10.76, 9.68
15:06:39, 1509.60, 10.19, 13, 30, 66, 101, 119, 91, 61, 39, 263, 13, 19379.66, 10.82, 9.68
15:06:39, 1509.70, 10.19, 13, 30, 66, 101, 119, 91, 62, 39, 265, 13, 19430.38, 10.76, 9.67
15:06:40, 1509.80, 10.19, 13, 30, 66, 101, 120, 91, 62, 39, 269, 13, 19430.38, 10.76, 9.67
15:06:40, 1509.80, 10.19, 13, 30, 66, 101, 120, 92, 62, 39, 272, 14, 19430.38, 10.76, 9.67
15:06:40, 1509.90, 10.19, 13, 30, 66, 101, 119, 91, 62, 39, 271, 14, 19430.38, 10.76, 9.67
15:06:41, 1510.00, 10.20, 13, 30, 66, 100, 119, 91, 62, 38, 271, 14, 19413.46, 10.78, 9.67
15:06:41, 1510.00, 10.19, 13, 30, 66, 101, 119, 91, 62, 38, 272, 14, 19413.46, 10.78, 9.68
15:06:42, 1509.80, 10.20, 13, 30, 66, 101, 119, 91, 61, 38, 274, 14, 19413.46, 10.78, 9.68
15:06:42, 1510.00, 10.19, 13, 30, 66, 100, 120, 91, 62, 39, 277, 14, 19464.28, 10.73, 9.68
15:06:43, 1509.90, 10.20, 13, 30, 66, 101, 119, 91, 61, 38, 277, 14, 19430.38, 10.76, 9.68
15:06:43, 1509.90, 10.20, 13, 30, 66, 101, 119, 90, 61, 38, 279, 14, 19396.55, 10.80, 9.68
15:06:43, 1510.20, 10.20, 13, 30, 65, 100, 119, 91, 61, 38, 280, 14, 19447.32, 10.75, 9.67
15:06:44, 1509.90, 10.20, 13, 30, 65, 100, 119, 91, 61, 38, 281, 14, 19447.32, 10.75, 9.67
15:06:44, 1509.90, 10.20, 13, 30, 65, 100, 119, 90, 61, 38, 282, 14, 19447.32, 10.75, 9.69
15:06:45, 1510.00, 10.20, 13, 30, 65, 100, 118, 90, 61, 38, 283, 14, 19447.32, 10.75, 9.69
15:06:45, 1510.00, 10.20, 13, 30, 65, 99, 119, 90, 61, 38, 284, 14, 19447.32, 10.75, 9.69
15:06:45, 1510.00, 10.21, 13, 30, 65, 100, 119, 91, 62, 38, 286, 14, 19413.46, 10.78, 9.68
15:06:46, 1510.20, 10.21, 13, 30, 65, 99, 119, 91, 61, 38, 288, 14, 19413.46, 10.78, 9.68
15:06:46, 1509.70, 10.21, 13, 30, 65, 100, 119, 90, 61, 38, 289, 14, 19464.28, 10.73, 9.68
15:06:47, 1509.50, 10.21, 13, 30, 65, 100, 119, 90, 61, 38, 290, 15, 19430.38, 10.76, 9.68
15:06:47, 1509.40, 10.21, 13, 30, 65, 100, 119, 91, 62, 38, 292, 15, 19413.46, 10.78, 9.68
15:06:47, 1509.60, 10.21, 13, 30, 65, 100, 120, 91, 62, 38, 294, 15, 19464.28, 10.73, 9.68
15:06:48, 1509.60, 10.21, 13, 30, 66, 101, 119, 90, 61, 38, 294, 15, 19464.28, 10.73, 9.68
15:06:48, 1509.60, 10.21, 13, 30, 66, 101, 117, 89, 61, 38, 292, 15, 19464.28, 10.73, 9.68
15:06:49, 1510.00, 10.21, 13, 30, 65, 99, 118, 89, 61, 38, 294, 15, 19430.38, 10.76, 9.68
15:06:49, 1510.00, 10.21, 13, 30, 65, 100, 119, 90, 61, 38, 295, 15, 19396.55, 10.80, 9.68
15:06:50, 1509.90, 10.21, 13, 30, 65, 100, 119, 90, 61, 38, 296, 15, 19498.27, 10.69, 9.68
15:06:50, 1509.90, 10.21, 13, 30, 65, 100, 118, 90, 61, 38, 297, 15, 19430.38, 10.76, 9.68
15:06:50, 1510.00, 10.21, 13, 30, 65, 100, 119, 90, 61, 38, 298, 15, 19447.32, 10.75, 9.68
15:06:51, 1510.10, 10.21, 13, 30, 65, 100, 118, 90, 61, 38, 298, 15, 19430.38, 10.76, 9.68
15:06:51, 1510.10, 10.21, 13, 30, 65, 100, 118, 90, 61, 38, 298, 15, 19413.46, 10.78, 9.68
15:06:52, 1510.30, 10.21, 13, 30, 65, 100, 118, 90, 61, 38, 298, 15, 19430.38, 10.76, 9.68
15:06:52, 1510.20, 10.21, 13, 30, 65, 99, 118, 90, 61, 38, 299, 15, 19430.38, 10.76, 9.68
15:06:52, 1510.20, 10.22, 13, 30, 65, 100, 118, 90, 61, 38, 301, 15, 19447.32, 10.75, 9.68
15:06:53, 1510.10, 10.22, 13, 30, 65, 100, 118, 90, 61, 38, 301, 15, 19498.27, 10.69, 9.68
15:06:53, 1510.40, 10.21, 13, 30, 65, 100, 118, 90, 61, 38, 303, 15, 19430.38, 10.76, 9.68
15:06:54, 1510.30, 10.21, 13, 30, 65, 100, 118, 90, 61, 38, 304, 15, 19464.28, 10.73, 9.67
15:06:54, 1510.30, 10.22, 13, 30, 65, 100, 118, 90, 61, 38, 305, 15, 19413.46, 10.78, 9.67
15:06:55, 1510.20, 10.22, 13, 30, 65, 100, 118, 89, 61, 37, 305, 15, 19430.38, 10.76, 9.68
15:06:55, 1510.30, 10.22, 13, 30, 65, 100, 118, 90, 61, 38, 306, 15, 19430.38, 10.76, 9.68
15:06:55, 1510.60, 10.22, 13, 30, 65, 99, 118, 89, 61, 38, 307, 15, 19481.27, 10.71, 9.68
15:06:56, 1510.40, 10.22, 13, 30, 65, 100, 118, 89, 61, 38, 308, 15, 19430.38, 10.76, 9.67
15:06:56, 1510.40, 10.22, 13, 30, 65, 100, 117, 89, 60, 37, 308, 15, 19413.46, 10.78, 9.67
15:06:57, 1510.50, 10.22, 13, 29, 65, 99, 117, 89, 60, 37, 309, 16, 19464.28, 10.73, 9.68
15:06:57, 1510.70, 10.22, 13, 29, 65, 99, 118, 89, 61, 37, 310, 16, 19396.55, 10.80, 9.68
15:06:57, 1509.90, 10.22, 13, 30, 66, 101, 118, 90, 61, 38, 309, 16, 19413.46, 10.78, 9.68
15:06:58, 1508.50, 10.22, 13, 30, 65, 99, 118, 89, 61, 38, 313, 16, 19481.27, 10.71, 9.68
15:06:58, 1506.30, 10.22, 13, 30, 65, 100, 116, 88, 60, 37, 315, 16, 19447.32, 10.75, 9.68
15:06:59, 1505.60, 10.22, 13, 30, 66, 101, 119, 91, 62, 38, 323, 16, 19413.46, 10.78, 9.69
15:06:59, 1504.10, 10.22, 13, 30, 66, 101, 122, 92, 63, 39, 332, 17, 19413.46, 10.78, 9.69
15:06:59, 1502.90, 10.22, 13, 30, 66, 100, 119, 91, 62, 39, 338, 17, 19430.38, 10.76, 9.69
15:07:00, 1501.40, 10.21, 13, 31, 67, 102, 119, 91, 62, 39, 346, 17, 19464.28, 10.73, 9.68
15:07:00, 1499.20, 10.22, 13, 31, 68, 103, 121, 92, 63, 39, 355, 18, 19447.32, 10.75, 9.68
15:07:01, 1498.20, 10.22, 13, 31, 67, 102, 119, 90, 62, 39, 362, 18, 19396.55, 10.80, 9.68
15:07:01, 1497.10, 10.22, 14, 31, 68, 103, 120, 91, 62, 39, 368, 19, 19447.32, 10.75, 9.68
15:07:02, 1495.80, 10.22, 14, 31, 68, 104, 123, 93, 65, 40, 376, 19, 19430.38, 10.76, 9.68
15:07:02, 1494.60, 10.22, 13, 31, 67, 101, 123, 93, 65, 40, 380, 19, 19447.32, 10.75, 9.67
15:07:02, 1493.30, 10.22, 13, 31, 67, 101, 119, 90, 63, 39, 379, 19, 19481.27, 10.71, 9.67
15:07:03, 1491.50, 10.22, 14, 32, 69, 104, 121, 92, 64, 40, 383, 19, 19430.38, 10.76, 9.68
15:07:03, 1489.20, 10.22, 14, 32, 70, 105, 123, 93, 65, 41, 389, 20, 19447.32, 10.75, 9.68
15:07:04, 1487.80, 10.22, 14, 32, 69, 104, 125, 95, 67, 42, 393, 20, 19430.38, 10.76, 9.68
15:07:04, 1486.30, 10.22, 14, 32, 69, 104, 125, 95, 67, 42, 395, 20, 19464.28, 10.73, 9.67
15:07:04, 1484.30, 10.22, 14, 32, 70, 105, 123, 94, 66, 41, 395, 20, 19447.32, 10.75, 9.67
15:07:05, 1482.40, 10.22, 14, 33, 72, 108, 124, 94, 67, 42, 397, 20, 19430.38, 10.76, 9.68
15:07:05, 1481.00, 10.22, 15, 33, 72, 108, 127, 97, 69, 43, 404, 20, 19464.28, 10.73, 9.68
15:07:06, 1479.80, 10.22, 14, 33, 71, 106, 128, 98, 70, 44, 406, 21, 19447.32, 10.75, 9.68
15:07:06, 1478.00, 10.22, 14, 33, 71, 107, 127, 97, 69, 44, 406, 21, 19413.46, 10.78, 9.68
15:07:06, 1475.80, 10.22, 15, 33, 72, 108, 128, 98, 70, 44, 409, 21, 19413.46, 10.78, 9.68
15:07:07, 1474.70, 10.22, 15, 34, 73, 109, 130, 100, 71, 45, 412, 21, 19447.32, 10.75, 9.67
15:07:07, 1473.20, 10.21, 15, 35, 74, 111, 130, 100, 72, 46, 411, 21, 19464.28, 10.73, 9.67
15:07:08, 1471.90, 10.21, 15, 35, 75, 113, 132, 102, 73, 47, 412, 21, 19430.38, 10.76, 9.67
15:07:08, 1470.20, 10.21, 15, 35, 74, 112, 133, 103, 74, 47, 412, 21, 19430.38, 10.76, 9.67
15:07:09, 1468.30, 10.21, 15, 35, 75, 113, 134, 104, 75, 48, 413, 21, 19430.38, 10.76, 9.67
15:07:09, 1467.40, 10.21, 16, 35, 75, 113, 134, 104, 75, 48, 413, 21, 19481.27, 10.71, 9.67
15:07:09, 1465.00, 10.21, 16, 37, 77, 116, 135, 105, 76, 49, 415, 21, 19447.32, 10.75, 9.67
15:07:10, 1463.30, 10.21, 16, 36, 77, 115, 138, 107, 77, 50, 420, 21, 19379.66, 10.82, 9.68
15:07:10, 1461.60, 10.21, 16, 37, 78, 116, 136, 106, 77, 50, 421, 21, 19464.28, 10.73, 9.68
15:07:11, 1459.80, 10.21, 16, 37, 79, 118, 137, 107, 77, 50, 424, 22, 19430.38, 10.76, 9.68
15:07:11, 1458.90, 10.21, 16, 37, 79, 119, 140, 110, 79, 52, 429, 22, 19464.28, 10.73, 9.67
15:07:11, 1457.20, 10.21, 16, 37, 79, 118, 140, 109, 79, 52, 429, 22, 19464.28, 10.73, 9.67
15:07:12, 1455.80, 10.21, 16, 37, 79, 118, 139, 109, 79, 52, 431, 22, 19447.32, 10.75, 9.67
15:07:12, 1454.30, 10.21, 17, 38, 80, 120, 140, 110, 80, 53, 434, 22, 19430.38, 10.76, 9.67
15:07:13, 1452.80, 10.21, 17, 38, 80, 120, 142, 112, 82, 54, 437, 22, 19464.28, 10.73, 9.67
15:07:13, 1450.20, 10.21, 17, 39, 81, 121, 141, 111, 81, 54, 442, 22, 19447.32, 10.75, 9.68
15:07:14, 1448.40, 10.21, 17, 39, 81, 122, 143, 113, 83, 55, 449, 23, 19413.46, 10.78, 9.68
15:07:14, 1446.70, 10.21, 17, 39, 81, 121, 143, 113, 83, 55, 455, 23, 19413.46, 10.78, 9.68
15:07:14, 1444.80, 10.21, 17, 39, 81, 122, 143, 113, 83, 55, 459, 23, 19430.38, 10.76, 9.68
15:07:15, 1443.70, 10.21, 17, 39, 82, 122, 146, 115, 85, 56, 465, 24, 19464.28, 10.73, 9.68
15:07:15, 1442.10, 10.21, 17, 39, 82, 122, 146, 116, 86, 57, 469, 24, 19481.27, 10.71, 9.68
15:07:16, 1440.90, 10.21, 18, 39, 82, 122, 143, 113, 84, 56, 467, 24, 19464.28, 10.73, 9.68
15:07:16, 1439.40, 10.21, 18, 40, 84, 125, 143, 113, 84, 56, 468, 24, 19464.28, 10.73, 9.68
15:07:16, 1437.70, 10.21, 18, 40, 84, 125, 145, 115, 85, 57, 467, 24, 19464.28, 10.73, 9.68
15:07:17, 1435.40, 10.21, 18, 40, 83, 123, 147, 117, 87, 58, 476, 24, 19464.28, 10.73, 9.68
15:07:17, 1433.40, 10.21, 18, 40, 84, 124, 149, 118, 89, 59, 486, 25, 19447.32, 10.75, 9.66
15:07:18, 1431.40, 10.21, 18, 40, 83, 124, 147, 117, 88, 59, 489, 25, 19464.28, 10.73, 9.66
15:07:18, 1430.20, 10.21, 18, 41, 85, 126, 149, 119, 89, 60, 494, 25, 19430.38, 10.76, 9.67
15:07:19, 1428.60, 10.21, 19, 42, 87, 128, 150, 119, 90, 60, 496, 25, 19413.46, 10.78, 9.67
15:07:19, 1426.60, 10.21, 19, 42, 87, 128, 151, 120, 91, 61, 499, 26, 19464.28, 10.73, 9.67
15:07:19, 1425.30, 10.21, 19, 41, 85, 127, 149, 119, 90, 61, 500, 26, 19464.28, 10.73, 9.67
15:07:20, 1423.70, 10.21, 19, 42, 87, 129, 151, 120, 92, 62, 504, 26, 19481.27, 10.71, 9.67
15:07:20, 1421.90, 10.21, 19, 43, 88, 130, 152, 122, 93, 63, 507, 26, 19481.27, 10.71, 9.67
15:07:21, 1419.70, 10.21, 19, 43, 89, 132, 154, 124, 94, 64, 513, 26, 19430.38, 10.76, 9.67
15:07:21, 1418.20, 10.21, 19, 43, 88, 130, 157, 126, 96, 65, 518, 26, 19464.28, 10.73, 9.67
15:07:21, 1418.40, 10.21, 19, 42, 86, 127, 153, 123, 94, 64, 514, 26, 19464.28, 10.73, 9.67
15:07:22, 1418.20, 10.21, 19, 43, 88, 131, 153, 122, 94, 64, 512, 26, 19481.27, 10.71, 9.67
15:07:22, 1418.00, 10.21, 20, 43, 88, 132, 153, 123, 94, 64, 512, 26, 19430.38, 10.76, 9.67
15:07:23, 1418.00, 10.21, 19, 42, 87, 129, 153, 123, 94, 64, 510, 26, 19481.27, 10.71, 9.67
15:07:23, 1418.20, 10.21, 19, 42, 87, 129, 155, 125, 95, 65, 510, 26, 19464.28, 10.73, 9.67
15:07:23, 1418.10, 10.21, 19, 43, 88, 131, 155, 125, 95, 65, 506, 26, 19447.32, 10.75, 9.66
15:07:24, 1418.70, 10.21, 19, 43, 88, 131, 154, 124, 94, 65, 499, 26, 19481.27, 10.71, 9.66
15:07:24, 1419.00, 10.21, 19, 43, 88, 131, 151, 122, 93, 64, 490, 25, 19464.28, 10.73, 9.66
15:07:25, 1418.50, 10.21, 20, 44, 90, 133, 152, 123, 93, 64, 485, 25, 19464.28, 10.73, 9.66
15:07:25, 1418.00, 10.21, 19, 43, 88, 131, 156, 126, 96, 66, 484, 25, 19430.38, 10.76, 9.66
15:07:26, 1415.70, 10.21, 19, 43, 89, 132, 157, 127, 97, 67, 484, 25, 19447.32, 10.75, 9.66
15:07:26, 1413.50, 10.21, 19, 43, 88, 131, 153, 124, 95, 66, 487, 25, 19481.27, 10.71, 9.66
15:07:26, 1409.40, 10.21, 20, 45, 91, 137, 160, 130, 100, 69, 503, 26, 19481.27, 10.71, 9.66
15:07:27, 1406.30, 10.21, 20, 45, 92, 136, 159, 129, 100, 70, 515, 26, 19464.28, 10.73, 9.66
15:07:27, 1404.00, 10.21, 20, 45, 92, 136, 158, 129, 100, 70, 526, 27, 19430.38, 10.76, 9.66
15:07:28, 1401.70, 10.20, 21, 45, 93, 137, 162, 131, 101, 71, 540, 28, 19430.38, 10.76, 9.66
15:07:28, 1399.00, 10.21, 21, 45, 93, 136, 161, 131, 103, 72, 551, 28, 19464.28, 10.73, 9.66
15:07:28, 1396.80, 10.21, 21, 45, 93, 135, 163, 132, 104, 73, 560, 29, 19447.32, 10.75, 9.66
15:07:29, 1394.00, 10.20, 21, 46, 93, 137, 162, 132, 105, 73, 567, 29, 19430.38, 10.76, 9.66
15:07:29, 1390.50, 10.21, 22, 48, 97, 142, 162, 132, 105, 74, 574, 30, 19498.27, 10.69, 9.66
15:07:30, 1387.90, 10.20, 22, 48, 98, 143, 166, 136, 107, 76, 584, 30, 19464.28, 10.73, 9.66
15:07:30, 1385.60, 10.21, 22, 48, 97, 141, 169, 138, 111, 78, 591, 31, 19481.27, 10.71, 9.66
15:07:31, 1383.00, 10.21, 22, 48, 97, 141, 167, 137, 109, 78, 593, 31, 19447.32, 10.75, 9.66
15:07:31, 1381.00, 10.21, 22, 48, 98, 143, 168, 138, 111, 79, 597, 31, 19464.28, 10.73, 9.66
15:07:31, 1378.30, 10.21, 23, 49, 100, 145, 170, 139, 113, 80, 604, 31, 19430.38, 10.76, 9.66
15:07:32, 1375.30, 10.21, 23, 50, 100, 146, 172, 141, 115, 82, 611, 32, 19464.28, 10.73, 9.66
15:07:32, 1372.80, 10.21, 23, 50, 101, 147, 174, 143, 117, 84, 619, 32, 19430.38, 10.76, 9.66
15:07:33, 1369.60, 10.21, 23, 50, 101, 147, 175, 145, 118, 85, 625, 32, 19481.27, 10.71, 9.66
15:07:33, 1366.80, 10.21, 24, 51, 102, 148, 175, 145, 119, 86, 628, 33, 19430.38, 10.76, 9.66
15:07:33, 1364.90, 10.21, 24, 52, 104, 151, 177, 147, 120, 88, 631, 33, 19447.32, 10.75, 9.66
15:07:34, 1361.90, 10.21, 25, 53, 106, 154, 178, 149, 122, 90, 634, 33, 19481.27, 10.71, 9.66
15:07:34, 1358.60, 10.21, 25, 54, 108, 157, 183, 154, 126, 93, 638, 33, 19481.27, 10.71, 9.66
15:07:35, 1358.90, 10.21, 25, 53, 104, 151, 177, 149, 122, 91, 625, 33, 19464.28, 10.73, 9.66
15:07:35, 1359.00, 10.21, 25, 54, 106, 155, 181, 152, 126, 93, 625, 32, 19464.28, 10.73, 9.66
15:07:35, 1357.40, 10.21, 25, 54, 107, 155, 183, 154, 126, 94, 624, 32, 19481.27, 10.71, 9.66
15:07:36, 1355.40, 10.21, 26, 55, 108, 158, 187, 158, 130, 97, 622, 32, 19464.28, 10.73, 9.66
15:07:36, 1353.60, 10.21, 25, 53, 105, 153, 184, 155, 128, 96, 618, 32, 19464.28, 10.73, 9.66
15:07:37, 1351.00, 10.21, 26, 55, 109, 158, 184, 156, 129, 97, 615, 32, 19430.38, 10.76, 9.66
15:07:37, 1347.90, 10.21, 26, 56, 110, 160, 187, 159, 132, 100, 612, 32, 19430.38, 10.76, 9.66
15:07:38, 1347.30, 10.21, 26, 55, 108, 157, 187, 160, 132, 101, 602, 31, 19447.32, 10.75, 9.66
15:07:38, 1347.10, 10.21, 26, 56, 110, 161, 188, 160, 133, 101, 590, 31, 19464.28, 10.73, 9.66
15:07:38, 1347.40, 10.21, 26, 56, 110, 161, 188, 161, 134, 102, 571, 30, 19481.27, 10.71, 9.66
15:07:39, 1346.10, 10.20, 26, 56, 109, 160, 195, 166, 138, 105, 548, 28, 19447.32, 10.75, 9.66
15:07:39, 1340.60, 10.21, 26, 54, 106, 155, 178, 155, 130, 100, 517, 27, 19498.27, 10.69, 9.66
15:07:40, 1337.60, 10.20, 27, 57, 111, 162, 194, 167, 140, 108, 543, 28, 19430.38, 10.76, 9.66
15:07:40, 1333.80, 10.20, 28, 60, 116, 169, 200, 172, 146, 113, 549, 29, 19464.28, 10.73, 9.66
15:07:40, 1330.60, 10.20, 29, 61, 118, 172, 203, 176, 149, 117, 543, 28, 19430.38, 10.76, 9.66
15:07:41, 1327.80, 10.20, 29, 61, 118, 172, 207, 179, 152, 120, 527, 28, 19396.55, 10.80, 9.66
15:07:41, 1325.30, 10.20, 30, 63, 122, 176, 210, 182, 155, 124, 503, 26, 19481.27, 10.71, 9.66
15:07:42, 1322.40, 10.20, 31, 64, 123, 178, 212, 184, 157, 126, 478, 25, 19447.32, 10.75, 9.66
15:07:42, 1320.30, 10.20, 31, 64, 123, 179, 213, 186, 158, 129, 446, 23, 19481.27, 10.71, 9.66
15:07:43, 1316.80, 10.20, 32, 65, 125, 181, 217, 191, 162, 133, 424, 22, 19464.28, 10.73, 9.66
15:07:43, 1312.90, 10.20, 32, 66, 126, 184, 218, 192, 163, 135, 398, 20, 19430.38, 10.76, 9.66
15:07:43, 1310.00, 10.20, 33, 68, 129, 188, 222, 197, 167, 139, 395, 20, 19464.28, 10.73, 9.66
15:07:44, 1307.10, 10.20, 33, 68, 129, 187, 222, 197, 168, 141, 385, 20, 19430.38, 10.76, 9.66
15:07:44, 1303.70, 10.20, 34, 69, 130, 189, 222, 198, 170, 143, 387, 20, 19464.28, 10.73, 9.66
15:07:45, 1300.30, 10.20, 35, 70, 133, 192, 225, 200, 172, 145, 403, 21, 19464.28, 10.73, 9.66
15:07:45, 1296.90, 10.21, 35, 70, 132, 191, 231, 206, 178, 151, 439, 23, 19498.27, 10.69, 9.66
15:07:45, 1292.80, 10.20, 34, 69, 130, 187, 223, 199, 174, 148, 438, 23, 19464.28, 10.73, 9.66
15:07:46, 1289.40, 10.20, 35, 72, 135, 194, 226, 202, 178, 151, 461, 24, 19498.27, 10.69, 9.66
15:07:46, 1286.00, 10.20, 36, 72, 137, 195, 230, 206, 182, 156, 484, 25, 19464.28, 10.73, 9.66
15:07:47, 1282.60, 10.21, 37, 74, 139, 199, 236, 212, 188, 162, 503, 26, 19481.27, 10.71, 9.66
15:07:47, 1279.10, 10.21, 37, 74, 139, 200, 239, 215, 191, 165, 502, 26, 19481.27, 10.71, 9.65
15:07:47, 1275.20, 10.21, 38, 76, 142, 203, 243, 220, 196, 171, 493, 26, 19498.27, 10.69, 9.65
15:07:48, 1271.90, 10.21, 38, 76, 142, 204, 242, 220, 196, 172, 457, 24, 19464.28, 10.73, 9.66
15:07:48, 1268.90, 10.21, 40, 79, 146, 210, 246, 224, 200, 177, 435, 22, 19481.27, 10.71, 9.66
15:07:49, 1265.20, 10.21, 41, 80, 149, 214, 253, 232, 207, 183, 427, 22, 19481.27, 10.71, 9.66
15:07:49, 1261.70, 10.21, 41, 81, 149, 215, 254, 233, 210, 186, 407, 21, 19447.32, 10.75, 9.66
15:07:50, 1257.40, 10.21, 42, 82, 152, 219, 259, 240, 217, 193, 409, 21, 19464.28, 10.73, 9.66
15:07:50, 1254.40, 10.21, 42, 82, 152, 218, 258, 239, 218, 194, 393, 20, 19481.27, 10.71, 9.66
15:07:50, 1251.40, 10.20, 43, 84, 155, 223, 261, 243, 223, 199, 400, 20, 19498.27, 10.69, 9.66
15:07:51, 1249.10, 10.20, 44, 85, 157, 226, 263, 246, 226, 202, 403, 20, 19447.32, 10.75, 9.66
15:07:51, 1247.10, 10.20, 44, 86, 158, 227, 266, 249, 229, 205, 411, 21, 19481.27, 10.71, 9.66
15:07:52, 1246.00, 10.21, 44, 86, 157, 226, 260, 243, 225, 202, 391, 20, 19481.27, 10.71, 9.66
15:07:52, 1242.90, 10.21, 44, 85, 156, 225, 259, 243, 225, 203, 385, 20, 19447.32, 10.75, 9.66
15:07:52, 1242.70, 10.21, 44, 84, 155, 222, 251, 234, 218, 197, 366, 19, 19447.32, 10.75, 9.66
15:07:53, 1242.70, 10.21, 45, 87, 159, 229, 264, 246, 227, 206, 418, 21, 19464.28, 10.73, 9.66
15:07:53, 1243.30, 10.20, 43, 82, 151, 216, 267, 248, 229, 208, 445, 23, 19464.28, 10.73, 9.66
15:07:54, 1243.30, 10.20, 41, 79, 144, 206, 253, 236, 218, 199, 418, 22, 19498.27, 10.69, 9.66
15:07:54, 1243.40, 10.20, 42, 80, 147, 210, 242, 225, 208, 191, 399, 21, 19464.28, 10.73, 9.66
15:07:55, 1243.70, 10.20, 42, 82, 150, 214, 241, 224, 207, 190, 404, 21, 19481.27, 10.71, 9.66
15:07:55, 1243.90, 10.21, 42, 81, 148, 211, 246, 228, 210, 193, 416, 22, 19464.28, 10.73, 9.66
15:07:55, 1243.70, 10.20, 40, 78, 143, 205, 246, 229, 211, 193, 406, 21, 19498.27, 10.69, 9.66
15:07:56, 1244.00, 10.20, 40, 77, 141, 203, 242, 225, 208, 189, 375, 19, 19498.27, 10.69, 9.66
15:07:56, 1247.60, 10.21, 40, 77, 142, 204, 232, 216, 200, 181, 328, 17, 19481.27, 10.71, 9.66
15:07:57, 1245.50, 10.21, 38, 73, 135, 195, 236, 220, 202, 182, 330, 17, 19515.29, 10.68, 9.66
15:07:57, 1238.50, 10.20, 39, 75, 138, 199, 251, 236, 220, 199, 367, 19, 19481.27, 10.71, 9.66
15:07:57, 1233.70, 10.20, 44, 86, 157, 227, 249, 235, 221, 200, 371, 19, 19464.28, 10.73, 9.65
15:07:58, 1229.10, 10.20, 45, 87, 157, 227, 257, 243, 231, 209, 396, 20, 19464.28, 10.73, 9.65
15:07:58, 1224.70, 10.20, 46, 89, 161, 233, 269, 256, 244, 222, 431, 22, 19498.27, 10.69, 9.65
15:07:59, 1221.00, 10.20, 47, 91, 163, 235, 275, 261, 250, 229, 435, 22, 19447.32, 10.75, 9.65
15:07:59, 1217.80, 10.20, 50, 96, 172, 247, 289, 275, 264, 244, 475, 24, 19498.27, 10.69, 9.65
15:07:59, 1214.90, 10.20, 52, 100, 180, 256, 301, 286, 275, 257, 518, 27, 19481.27, 10.71, 9.65
15:08:00, 1211.60, 10.20, 54, 102, 183, 259, 304, 289, 279, 263, 542, 28, 19481.27, 10.71, 9.65
15:08:00, 1207.40, 10.20, 55, 105, 187, 264, 305, 291, 282, 268, 575, 30, 19430.38, 10.76, 9.65
15:08:01, 1203.20, 10.20, 57, 108, 192, 269, 310, 296, 288, 277, 626, 33, 19481.27, 10.71, 9.65
15:08:01, 1198.60, 10.20, 58, 110, 195, 271, 321, 306, 299, 290, 688, 37, 19481.27, 10.71, 9.65
15:08:02, 1194.60, 10.20, 59, 113, 198, 275, 325, 310, 306, 298, 728, 39, 19498.27, 10.69, 9.64
15:08:02, 1191.00, 10.20, 61, 115, 203, 281, 331, 317, 314, 307, 748, 40, 19464.28, 10.73, 9.64
15:08:02, 1187.50, 10.20, 62, 116, 204, 282, 332, 319, 316, 311, 715, 38, 19481.27, 10.71, 9.64
15:08:03, 1184.10, 10.19, 63, 117, 205, 284, 333, 321, 319, 315, 674, 36, 19447.32, 10.75, 9.64
15:08:03, 1179.50, 10.20, 65, 120, 210, 291, 335, 325, 324, 322, 644, 34, 19481.27, 10.71, 9.64
15:08:04, 1175.40, 10.20, 66, 123, 213, 297, 342, 333, 334, 333, 635, 34, 19481.27, 10.71, 9.64
15:08:04, 1171.30, 10.19, 68, 125, 216, 300, 346, 339, 343, 342, 628, 33, 19481.27, 10.71, 9.64
15:08:04, 1166.70, 10.19, 68, 124, 213, 297, 343, 337, 344, 344, 606, 32, 19498.27, 10.69, 9.63
15:08:05, 1162.20, 10.20, 68, 124, 213, 296, 348, 344, 351, 355, 624, 33, 19464.28, 10.73, 9.63
15:08:05, 1158.30, 10.20, 69, 124, 212, 294, 342, 339, 348, 354, 599, 32, 19464.28, 10.73, 9.63
15:08:06, 1153.80, 10.20, 71, 128, 218, 302, 354, 351, 362, 371, 639, 34, 19481.27, 10.71, 9.63
15:08:06, 1149.50, 10.20, 73, 132, 224, 309, 355, 353, 366, 377, 645, 35, 19498.27, 10.69, 9.63
15:08:07, 1145.50, 10.20, 76, 136, 229, 315, 357, 357, 370, 385, 655, 36, 19464.28, 10.73, 9.63
15:08:07, 1141.00, 10.20, 80, 142, 238, 326, 375, 376, 392, 411, 712, 39, 19481.27, 10.71, 9.63
15:08:07, 1136.30, 10.20, 82, 145, 241, 330, 391, 393, 413, 434, 754, 41, 19464.28, 10.73, 9.63
15:08:08, 1132.20, 10.20, 87, 154, 256, 350, 398, 401, 425, 448, 755, 41, 19498.27, 10.69, 9.60
15:08:08, 1126.70, 10.20, 91, 161, 265, 362, 414, 420, 447, 475, 810, 44, 19464.28, 10.73, 9.60
15:08:09, 1122.00, 10.19, 91, 159, 260, 354, 406, 413, 443, 475, 763, 43, 19464.28, 10.73, 9.58
15:08:09, 1117.40, 10.19, 96, 167, 271, 367, 414, 423, 454, 492, 792, 45, 19481.27, 10.71, 9.58
15:08:09, 1113.00, 10.19, 100, 172, 279, 375, 426, 434, 468, 512, 850, 49, 19464.28, 10.73, 9.58
15:08:10, 1108.70, 10.19, 103, 177, 286, 380, 438, 445, 481, 535, 950, 56, 19464.28, 10.73, 9.55
15:08:10, 1103.70, 10.19, 105, 179, 287, 378, 435, 443, 480, 541, 1017, 63, 19481.27, 10.71, 9.55
15:08:11, 1098.70, 10.19, 111, 188, 300, 391, 460, 466, 512, 579, 1224, 79, 19464.28, 10.73, 9.53
15:08:11, 1093.80, 10.19, 115, 195, 308, 398, 477, 483, 538, 609, 1403, 95, 19515.29, 10.68, 9.53
15:08:11, 1090.30, 10.18, 121, 205, 323, 416, 491, 497, 557, 632, 1514, 106, 19481.27, 10.71, 9.53
15:08:12, 1085.70, 10.19, 128, 216, 338, 434, 502, 509, 573, 655, 1563, 116, 19464.28, 10.73, 9.53
15:08:12, 1080.80, 10.18, 137, 228, 354, 452, 523, 532, 599, 692, 1591, 124, 19447.32, 10.75, 9.53
15:08:13, 1075.60, 10.18, 140, 229, 354, 451, 528, 540, 607, 710, 1519, 125, 19498.27, 10.69, 9.52
15:08:13, 1071.50, 10.18, 151, 244, 373, 475, 532, 547, 616, 725, 1490, 130, 19481.27, 10.71, 9.52
15:08:14, 1067.40, 10.18, 153, 245, 373, 473, 531, 548, 618, 734, 1514, 144, 19498.27, 10.69, 9.52
15:08:14, 1061.60, 10.18, 150, 236, 357, 449, 507, 529, 599, 719, 1547, 167, 19481.27, 10.71, 9.52
15:08:14, 1056.60, 10.18, 158, 248, 372, 461, 541, 557, 647, 770, 1911, 239, 19515.29, 10.68, 9.52
15:08:15, 1051.40, 10.18, 172, 276, 407, 504, 586, 597, 710, 836, 2413, 348, 19498.27, 10.69, 9.54
15:08:15, 1045.50, 10.17, 182, 295, 424, 531, 595, 609, 735, 863, 2681, 481, 19481.27, 10.71, 9.54
15:08:16, 1038.80, 10.17, 199, 318, 450, 564, 635, 654, 797, 937, 3097, 714, 19481.27, 10.71, 9.55
15:08:16, 1033.60, 10.17, 219, 344, 478, 599, 678, 711, 863, 1022, 3567, 1050, 19464.28, 10.73, 9.55
15:08:16, 1028.00, 10.17, 238, 368, 504, 629, 684, 723, 876, 1040, 3704, 1509, 19481.27, 10.71, 9.55
15:08:17, 1026.60, 10.17, 251, 385, 519, 647, 695, 725, 890, 1042, 3716, 1763, 19532.33, 10.66, 9.57
15:08:17, 1026.20, 10.17, 246, 376, 507, 633, 688, 719, 885, 1032, 3795, 1835, 19481.27, 10.71, 9.57
15:08:18, 1026.00, 10.17, 245, 378, 507, 639, 720, 752, 926, 1090, 4110, 1991, 19498.27, 10.69, 9.60
15:08:18, 1026.20, 10.17, 252, 390, 523, 663, 713, 752, 929, 1081, 4258, 2040, 19532.33, 10.66, 9.60
15:08:19, 1026.20, 10.18, 246, 379, 507, 647, 691, 732, 906, 1050, 4173, 2015, 19515.29, 10.68, 9.60
15:08:19, 1026.20, 10.18, 241, 373, 497, 637, 683, 723, 898, 1040, 4172, 2024, 19481.27, 10.71, 9.61
15:08:19, 1025.00, 10.18, 246, 383, 510, 653, 709, 751, 932, 1080, 4389, 2108, 19515.29, 10.68, 9.61
15:08:20, 1024.60, 10.18, 247, 382, 512, 651, 700, 748, 927, 1074, 4441, 2136, 19447.32, 10.75, 9.62
15:08:20, 1024.90, 10.17, 256, 396, 529, 677, 685, 736, 912, 1055, 4429, 2136, 19481.27, 10.71, 9.62
15:08:21, 1024.90, 10.17, 251, 394, 527, 667, 751, 799, 984, 1153, 4805, 2313, 19481.27, 10.71, 9.62
15:08:21, 1025.00, 10.17, 218, 333, 446, 570, 610, 658, 786, 949, 4042, 1944, 19447.32, 10.75, 9.62
15:08:21, 1025.10, 10.17, 103, 146, 193, 245, 151, 169, 194, 265, 646, 296, 19532.33, 10.66, 9.62
