Secchi Depth (cm) = 0185
Forel Ule Scale = 08
pH Colour Scale = 99
SmartSecchi S/N = A003
Latitude (degs N) = 50.21604
Longitude (degs E) = -5.02776
Date = 2023-02-03
Time (UTC), Pressure (mbar) MS5803, Temp (deg C) MS5803, 415nm, 445nm, 480nm, 515nm, 555nm, 590nm, 630nm, 680nm, Clear, NIR, Resistance 10KTHERM, Temp (deg C) 10KTHERM, Temp (deg C) TMP117
12:01:40, 1025.40, 11.20, 529, 730, 909, 1157, 1078, 1193, 1375, 1418, 5202, 1490, 18768.28, 11.47, 10.28
12:01:40, 1025.60, 11.21, 563, 773, 975, 1244, 1182, 1328, 1508, 1612, 5864, 1793, 18735.96, 11.51, 10.28
12:01:40, 1025.40, 11.21, 560, 758, 958, 1215, 1092, 1236, 1385, 1467, 5699, 1720, 18735.96, 11.51, 10.28
12:01:41, 1025.50, 11.21, 547, 736, 931, 1170, 1113, 1256, 1403, 1498, 5802, 1776, 18719.82, 11.53, 10.28
12:01:41, 1025.60, 11.22, 584, 792, 1009, 1275, 1181, 1342, 1501, 1631, 6326, 2022, 18752.11, 11.49, 10.28
12:01:42, 1025.50, 11.22, 549, 733, 929, 1165, 1055, 1196, 1325, 1403, 5636, 1697, 18768.28, 11.47, 10.29
12:01:42, 1025.50, 11.22, 568, 769, 976, 1228, 1189, 1343, 1507, 1634, 6209, 1970, 18768.28, 11.47, 10.29
12:01:42, 1025.50, 11.22, 564, 763, 966, 1222, 1060, 1199, 1338, 1411, 5560, 1656, 18719.82, 11.53, 10.29
12:01:43, 1025.40, 11.22, 514, 685, 865, 1051, 1035, 1146, 1228, 1372, 5426, 1635, 18768.28, 11.47, 10.30
12:01:43, 1025.40, 11.22, 621, 862, 1122, 1336, 1449, 1514, 1767, 1948, 6217, 1999, 18768.28, 11.47, 10.30
12:01:44, 1025.60, 11.22, 686, 972, 1258, 1569, 1374, 1512, 1792, 1887, 6011, 1854, 18735.96, 11.51, 10.30
12:01:44, 1025.40, 11.22, 526, 736, 917, 1196, 1159, 1221, 1550, 1463, 5019, 1382, 18703.70, 11.54, 10.30
12:01:45, 1025.40, 11.22, 617, 885, 1116, 1463, 1424, 1510, 1914, 1887, 5876, 1792, 18703.70, 11.54, 10.30
12:01:45, 1025.30, 11.22, 657, 940, 1196, 1557, 1597, 1704, 2122, 2170, 6899, 2302, 18687.61, 11.56, 10.27
12:01:45, 1025.60, 11.22, 790, 1121, 1457, 1893, 1902, 2134, 2487, 2770, 9832, 3754, 18752.11, 11.49, 10.27
12:01:46, 1025.60, 11.22, 690, 877, 1168, 1451, 1224, 1455, 1525, 1671, 8127, 3040, 18752.11, 11.49, 10.26
12:01:46, 1025.60, 11.22, 637, 779, 1047, 1216, 1371, 1642, 1655, 1948, 10487, 4369, 18735.96, 11.51, 10.26
12:01:47, 1025.60, 11.22, 833, 1092, 1550, 1762, 1945, 2111, 2337, 2837, 16987, 8417, 18735.96, 11.51, 10.26
12:01:47, 1025.60, 11.22, 730, 871, 1293, 1352, 1261, 1369, 1426, 1658, 12157, 6048, 18735.96, 11.51, 10.25
12:01:47, 1025.70, 11.22, 614, 713, 1085, 1075, 1520, 1587, 1772, 2030, 14889, 7647, 18768.28, 11.47, 10.25
12:01:48, 1025.50, 11.22, 680, 857, 1286, 1325, 1457, 1398, 1748, 1830, 14346, 7613, 18735.96, 11.51, 10.23
12:01:48, 1025.50, 11.22, 568, 715, 1072, 1085, 1254, 1134, 1503, 1456, 11837, 6267, 18687.61, 11.56, 10.23
12:01:49, 1025.70, 11.22, 544, 717, 1059, 1094, 1347, 1179, 1695, 1586, 12705, 6819, 18719.82, 11.53, 10.23
12:01:49, 1025.60, 11.22, 579, 828, 1192, 1325, 1355, 1153, 1771, 1577, 12344, 6709, 18719.82, 11.53, 10.23
12:01:49, 1025.60, 11.22, 412, 565, 816, 888, 1084, 903, 1406, 1205, 9823, 5317, 18719.82, 11.53, 10.23
12:01:50, 1025.70, 11.22, 482, 668, 991, 1087, 1473, 1306, 1954, 1834, 14140, 7594, 18735.96, 11.51, 10.22
12:01:50, 1025.70, 11.22, 458, 614, 909, 971, 1145, 961, 1456, 1288, 10799, 5878, 18735.96, 11.51, 10.22
12:01:51, 1025.70, 11.22, 485, 641, 953, 986, 1314, 1149, 1659, 1564, 12687, 6878, 18735.96, 11.51, 10.22
12:01:51, 1025.70, 11.22, 508, 689, 1020, 1069, 1199, 1018, 1500, 1378, 11342, 6177, 18719.82, 11.53, 10.20
12:01:51, 1025.70, 11.22, 476, 647, 948, 983, 1210, 1037, 1492, 1410, 11303, 6150, 18687.61, 11.56, 10.20
12:01:52, 1025.60, 11.22, 487, 657, 964, 985, 1161, 992, 1409, 1344, 10886, 5986, 18719.82, 11.53, 10.20
12:01:52, 1025.60, 11.22, 472, 637, 936, 963, 1360, 1197, 1705, 1661, 12847, 6932, 18735.96, 11.51, 10.20
12:01:53, 1025.80, 11.22, 529, 730, 1060, 1109, 1218, 1045, 1497, 1422, 11414, 6225, 18671.52, 11.58, 10.20
12:01:53, 1025.60, 11.22, 506, 719, 1030, 1092, 1172, 1009, 1406, 1363, 10871, 5928, 18687.61, 11.56, 10.18
12:01:54, 1025.70, 11.22, 429, 568, 822, 828, 989, 845, 1166, 1094, 8853, 4800, 18703.70, 11.54, 10.18
12:01:54, 1025.70, 11.22, 460, 644, 924, 968, 1215, 1035, 1515, 1431, 11237, 6022, 18703.70, 11.54, 10.18
12:01:54, 1025.70, 11.22, 486, 716, 1011, 1108, 1419, 1258, 1779, 1773, 13023, 6807, 18655.46, 11.60, 10.18
12:01:55, 1025.80, 11.22, 485, 701, 991, 1054, 1027, 857, 1246, 1152, 9260, 4997, 18719.82, 11.53, 10.18
12:01:55, 1025.60, 11.22, 405, 555, 788, 811, 1108, 943, 1343, 1274, 10137, 5467, 18687.61, 11.56, 10.18
12:01:56, 1027.00, 11.22, 473, 655, 939, 970, 1170, 1008, 1411, 1374, 10836, 5868, 18687.61, 11.56, 10.18
12:01:56, 1027.80, 11.18, 520, 715, 1036, 1062, 1154, 1048, 1336, 1394, 11000, 5914, 18703.70, 11.54, 10.18
12:01:56, 1027.40, 11.12, 545, 703, 1036, 1032, 1185, 1150, 1330, 1500, 11446, 6038, 18703.70, 11.54, 9.91
12:01:57, 1026.80, 11.08, 593, 749, 1097, 1096, 1237, 1263, 1368, 1616, 11780, 6006, 18671.52, 11.58, 9.91
12:01:57, 1027.90, 11.04, 586, 718, 1053, 1053, 1188, 1241, 1306, 1554, 11320, 5659, 18703.70, 11.54, 9.73
12:01:58, 1028.30, 11.00, 587, 714, 1046, 1045, 1202, 1261, 1319, 1574, 11388, 5667, 18735.96, 11.51, 9.73
12:01:58, 1028.70, 10.97, 564, 676, 995, 983, 1126, 1181, 1227, 1451, 10756, 5302, 18655.46, 11.60, 9.73
12:01:58, 1029.40, 10.94, 531, 680, 969, 1005, 1168, 1248, 1271, 1531, 10774, 4838, 18719.82, 11.53, 9.66
12:01:59, 1029.10, 10.91, 641, 789, 1146, 1203, 1126, 1263, 1230, 1504, 10109, 4216, 18719.82, 11.53, 9.66
12:01:59, 1029.40, 10.88, 619, 755, 1082, 1162, 1246, 1450, 1418, 1751, 10328, 3870, 18687.61, 11.56, 9.65
12:02:00, 1029.20, 10.86, 597, 728, 1021, 1142, 1271, 1498, 1500, 1810, 9553, 3550, 18703.70, 11.54, 9.65
12:02:00, 1029.50, 10.85, 608, 766, 1044, 1225, 1173, 1387, 1378, 1644, 8778, 2977, 18719.82, 11.53, 9.65
12:02:00, 1030.20, 10.81, 589, 745, 1005, 1193, 1152, 1363, 1364, 1604, 8376, 2779, 18703.70, 11.54, 9.64
12:02:01, 1029.40, 10.79, 595, 751, 1028, 1202, 1120, 1325, 1324, 1532, 8008, 2590, 18703.70, 11.54, 9.64
12:02:01, 1029.80, 10.78, 630, 798, 1105, 1269, 1186, 1399, 1372, 1657, 9290, 3274, 18687.61, 11.56, 9.64
12:02:02, 1029.80, 10.77, 600, 735, 1029, 1152, 1146, 1338, 1294, 1592, 9605, 3636, 18703.70, 11.54, 9.64
12:02:02, 1029.90, 10.76, 625, 771, 1085, 1202, 1198, 1395, 1356, 1672, 10020, 3723, 18687.61, 11.56, 9.64
12:02:03, 1029.30, 10.75, 619, 759, 1080, 1174, 1164, 1349, 1304, 1606, 9962, 3770, 18703.70, 11.54, 9.64
12:02:03, 1029.60, 10.75, 598, 727, 1049, 1113, 1172, 1339, 1305, 1610, 10311, 4075, 18719.82, 11.53, 9.64
12:02:03, 1029.40, 10.74, 608, 741, 1073, 1129, 1156, 1284, 1275, 1562, 10426, 4232, 18687.61, 11.56, 9.64
12:02:04, 1029.80, 10.74, 615, 753, 1092, 1136, 1153, 1243, 1265, 1531, 10528, 4333, 18719.82, 11.53, 9.64
12:02:04, 1029.60, 10.73, 570, 688, 1014, 1025, 1115, 1170, 1211, 1437, 10322, 4540, 18703.70, 11.54, 9.64
12:02:05, 1029.70, 10.73, 591, 730, 1077, 1087, 1182, 1212, 1295, 1517, 10847, 4751, 18703.70, 11.54, 9.64
12:02:05, 1029.80, 10.73, 573, 721, 1065, 1067, 1210, 1222, 1331, 1540, 10999, 4745, 18687.61, 11.56, 9.64
12:02:05, 1029.40, 10.72, 541, 681, 1005, 994, 1133, 1118, 1241, 1402, 10452, 4775, 18768.28, 11.47, 9.65
12:02:06, 1029.60, 10.72, 558, 700, 1035, 1028, 1076, 1053, 1175, 1309, 9947, 4699, 18719.82, 11.53, 9.65
12:02:06, 1029.50, 10.71, 607, 770, 1134, 1146, 1233, 1230, 1365, 1572, 11265, 5039, 18719.82, 11.53, 9.65
12:02:07, 1029.40, 10.70, 595, 753, 1108, 1111, 1249, 1260, 1378, 1601, 11433, 5196, 18719.82, 11.53, 9.64
12:02:07, 1029.80, 10.70, 547, 683, 1014, 1003, 1173, 1170, 1288, 1475, 10767, 4853, 18719.82, 11.53, 9.64
12:02:07, 1029.60, 10.70, 565, 709, 1049, 1045, 1086, 1079, 1185, 1330, 9979, 4628, 18719.82, 11.53, 9.65
12:02:08, 1029.50, 10.70, 587, 747, 1103, 1106, 1230, 1225, 1362, 1558, 11238, 5096, 18752.11, 11.49, 9.65
12:02:08, 1029.60, 10.69, 548, 695, 1031, 1024, 1275, 1274, 1415, 1632, 11571, 5129, 18655.46, 11.60, 9.65
12:02:09, 1029.30, 10.69, 521, 654, 969, 953, 1245, 1232, 1381, 1581, 11506, 5445, 18752.11, 11.49, 9.63
12:02:09, 1029.80, 10.69, 575, 734, 1083, 1085, 1122, 1101, 1236, 1391, 10355, 4692, 18703.70, 11.54, 9.63
12:02:01, 1029.50, 10.68, 591, 738, 1088, 1090, 1138, 1133, 1245, 1420, 10559, 5011, 18735.96, 11.51, 9.63
12:02:10, 1029.70, 10.68, 610, 766, 1129, 1141, 1243, 1263, 1370, 1599, 11359, 5048, 18735.96, 11.51, 9.63
12:02:10, 1029.50, 10.68, 572, 716, 1057, 1060, 1242, 1277, 1363, 1601, 11366, 5150, 18719.82, 11.53, 9.63
12:02:11, 1029.50, 10.67, 549, 692, 1025, 1024, 1234, 1254, 1362, 1588, 11284, 5047, 18687.61, 11.56, 9.62
12:02:11, 1029.30, 10.67, 562, 708, 1047, 1043, 1190, 1184, 1315, 1509, 11009, 5132, 18768.28, 11.47, 9.62
12:02:12, 1029.70, 10.67, 589, 738, 1090, 1091, 1176, 1169, 1296, 1484, 10871, 5049, 18719.82, 11.53, 9.63
12:02:12, 1029.30, 10.67, 596, 747, 1101, 1104, 1184, 1183, 1300, 1491, 10957, 5209, 18687.61, 11.56, 9.63
12:02:12, 1029.40, 10.67, 580, 732, 1079, 1085, 1263, 1277, 1394, 1623, 11507, 5116, 18752.11, 11.49, 9.63
12:02:13, 1029.20, 10.67, 567, 714, 1055, 1053, 1240, 1252, 1370, 1584, 11381, 5313, 18719.82, 11.53, 9.61
12:02:13, 1029.50, 10.67, 564, 715, 1056, 1052, 1174, 1161, 1299, 1474, 10765, 4899, 18735.96, 11.51, 9.61
12:02:14, 1029.40, 10.67, 561, 707, 1045, 1036, 1190, 1161, 1324, 1490, 10996, 5236, 18784.47, 11.46, 9.62
12:02:14, 1029.40, 10.67, 595, 754, 1111, 1110, 1221, 1185, 1362, 1534, 11271, 5330, 18735.96, 11.51, 9.62
12:02:14, 1029.60, 10.67, 592, 748, 1104, 1102, 1203, 1171, 1332, 1502, 11114, 5304, 18671.52, 11.58, 9.62
12:02:15, 1029.50, 10.66, 584, 745, 1098, 1102, 1257, 1244, 1396, 1591, 11444, 5184, 18784.47, 11.46, 9.61
12:02:15, 1029.50, 10.66, 552, 703, 1041, 1032, 1236, 1226, 1372, 1563, 11266, 5123, 18768.28, 11.47, 9.61
12:02:16, 1029.30, 10.66, 545, 694, 1027, 1018, 1177, 1150, 1305, 1468, 10854, 5124, 18752.11, 11.49, 9.63
12:02:16, 1029.10, 10.65, 553, 701, 1037, 1031, 1181, 1143, 1311, 1470, 10982, 5335, 18752.11, 11.49, 9.63
12:02:17, 1029.60, 10.65, 608, 784, 1151, 1162, 1171, 1136, 1302, 1451, 10814, 5190, 18719.82, 11.53, 9.63
12:02:17, 1029.40, 10.65, 580, 742, 1094, 1100, 1286, 1265, 1435, 1629, 11717, 5518, 18735.96, 11.51, 9.63
12:02:17, 1029.10, 10.65, 552, 713, 1054, 1049, 1227, 1195, 1372, 1529, 11120, 5238, 18784.47, 11.46, 9.63
12:02:18, 1029.00, 10.65, 547, 708, 1044, 1040, 1229, 1181, 1380, 1527, 11237, 5461, 18752.11, 11.49, 9.63
12:02:18, 1029.20, 10.64, 551, 718, 1056, 1059, 1161, 1105, 1303, 1416, 10562, 5117, 18768.28, 11.47, 9.63
12:02:19, 1029.10, 10.64, 560, 730, 1073, 1078, 1241, 1180, 1401, 1541, 11358, 5514, 18784.47, 11.46, 9.63
12:02:19, 1029.10, 10.64, 592, 772, 1133, 1137, 1261, 1204, 1426, 1574, 11543, 5592, 18752.11, 11.49, 9.63
12:02:19, 1029.30, 10.64, 559, 723, 1064, 1063, 1265, 1213, 1425, 1584, 11543, 5471, 18768.28, 11.47, 9.63
12:02:20, 1029.00, 10.64, 564, 730, 1075, 1071, 1259, 1208, 1415, 1571, 11523, 5617, 18768.28, 11.47, 9.63
12:02:20, 1029.40, 10.64, 573, 742, 1091, 1093, 1214, 1168, 1360, 1503, 11035, 5287, 18752.11, 11.49, 9.63
12:02:21, 1029.10, 10.64, 565, 733, 1079, 1080, 1258, 1215, 1410, 1573, 11468, 5485, 18800.68, 11.44, 9.63
12:02:21, 1029.20, 10.64, 563, 730, 1074, 1076, 1229, 1175, 1374, 1521, 11305, 5599, 18735.96, 11.51, 9.63
12:02:21, 1029.30, 10.64, 585, 762, 1119, 1128, 1218, 1177, 1363, 1514, 11091, 5269, 18752.11, 11.49, 9.63
12:02:22, 1029.00, 10.64, 583, 753, 1106, 1107, 1250, 1218, 1398, 1567, 11391, 5427, 18768.28, 11.47, 9.63
12:02:22, 1029.20, 10.65, 572, 734, 1081, 1077, 1231, 1197, 1375, 1541, 11250, 5337, 18752.11, 11.49, 9.63
12:02:23, 1029.00, 10.64, 567, 718, 1053, 1052, 1328, 1296, 1487, 1708, 11954, 5864, 18735.96, 11.51, 9.63
12:02:23, 1029.20, 10.64, 576, 744, 1087, 1091, 1222, 1180, 1367, 1523, 11207, 5353, 18768.28, 11.47, 9.63
12:02:24, 1029.00, 10.64, 593, 759, 1114, 1115, 1266, 1218, 1418, 1580, 11623, 5791, 18768.28, 11.47, 9.63
12:02:24, 1029.00, 10.64, 564, 723, 1062, 1061, 1295, 1257, 1454, 1628, 11730, 5584, 18816.90, 11.42, 9.63
12:02:24, 1029.20, 10.64, 575, 753, 1104, 1105, 1198, 1145, 1340, 1466, 10841, 5334, 18784.47, 11.46, 9.63
12:02:25, 1029.00, 10.64, 560, 732, 1074, 1077, 1230, 1172, 1385, 1516, 11174, 5458, 18800.68, 11.44, 9.63
12:02:25, 1029.30, 10.64, 565, 735, 1076, 1074, 1284, 1211, 1449, 1597, 11724, 5778, 18800.68, 11.44, 9.63
12:02:26, 1029.10, 10.64, 582, 764, 1116, 1125, 1174, 1109, 1316, 1418, 10621, 5263, 18784.47, 11.46, 9.63
12:02:26, 1029.00, 10.63, 556, 726, 1059, 1067, 1293, 1222, 1466, 1598, 11735, 5786, 18816.90, 11.42, 9.64
12:02:26, 1029.20, 10.63, 560, 740, 1083, 1089, 1252, 1185, 1425, 1541, 11154, 5356, 18800.68, 11.44, 9.64
12:02:27, 1028.90, 10.63, 565, 753, 1099, 1106, 1253, 1173, 1424, 1525, 11253, 5611, 18800.68, 11.44, 9.64
12:02:27, 1029.00, 10.63, 550, 735, 1068, 1075, 1312, 1210, 1499, 1602, 11903, 5995, 18800.68, 11.44, 9.64
12:02:28, 1029.00, 10.62, 545, 740, 1074, 1093, 1250, 1149, 1431, 1510, 11183, 5540, 18816.90, 11.42, 9.64
12:02:28, 1028.80, 10.62, 550, 739, 1070, 1087, 1291, 1171, 1487, 1561, 11560, 5919, 18816.90, 11.42, 9.65
12:02:28, 1029.10, 10.62, 543, 723, 1047, 1061, 1281, 1168, 1475, 1553, 11413, 5587, 18816.90, 11.42, 9.65
12:02:29, 1028.80, 10.62, 549, 737, 1063, 1084, 1229, 1126, 1407, 1470, 10941, 5612, 18800.68, 11.44, 9.65
12:02:29, 1028.80, 10.61, 517, 689, 997, 1010, 1288, 1185, 1487, 1569, 11412, 5593, 18849.41, 11.39, 9.64
12:02:30, 1029.10, 10.61, 574, 801, 1146, 1183, 1279, 1167, 1473, 1548, 11454, 5809, 18768.28, 11.47, 9.64
12:02:30, 1028.70, 10.60, 561, 756, 1096, 1109, 1353, 1247, 1558, 1660, 12171, 6174, 18833.15, 11.40, 9.63
12:02:31, 1028.80, 10.60, 547, 771, 1094, 1136, 1273, 1168, 1459, 1543, 11482, 5747, 18816.90, 11.42, 9.63
12:02:31, 1028.80, 10.60, 546, 730, 1056, 1075, 1187, 1099, 1348, 1429, 10552, 5343, 18865.69, 11.37, 9.63
12:02:31, 1028.70, 10.59, 545, 716, 1039, 1051, 1279, 1182, 1462, 1563, 11525, 5805, 18816.90, 11.42, 9.63
12:02:32, 1028.90, 10.60, 590, 783, 1139, 1150, 1224, 1161, 1380, 1493, 10982, 5450, 18833.15, 11.40, 9.63
12:02:32, 1028.80, 10.59, 569, 750, 1092, 1103, 1258, 1191, 1419, 1540, 11337, 5695, 18800.68, 11.44, 9.63
12:02:33, 1028.80, 10.59, 575, 767, 1114, 1130, 1289, 1203, 1467, 1576, 11677, 5996, 18833.15, 11.40, 9.63
12:02:33, 1028.70, 10.59, 552, 730, 1057, 1073, 1284, 1200, 1465, 1572, 11504, 5720, 18800.68, 11.44, 9.63
12:02:33, 1028.80, 10.59, 571, 760, 1101, 1111, 1315, 1213, 1510, 1606, 11830, 6081, 18784.47, 11.46, 9.63
12:02:34, 1028.80, 10.59, 563, 762, 1102, 1123, 1265, 1176, 1445, 1533, 11249, 5606, 18800.68, 11.44, 9.63
12:02:34, 1028.70, 10.59, 544, 738, 1063, 1086, 1284, 1180, 1476, 1552, 11425, 5867, 18833.15, 11.40, 9.63
12:02:35, 1028.60, 10.59, 557, 764, 1098, 1126, 1281, 1159, 1487, 1543, 11362, 5862, 18833.15, 11.40, 9.63
12:02:35, 1028.60, 10.59, 553, 763, 1095, 1126, 1318, 1185, 1539, 1590, 11674, 6017, 18833.15, 11.40, 9.63
12:02:35, 1028.60, 10.59, 537, 739, 1054, 1083, 1322, 1166, 1563, 1582, 11671, 5950, 18833.15, 11.40, 9.63
12:02:36, 1028.90, 10.59, 539, 739, 1054, 1087, 1301, 1145, 1539, 1543, 11419, 5901, 18816.90, 11.42, 9.63
12:02:36, 1028.40, 10.59, 513, 713, 1011, 1053, 1252, 1096, 1481, 1459, 10747, 5489, 18816.90, 11.42, 9.63
12:02:37, 1028.80, 10.59, 548, 779, 1099, 1159, 1306, 1141, 1555, 1530, 11310, 5943, 18849.41, 11.39, 9.63
12:02:37, 1028.50, 10.59, 488, 688, 968, 1020, 1296, 1138, 1543, 1522, 11030, 5506, 18784.47, 11.46, 9.63
12:02:37, 1028.40, 10.59, 537, 771, 1080, 1146, 1343, 1162, 1625, 1578, 11650, 6040, 18865.69, 11.37, 9.63
12:02:38, 1028.60, 10.58, 502, 717, 1004, 1067, 1326, 1150, 1607, 1559, 11280, 5611, 18833.15, 11.40, 9.63
12:02:38, 1028.70, 10.58, 529, 765, 1067, 1141, 1335, 1149, 1639, 1562, 11513, 5894, 18833.15, 11.40, 9.64
12:02:39, 1028.40, 10.57, 502, 720, 1004, 1071, 1294, 1115, 1570, 1501, 10893, 5426, 18800.68, 11.44, 9.64
12:02:39, 1028.70, 10.57, 529, 764, 1065, 1140, 1369, 1183, 1696, 1618, 11850, 6011, 18865.69, 11.37, 9.64
12:02:40, 1028.50, 10.57, 480, 685, 953, 1017, 1305, 1122, 1599, 1522, 11117, 5495, 18833.15, 11.40, 9.63
12:02:40, 1028.50, 10.57, 535, 774, 1080, 1157, 1331, 1149, 1621, 1555, 11440, 5923, 18865.69, 11.37, 9.63
12:02:40, 1028.50, 10.57, 523, 763, 1060, 1141, 1242, 1061, 1508, 1423, 10534, 5423, 18865.69, 11.37, 9.64
12:02:41, 1028.20, 10.57, 538, 775, 1084, 1157, 1343, 1167, 1619, 1577, 11539, 5981, 18849.41, 11.39, 9.64
12:02:41, 1028.30, 10.57, 522, 749, 1046, 1112, 1274, 1096, 1545, 1479, 10965, 5711, 18865.69, 11.37, 9.64
12:02:42, 1028.40, 10.57, 529, 763, 1068, 1138, 1243, 1082, 1479, 1433, 10472, 5327, 18849.41, 11.39, 9.64
12:02:42, 1028.40, 10.57, 541, 777, 1090, 1161, 1346, 1178, 1614, 1592, 11639, 6063, 18881.99, 11.35, 9.64
12:02:42, 1028.40, 10.57, 520, 745, 1044, 1108, 1218, 1057, 1464, 1412, 10277, 5228, 18898.30, 11.33, 9.65
12:02:43, 1028.30, 10.56, 540, 774, 1088, 1156, 1361, 1201, 1627, 1626, 11785, 6060, 18865.69, 11.37, 9.65
12:02:43, 1028.10, 10.56, 547, 780, 1098, 1159, 1324, 1160, 1581, 1569, 11502, 6039, 18898.30, 11.33, 9.65
12:02:44, 1028.20, 10.57, 567, 810, 1140, 1204, 1380, 1214, 1651, 1655, 12085, 6331, 18849.41, 11.39, 9.65
12:02:44, 1027.80, 10.57, 556, 790, 1114, 1172, 1410, 1249, 1690, 1709, 12412, 6512, 18833.15, 11.40, 9.65
12:02:45, 1028.40, 10.57, 549, 780, 1099, 1153, 1361, 1199, 1627, 1636, 11988, 6329, 18865.69, 11.37, 9.65
12:02:45, 1027.90, 10.57, 537, 759, 1071, 1121, 1335, 1175, 1592, 1594, 11688, 6171, 18849.41, 11.39, 9.65
12:02:45, 1028.00, 10.57, 534, 759, 1067, 1123, 1314, 1149, 1572, 1561, 11500, 6085, 18849.41, 11.39, 9.65
12:02:46, 1028.00, 10.57, 525, 749, 1051, 1111, 1284, 1117, 1537, 1515, 11209, 5937, 18898.30, 11.33, 9.65
12:02:46, 1028.10, 10.57, 541, 781, 1093, 1163, 1270, 1099, 1531, 1489, 11003, 5821, 18849.41, 11.39, 9.65
12:02:47, 1028.10, 10.56, 539, 780, 1090, 1165, 1325, 1152, 1603, 1568, 11481, 6050, 18865.69, 11.37, 9.65
12:02:47, 1027.80, 10.57, 535, 776, 1082, 1159, 1376, 1198, 1679, 1642, 11910, 6245, 18849.41, 11.39, 9.65
12:02:47, 1028.00, 10.56, 524, 764, 1062, 1144, 1350, 1171, 1650, 1603, 11682, 6138, 18881.99, 11.35, 9.65
12:02:48, 1027.90, 10.56, 519, 759, 1053, 1139, 1324, 1144, 1628, 1564, 11448, 5997, 18881.99, 11.35, 9.64
12:02:48, 1028.40, 10.57, 518, 760, 1052, 1144, 1298, 1118, 1602, 1525, 11197, 5843, 18833.15, 11.40, 9.64
12:02:49, 1027.90, 10.57, 520, 768, 1060, 1159, 1313, 1132, 1634, 1548, 11335, 5883, 18898.30, 11.33, 9.65
12:02:49, 1028.20, 10.57, 516, 765, 1053, 1154, 1313, 1132, 1643, 1550, 11336, 5857, 18833.15, 11.40, 9.65
12:02:49, 1027.90, 10.57, 500, 734, 1012, 1102, 1305, 1125, 1637, 1541, 11276, 5819, 18898.30, 11.33, 9.65
12:02:50, 1028.00, 10.57, 505, 746, 1026, 1122, 1310, 1129, 1641, 1546, 11313, 5847, 18865.69, 11.37, 9.65
12:02:50, 1028.00, 10.57, 504, 742, 1023, 1117, 1271, 1090, 1584, 1486, 10923, 5649, 18881.99, 11.35, 9.65
12:02:51, 1027.90, 10.57, 507, 751, 1034, 1133, 1284, 1102, 1602, 1506, 11065, 5726, 18898.30, 11.33, 9.65
12:02:51, 1028.00, 10.57, 512, 760, 1045, 1148, 1306, 1124, 1635, 1539, 11266, 5821, 18898.30, 11.33, 9.65
12:02:52, 1027.90, 10.57, 509, 753, 1036, 1135, 1327, 1145, 1662, 1570, 11453, 5925, 18881.99, 11.35, 9.66
12:02:52, 1027.80, 10.57, 508, 753, 1035, 1136, 1322, 1140, 1659, 1561, 11403, 5895, 18898.30, 11.33, 9.66
12:02:52, 1028.00, 10.56, 509, 751, 1033, 1130, 1302, 1119, 1628, 1529, 11202, 5800, 18914.64, 11.31, 9.66
12:02:53, 1027.90, 10.56, 510, 753, 1036, 1132, 1311, 1128, 1639, 1542, 11273, 5843, 18865.69, 11.37, 9.66
12:02:53, 1028.00, 10.56, 511, 756, 1040, 1137, 1323, 1140, 1651, 1559, 11372, 5910, 18914.64, 11.31, 9.66
12:02:54, 1027.70, 10.57, 510, 753, 1035, 1132, 1320, 1139, 1646, 1557, 11337, 5884, 18881.99, 11.35, 9.66
12:02:54, 1027.90, 10.57, 509, 752, 1033, 1130, 1331, 1149, 1666, 1575, 11409, 5887, 18931.00, 11.30, 9.66
12:02:54, 1027.90, 10.57, 512, 758, 1040, 1142, 1306, 1125, 1632, 1535, 11134, 5721, 18931.00, 11.30, 9.66
12:02:55, 1027.90, 10.57, 520, 772, 1059, 1167, 1305, 1124, 1631, 1532, 11077, 5684, 18898.30, 11.33, 9.66
12:02:55, 1027.90, 10.56, 525, 782, 1071, 1186, 1350, 1166, 1693, 1594, 11507, 5901, 18898.30, 11.33, 9.66
12:02:56, 1027.90, 10.57, 513, 759, 1040, 1147, 1347, 1164, 1692, 1591, 11492, 5890, 18881.99, 11.35, 9.66
12:02:56, 1027.80, 10.57, 509, 755, 1034, 1143, 1355, 1172, 1713, 1606, 11597, 5926, 18865.69, 11.37, 9.66
12:02:56, 1028.00, 10.57, 508, 756, 1033, 1146, 1302, 1119, 1643, 1525, 11078, 5633, 18898.30, 11.33, 9.66
12:02:57, 1028.00, 10.56, 521, 781, 1064, 1189, 1310, 1127, 1657, 1535, 11128, 5643, 18931.00, 11.30, 9.66
12:02:57, 1027.60, 10.56, 523, 784, 1069, 1195, 1341, 1159, 1701, 1582, 11418, 5788, 18898.30, 11.33, 9.66
12:02:58, 1027.90, 10.56, 518, 776, 1057, 1182, 1369, 1187, 1741, 1626, 11687, 5926, 18898.30, 11.33, 9.66
12:02:58, 1027.70, 10.56, 510, 761, 1038, 1157, 1357, 1174, 1723, 1606, 11574, 5871, 18865.69, 11.37, 9.66
12:02:59, 1027.70, 10.56, 509, 759, 1035, 1151, 1341, 1159, 1703, 1584, 11415, 5780, 18931.00, 11.30, 9.66
12:02:59, 1027.80, 10.56, 511, 764, 1040, 1164, 1336, 1154, 1697, 1574, 11347, 5739, 18865.69, 11.37, 9.66
12:02:59, 1028.00, 10.56, 510, 764, 1038, 1163, 1321, 1140, 1682, 1552, 11184, 5634, 18947.37, 11.28, 9.66
12:03:00, 1027.80, 10.56, 509, 764, 1037, 1170, 1313, 1133, 1676, 1539, 11080, 5555, 18881.99, 11.35, 9.67
12:03:00, 1027.80, 10.56, 511, 769, 1041, 1179, 1299, 1121, 1662, 1519, 10930, 5466, 18898.30, 11.33, 9.67
12:03:01, 1027.80, 10.56, 514, 776, 1050, 1191, 1309, 1131, 1679, 1533, 11011, 5499, 18914.64, 11.31, 9.67
12:03:01, 1027.80, 10.56, 519, 785, 1061, 1208, 1326, 1148, 1704, 1558, 11158, 5568, 18914.64, 11.31, 9.67
12:03:01, 1027.80, 10.56, 512, 774, 1046, 1192, 1345, 1167, 1733, 1587, 11322, 5645, 18914.64, 11.31, 9.67
12:03:02, 1027.80, 10.56, 505, 762, 1029, 1174, 1329, 1153, 1715, 1562, 11154, 5547, 18931.00, 11.30, 9.67
12:03:02, 1027.70, 10.56, 502, 757, 1022, 1166, 1325, 1151, 1717, 1557, 11077, 5486, 18931.00, 11.30, 9.67
12:03:03, 1027.60, 10.56, 499, 754, 1015, 1165, 1305, 1132, 1692, 1526, 10850, 5357, 18898.30, 11.33, 9.67
12:03:03, 1027.70, 10.56, 505, 767, 1031, 1189, 1307, 1138, 1703, 1532, 10830, 5327, 18865.69, 11.37, 9.67
12:03:03, 1027.80, 10.56, 507, 771, 1035, 1201, 1309, 1139, 1705, 1533, 10833, 5322, 18947.37, 11.28, 9.67
12:03:04, 1027.90, 10.55, 510, 775, 1040, 1203, 1316, 1151, 1729, 1550, 10874, 5332, 18914.64, 11.31, 9.66
12:03:04, 1027.90, 10.55, 509, 776, 1041, 1210, 1350, 1184, 1777, 1598, 11161, 5467, 18881.99, 11.35, 9.66
12:03:05, 1027.80, 10.55, 502, 761, 1020, 1184, 1356, 1196, 1796, 1612, 11170, 5456, 18931.00, 11.30, 9.66
12:03:05, 1027.90, 10.55, 493, 747, 999, 1163, 1331, 1170, 1760, 1569, 10897, 5299, 18931.00, 11.30, 9.66
12:03:06, 1027.90, 10.55, 485, 731, 977, 1139, 1265, 1107, 1671, 1473, 10219, 4926, 18914.64, 11.31, 9.66
12:03:06, 1028.10, 10.55, 488, 742, 987, 1167, 1248, 1092, 1650, 1446, 9987, 4781, 18898.30, 11.33, 9.67
12:03:06, 1028.10, 10.55, 485, 736, 977, 1160, 1219, 1062, 1605, 1397, 9628, 4582, 18931.00, 11.30, 9.67
12:03:07, 1028.20, 10.55, 489, 749, 989, 1189, 1248, 1099, 1660, 1448, 9867, 4675, 18914.64, 11.31, 9.67
12:03:07, 1028.20, 10.55, 479, 731, 963, 1159, 1218, 1070, 1614, 1400, 9529, 4490, 18947.37, 11.28, 9.66
12:03:08, 1028.00, 10.55, 484, 741, 975, 1179, 1243, 1104, 1662, 1447, 9732, 4557, 18947.37, 11.28, 9.66
12:03:08, 1028.10, 10.55, 484, 744, 976, 1187, 1215, 1080, 1625, 1407, 9445, 4397, 18931.00, 11.30, 9.66
12:03:08, 1028.00, 10.55, 480, 737, 966, 1175, 1235, 1105, 1660, 1441, 9595, 4456, 18865.69, 11.37, 9.66
12:03:09, 1028.00, 10.55, 481, 737, 966, 1177, 1261, 1135, 1702, 1483, 9813, 4553, 18947.37, 11.28, 9.66
12:03:09, 1027.90, 10.55, 474, 725, 949, 1154, 1259, 1135, 1701, 1481, 9763, 4517, 18931.00, 11.30, 9.66
12:03:10, 1027.70, 10.55, 482, 740, 967, 1183, 1269, 1150, 1719, 1499, 9804, 4517, 18931.00, 11.30, 9.66
12:03:10, 1028.00, 10.55, 478, 734, 958, 1177, 1217, 1097, 1640, 1417, 9311, 4254, 18931.00, 11.30, 9.66
12:03:10, 1028.20, 10.56, 479, 736, 958, 1182, 1203, 1089, 1623, 1401, 9136, 4142, 18963.76, 11.26, 9.66
12:03:11, 1028.10, 10.56, 474, 727, 945, 1170, 1196, 1086, 1615, 1395, 9048, 4092, 18947.37, 11.28, 9.66
12:03:11, 1028.30, 10.55, 455, 694, 903, 1113, 1177, 1067, 1588, 1374, 8931, 4064, 18947.37, 11.28, 9.66
12:03:12, 1028.40, 10.56, 429, 646, 847, 1020, 1136, 1008, 1512, 1305, 8769, 4098, 18931.00, 11.30, 9.66
12:03:12, 1028.80, 10.56, 430, 639, 851, 990, 1089, 936, 1402, 1225, 8679, 4227, 18914.64, 11.31, 9.65
12:03:13, 1028.60, 10.54, 451, 667, 912, 1016, 1189, 1018, 1481, 1379, 9770, 4565, 18980.17, 11.24, 9.65
12:03:13, 1028.80, 10.54, 448, 665, 914, 999, 1142, 973, 1403, 1315, 9492, 4480, 18898.30, 11.33, 9.65
12:03:13, 1029.30, 10.53, 472, 701, 969, 1047, 1217, 1042, 1501, 1422, 10175, 4734, 18947.37, 11.28, 9.64
12:03:14, 1029.20, 10.52, 389, 574, 781, 882, 1162, 996, 1472, 1333, 9363, 4125, 18947.37, 11.28, 9.64
12:03:14, 1029.20, 10.51, 450, 670, 901, 1043, 1125, 1015, 1453, 1326, 8450, 3816, 18931.00, 11.30, 9.64
12:03:15, 1028.80, 10.50, 437, 654, 871, 1015, 1238, 1096, 1641, 1441, 9555, 4206, 18931.00, 11.30, 9.64
12:03:15, 1028.80, 10.49, 458, 702, 920, 1114, 1101, 993, 1453, 1257, 7947, 3374, 18963.76, 11.26, 9.64
12:03:15, 1028.70, 10.48, 475, 736, 960, 1180, 1142, 1049, 1530, 1323, 8169, 3388, 18931.00, 11.30, 9.64
12:03:16, 1028.90, 10.48, 460, 707, 910, 1131, 1097, 1005, 1450, 1249, 7629, 3120, 18980.17, 11.24, 9.64
12:03:16, 1028.80, 10.48, 461, 708, 909, 1138, 1140, 1073, 1544, 1330, 7936, 3216, 18849.41, 11.39, 9.65
12:03:17, 1028.70, 10.48, 444, 683, 872, 1080, 1143, 1074, 1544, 1336, 7907, 3054, 18963.76, 11.26, 9.65
12:03:17, 1028.80, 10.48, 468, 722, 924, 1158, 1097, 1037, 1486, 1275, 7525, 3020, 18980.17, 11.24, 9.65
12:03:17, 1028.80, 10.48, 471, 727, 935, 1168, 1142, 1089, 1561, 1354, 7926, 3113, 18947.37, 11.28, 9.65
12:03:18, 1028.80, 10.48, 481, 745, 957, 1194, 1147, 1080, 1554, 1343, 7992, 3216, 18980.17, 11.24, 9.65
12:03:18, 1028.70, 10.48, 478, 743, 955, 1196, 1122, 1030, 1496, 1277, 7786, 3144, 18980.17, 11.24, 9.65
12:03:19, 1028.90, 10.48, 482, 754, 967, 1221, 1171, 1081, 1572, 1353, 8265, 3381, 18947.37, 11.28, 9.65
12:03:19, 1028.90, 10.49, 473, 737, 947, 1192, 1191, 1099, 1603, 1385, 8473, 3449, 18980.17, 11.24, 9.65
12:03:20, 1028.80, 10.49, 467, 724, 927, 1164, 1206, 1117, 1627, 1413, 8653, 3658, 18898.30, 11.33, 9.65
12:03:20, 1028.80, 10.49, 461, 713, 920, 1146, 1171, 1072, 1571, 1354, 8388, 3431, 18996.60, 11.23, 9.65
12:03:20, 1028.90, 10.49, 472, 727, 943, 1160, 1186, 1084, 1591, 1377, 8597, 3690, 18931.00, 11.30, 9.65
12:03:21, 1028.80, 10.49, 462, 713, 927, 1137, 1204, 1090, 1611, 1395, 8818, 3691, 18980.17, 11.24, 9.65
12:03:21, 1028.90, 10.50, 467, 722, 939, 1159, 1170, 1049, 1551, 1336, 8553, 3678, 18963.76, 11.26, 9.65
12:03:22, 1028.80, 10.49, 467, 722, 942, 1157, 1228, 1097, 1630, 1416, 9167, 3983, 18980.17, 11.24, 9.65
12:03:22, 1028.40, 10.50, 462, 711, 925, 1140, 1244, 1118, 1656, 1443, 9333, 4167, 18947.37, 11.28, 9.65
12:03:22, 1028.10, 10.50, 472, 723, 947, 1141, 1224, 1092, 1626, 1411, 9270, 4276, 18963.76, 11.26, 9.65
12:03:23, 1028.20, 10.50, 478, 736, 964, 1162, 1235, 1097, 1636, 1424, 9461, 4386, 18980.17, 11.24, 9.65
12:03:23, 1028.30, 10.50, 465, 701, 926, 1092, 1257, 1115, 1661, 1456, 9710, 4524, 18980.17, 11.24, 9.65
12:03:24, 1028.20, 10.50, 486, 743, 986, 1163, 1264, 1115, 1668, 1466, 9942, 4735, 18963.76, 11.26, 9.64
12:03:24, 1028.20, 10.50, 477, 724, 963, 1126, 1214, 1061, 1588, 1391, 9556, 4580, 18996.60, 11.23, 9.64
12:03:24, 1028.10, 10.51, 500, 765, 1024, 1192, 1323, 1163, 1734, 1553, 10610, 5065, 18947.37, 11.28, 9.65
12:03:25, 1028.20, 10.51, 492, 745, 1000, 1149, 1242, 1081, 1615, 1432, 9977, 4829, 18996.60, 11.23, 9.65
12:03:25, 1028.10, 10.51, 494, 746, 1005, 1147, 1277, 1115, 1660, 1488, 10338, 5022, 18947.37, 11.28, 9.65
12:03:26, 1028.20, 10.51, 483, 725, 977, 1105, 1234, 1068, 1588, 1422, 10044, 4914, 18963.76, 11.26, 9.66
12:03:26, 1028.20, 10.51, 485, 722, 978, 1092, 1282, 1110, 1636, 1489, 10478, 5122, 18996.60, 11.23, 9.66
12:03:27, 1028.20, 10.51, 493, 738, 1001, 1120, 1261, 1087, 1596, 1458, 10388, 5121, 19013.05, 11.21, 9.65
12:03:27, 1028.20, 10.51, 482, 713, 972, 1074, 1273, 1100, 1606, 1480, 10520, 5178, 18963.76, 11.26, 9.65
12:03:27, 1028.30, 10.51, 496, 739, 1008, 1113, 1268, 1093, 1582, 1471, 10476, 5179, 19045.99, 11.17, 9.65
12:03:28, 1028.30, 10.51, 499, 740, 1012, 1114, 1195, 1027, 1473, 1368, 9704, 4814, 18963.76, 11.26, 9.65
12:03:28, 1028.20, 10.51, 514, 764, 1047, 1147, 1254, 1080, 1549, 1454, 10380, 5165, 19013.05, 11.21, 9.65
12:03:29, 1028.10, 10.51, 486, 714, 980, 1068, 1248, 1076, 1542, 1454, 10410, 5218, 19029.51, 11.19, 9.65
12:03:29, 1029.00, 10.51, 508, 745, 1032, 1109, 1236, 1071, 1485, 1445, 10505, 5389, 18996.60, 11.23, 9.65
12:03:29, 1028.50, 10.50, 408, 562, 783, 812, 1091, 984, 1263, 1293, 8959, 4181, 18996.60, 11.23, 9.65
12:03:30, 1029.90, 10.49, 467, 630, 891, 912, 1022, 957, 1128, 1254, 8944, 4200, 18996.60, 11.23, 9.65
12:03:30, 1029.80, 10.49, 554, 708, 1037, 1061, 999, 1064, 1093, 1308, 9240, 3720, 19029.51, 11.19, 9.65
12:03:31, 1029.90, 10.48, 564, 706, 999, 1083, 1066, 1245, 1191, 1477, 9006, 3234, 18996.60, 11.23, 9.63
12:03:31, 1030.50, 10.47, 566, 718, 1006, 1142, 1104, 1301, 1277, 1551, 8391, 2628, 19013.05, 11.21, 9.63
12:03:31, 1029.50, 10.46, 565, 722, 997, 1156, 1112, 1315, 1313, 1554, 8061, 2578, 18996.60, 11.23, 9.63
12:03:32, 1029.60, 10.46, 540, 677, 936, 1076, 978, 1143, 1118, 1334, 7525, 2460, 18980.17, 11.24, 9.63
12:03:32, 1028.70, 10.46, 548, 691, 953, 1090, 1001, 1162, 1137, 1364, 7830, 2692, 18980.17, 11.24, 9.63
12:03:33, 1029.30, 10.45, 603, 786, 1052, 1250, 1070, 1257, 1221, 1479, 8469, 3058, 19013.05, 11.21, 9.63
12:03:33, 1029.60, 10.45, 564, 708, 982, 1114, 1101, 1300, 1271, 1531, 8364, 2823, 19013.05, 11.21, 9.63
12:03:34, 1031.40, 10.45, 567, 718, 1000, 1143, 1074, 1263, 1245, 1491, 7920, 2349, 19029.51, 11.19, 9.63
12:03:34, 1032.10, 10.44, 522, 665, 935, 1069, 1054, 1238, 1225, 1464, 7706, 2146, 18996.60, 11.23, 9.63
12:03:34, 1033.90, 10.44, 494, 635, 894, 1028, 1026, 1199, 1190, 1427, 7450, 1846, 19045.99, 11.17, 9.63
12:03:35, 1035.40, 10.44, 470, 611, 854, 993, 972, 1134, 1122, 1345, 7065, 1624, 19045.99, 11.17, 9.64
12:03:35, 1036.50, 10.44, 454, 596, 825, 967, 969, 1134, 1120, 1350, 7083, 1618, 19029.51, 11.19, 9.64
12:03:36, 1038.80, 10.44, 442, 592, 820, 972, 1008, 1165, 1184, 1394, 6746, 1337, 19013.05, 11.21, 9.64
12:03:36, 1039.10, 10.44, 422, 563, 789, 926, 963, 1112, 1124, 1322, 6517, 1269, 19045.99, 11.17, 9.63
12:03:36, 1041.00, 10.43, 417, 559, 786, 924, 942, 1085, 1091, 1287, 6369, 1175, 19029.51, 11.19, 9.63
12:03:37, 1043.10, 10.44, 407, 552, 782, 920, 922, 1056, 1057, 1249, 6191, 1065, 19013.05, 11.21, 9.63
12:03:37, 1044.80, 10.43, 390, 532, 761, 890, 914, 1040, 1036, 1226, 6112, 998, 19029.51, 11.19, 9.63
12:03:38, 1046.40, 10.43, 380, 519, 753, 872, 895, 1013, 1001, 1187, 6040, 954, 19045.99, 11.17, 9.63
12:03:38, 1048.10, 10.43, 367, 503, 738, 845, 862, 968, 950, 1129, 5897, 904, 19045.99, 11.17, 9.63
12:03:38, 1049.30, 10.43, 358, 494, 729, 832, 847, 943, 927, 1102, 5812, 866, 18996.60, 11.23, 9.63
12:03:39, 1051.20, 10.43, 351, 489, 724, 827, 833, 922, 908, 1077, 5660, 810, 18963.76, 11.26, 9.64
12:03:39, 1053.10, 10.43, 334, 469, 698, 796, 826, 910, 900, 1062, 5480, 737, 19013.05, 11.21, 9.64
12:03:40, 1055.80, 10.43, 311, 440, 660, 754, 786, 861, 853, 1001, 5161, 652, 19013.05, 11.21, 9.64
12:03:40, 1057.50, 10.43, 297, 424, 639, 733, 750, 815, 810, 946, 4902, 593, 19045.99, 11.17, 9.64
12:03:41, 1060.10, 10.43, 290, 421, 636, 737, 756, 819, 816, 951, 4805, 545, 19013.05, 11.21, 9.64
12:03:41, 1062.20, 10.43, 281, 411, 624, 727, 762, 825, 824, 957, 4738, 512, 19062.50, 11.16, 9.64
12:03:41, 1064.20, 10.43, 268, 397, 608, 710, 762, 825, 824, 956, 4657, 481, 19045.99, 11.17, 9.64
12:03:42, 1065.60, 10.43, 254, 379, 585, 681, 736, 790, 789, 912, 4518, 459, 19045.99, 11.17, 9.64
12:03:42, 1066.90, 10.42, 249, 373, 577, 671, 717, 764, 767, 883, 4433, 448, 19045.99, 11.17, 9.63
12:03:43, 1068.20, 10.42, 246, 371, 575, 671, 720, 763, 770, 883, 4403, 435, 19045.99, 11.17, 9.63
12:03:43, 1069.80, 10.42, 238, 361, 562, 656, 724, 764, 775, 887, 4369, 421, 19029.51, 11.19, 9.63
12:03:43, 1072.10, 10.42, 227, 346, 542, 634, 701, 737, 748, 852, 4187, 390, 19013.05, 11.21, 9.63
12:03:44, 1075.00, 10.42, 214, 331, 521, 611, 675, 706, 718, 811, 3983, 354, 19062.50, 11.16, 9.63
12:03:44, 1077.30, 10.42, 201, 313, 495, 580, 654, 678, 691, 776, 3849, 331, 19062.50, 11.16, 9.61
12:03:45, 1078.70, 10.42, 193, 301, 478, 558, 618, 633, 648, 720, 3683, 316, 19029.51, 11.19, 9.61
12:03:45, 1081.30, 10.42, 187, 296, 471, 549, 594, 596, 620, 676, 3541, 301, 19045.99, 11.17, 9.56
12:03:45, 1084.10, 10.41, 178, 288, 463, 540, 600, 587, 629, 669, 3518, 295, 19013.05, 11.21, 9.56
12:03:46, 1085.80, 10.41, 168, 277, 446, 522, 615, 585, 654, 675, 3520, 293, 19029.51, 11.19, 9.56
12:03:46, 1088.10, 10.41, 151, 256, 411, 486, 607, 558, 663, 648, 3382, 279, 19029.51, 11.19, 9.52
12:03:47, 1090.40, 10.40, 143, 249, 395, 477, 567, 507, 631, 583, 3032, 246, 19062.50, 11.16, 9.52
12:03:47, 1092.40, 10.40, 140, 251, 396, 491, 558, 498, 633, 567, 2842, 220, 19029.51, 11.19, 9.50
12:03:48, 1094.00, 10.39, 134, 244, 381, 486, 554, 500, 641, 562, 2659, 195, 19045.99, 11.17, 9.50
12:03:48, 1096.40, 10.38, 128, 234, 363, 473, 537, 492, 624, 543, 2403, 168, 19062.50, 11.16, 9.50
12:03:48, 1099.10, 10.38, 122, 224, 345, 458, 512, 476, 595, 516, 2131, 141, 19062.50, 11.16, 9.48
12:03:49, 1101.50, 10.37, 118, 218, 335, 451, 490, 463, 568, 492, 1926, 122, 19079.02, 11.14, 9.48
12:03:49, 1104.20, 10.37, 116, 215, 330, 448, 468, 448, 539, 468, 1747, 106, 19045.99, 11.17, 9.47
12:03:50, 1105.70, 10.36, 112, 208, 321, 439, 460, 444, 527, 459, 1664, 99, 19079.02, 11.14, 9.47
12:03:50, 1107.20, 10.36, 111, 204, 317, 435, 455, 444, 522, 458, 1599, 93, 19045.99, 11.17, 9.47
12:03:50, 1109.20, 10.36, 109, 201, 313, 431, 455, 447, 521, 460, 1559, 90, 19079.02, 11.14, 9.46
12:03:51, 1111.20, 10.35, 106, 197, 307, 424, 454, 446, 518, 457, 1551, 88, 19079.02, 11.14, 9.46
12:03:51, 1113.40, 10.34, 105, 195, 304, 421, 448, 439, 509, 448, 1530, 87, 19062.50, 11.16, 9.45
12:03:52, 1115.70, 10.34, 103, 193, 302, 418, 442, 429, 500, 436, 1529, 87, 19095.57, 11.12, 9.45
12:03:52, 1116.80, 10.34, 101, 189, 298, 413, 441, 425, 497, 431, 1549, 89, 19079.02, 11.14, 9.45
12:03:52, 1119.80, 10.33, 98, 185, 293, 406, 437, 421, 491, 427, 1524, 87, 19079.02, 11.14, 9.45
12:03:53, 1123.00, 10.33, 93, 176, 281, 391, 425, 407, 475, 410, 1495, 85, 19079.02, 11.14, 9.45
12:03:53, 1125.40, 10.33, 89, 170, 272, 377, 413, 391, 458, 392, 1467, 84, 19095.57, 11.12, 9.46
12:03:54, 1127.10, 10.32, 87, 167, 269, 372, 407, 380, 447, 379, 1471, 85, 19062.50, 11.16, 9.46
12:03:54, 1129.00, 10.32, 85, 165, 267, 368, 401, 371, 437, 370, 1473, 86, 19062.50, 11.16, 9.46
12:03:55, 1130.40, 10.32, 83, 161, 263, 363, 406, 375, 443, 375, 1516, 89, 19079.02, 11.14, 9.45
12:03:55, 1131.90, 10.32, 81, 158, 259, 356, 410, 378, 447, 380, 1549, 91, 19079.02, 11.14, 9.45
12:03:55, 1133.60, 10.32, 80, 155, 255, 349, 405, 372, 440, 372, 1559, 92, 19095.57, 11.12, 9.46
12:03:56, 1135.30, 10.32, 80, 155, 257, 349, 397, 359, 427, 358, 1574, 95, 19112.12, 11.10, 9.46
12:03:56, 1137.30, 10.32, 80, 157, 262, 356, 393, 354, 419, 352, 1587, 96, 19062.50, 11.16, 9.46
12:03:57, 1139.70, 10.32, 79, 156, 261, 354, 399, 359, 423, 358, 1629, 99, 19079.02, 11.14, 9.46
12:03:57, 1142.80, 10.32, 77, 151, 256, 344, 400, 359, 419, 356, 1652, 101, 19079.02, 11.14, 9.46
12:03:57, 1144.60, 10.31, 74, 146, 249, 334, 384, 342, 399, 337, 1608, 99, 19079.02, 11.14, 9.48
12:03:58, 1146.50, 10.31, 74, 145, 248, 332, 377, 334, 388, 328, 1582, 97, 19079.02, 11.14, 9.48
12:03:58, 1148.70, 10.31, 72, 142, 244, 327, 376, 334, 385, 326, 1574, 96, 19095.57, 11.12, 9.48
12:03:59, 1150.90, 10.31, 69, 137, 236, 317, 374, 333, 382, 323, 1551, 95, 19112.12, 11.10, 9.48
12:03:59, 1153.00, 10.31, 66, 131, 227, 306, 366, 326, 374, 315, 1507, 91, 19079.02, 11.14, 9.48
12:03:59, 1155.30, 10.31, 64, 128, 222, 300, 353, 314, 360, 300, 1437, 87, 19045.99, 11.17, 9.48
12:04:00, 1157.30, 10.31, 64, 128, 222, 302, 341, 304, 348, 287, 1371, 82, 19079.02, 11.14, 9.48
12:04:00, 1160.20, 10.31, 63, 127, 221, 303, 339, 302, 345, 284, 1334, 79, 19095.57, 11.12, 9.48
12:04:01, 1162.70, 10.31, 61, 123, 214, 296, 342, 307, 349, 287, 1312, 77, 19128.70, 11.08, 9.48
12:04:01, 1164.50, 10.31, 59, 119, 208, 289, 335, 302, 342, 281, 1254, 73, 19095.57, 11.12, 9.48
12:04:02, 1166.60, 10.31, 58, 117, 203, 284, 324, 292, 330, 268, 1181, 68, 19112.12, 11.10, 9.49
12:04:02, 1168.70, 10.31, 57, 117, 203, 287, 318, 287, 321, 260, 1122, 64, 19079.02, 11.14, 9.49
12:04:02, 1171.20, 10.31, 56, 115, 200, 285, 319, 290, 321, 261, 1069, 60, 19079.02, 11.14, 9.49
12:04:03, 1173.60, 10.31, 55, 112, 195, 281, 318, 295, 321, 262, 1004, 55, 19128.70, 11.08, 9.48
12:04:03, 1175.40, 10.30, 54, 109, 189, 275, 310, 293, 311, 257, 902, 48, 19079.02, 11.14, 9.48
12:04:04, 1178.60, 10.30, 54, 110, 190, 277, 305, 292, 303, 251, 832, 43, 19062.50, 11.16, 9.49
12:04:04, 1181.20, 10.30, 54, 108, 189, 276, 310, 300, 303, 256, 776, 40, 19062.50, 11.16, 9.49
12:04:04, 1183.00, 10.30, 54, 106, 187, 273, 306, 302, 294, 257, 680, 34, 19145.30, 11.07, 9.49
12:04:05, 1185.00, 10.30, 56, 108, 192, 276, 302, 301, 283, 257, 599, 30, 19112.12, 11.10, 9.50
12:04:05, 1187.40, 10.30, 57, 109, 196, 278, 307, 305, 280, 260, 564, 28, 19095.57, 11.12, 9.50
12:04:06, 1189.70, 10.29, 57, 109, 197, 277, 316, 310, 283, 268, 550, 28, 19145.30, 11.07, 9.52
12:04:06, 1191.50, 10.29, 57, 109, 198, 274, 326, 312, 288, 274, 559, 28, 19095.57, 11.12, 9.52
12:04:06, 1193.80, 10.29, 56, 109, 197, 272, 324, 305, 287, 271, 570, 29, 19095.57, 11.12, 9.52
12:04:07, 1196.60, 10.29, 56, 109, 198, 273, 320, 298, 286, 265, 589, 30, 19128.70, 11.08, 9.52
12:04:07, 1199.70, 10.29, 54, 108, 196, 272, 320, 295, 288, 262, 617, 32, 19128.70, 11.08, 9.52
12:04:08, 1202.00, 10.28, 53, 106, 193, 270, 320, 295, 290, 260, 651, 33, 19145.30, 11.07, 9.53
12:04:08, 1204.40, 10.28, 51, 104, 189, 267, 316, 290, 287, 253, 672, 35, 19079.02, 11.14, 9.53
12:04:09, 1206.70, 10.28, 51, 104, 189, 269, 319, 292, 290, 253, 708, 37, 19145.30, 11.07, 9.53
12:04:09, 1209.20, 10.28, 51, 104, 190, 272, 318, 293, 291, 252, 736, 38, 19145.30, 11.07, 9.53
12:04:09, 1211.10, 10.28, 50, 103, 188, 271, 321, 297, 294, 255, 764, 40, 19145.30, 11.07, 9.53
12:04:10, 1213.40, 10.28, 48, 100, 182, 261, 314, 288, 285, 245, 739, 38, 19145.30, 11.07, 9.54
12:04:10, 1215.40, 10.28, 48, 98, 180, 258, 302, 275, 271, 231, 690, 36, 19161.92, 11.05, 9.54
12:04:11, 1218.30, 10.28, 47, 98, 180, 258, 291, 263, 258, 219, 642, 33, 19145.30, 11.07, 9.54
12:04:11, 1220.50, 10.28, 48, 99, 183, 263, 296, 269, 261, 223, 628, 32, 19112.12, 11.10, 9.54
12:04:11, 1222.80, 10.28, 46, 95, 177, 253, 301, 273, 262, 226, 616, 31, 19095.57, 11.12, 9.54
12:04:12, 1225.60, 10.29, 45, 91, 170, 243, 294, 267, 254, 220, 585, 30, 19128.70, 11.08, 9.55
12:04:12, 1228.40, 10.29, 44, 90, 168, 240, 294, 266, 252, 218, 578, 29, 19145.30, 11.07, 9.55
12:04:13, 1231.50, 10.28, 43, 88, 164, 234, 284, 257, 242, 208, 555, 28, 19112.12, 11.10, 9.55
12:04:13, 1234.70, 10.28, 43, 88, 165, 236, 280, 253, 238, 202, 555, 28, 19095.57, 11.12, 9.55
12:04:13, 1237.70, 10.28, 42, 87, 164, 235, 279, 250, 236, 199, 568, 29, 19161.92, 11.05, 9.55
12:04:14, 1240.20, 10.24, 42, 87, 164, 238, 279, 250, 237, 197, 593, 30, 19112.12, 11.10, 9.55
12:04:14, 1243.70, 10.24, 41, 86, 163, 237, 279, 251, 237, 196, 621, 32, 19145.30, 11.07, 9.55
12:04:15, 1246.40, 10.24, 40, 85, 162, 237, 283, 256, 241, 199, 650, 33, 19145.30, 11.07, 9.55
12:04:15, 1248.70, 10.24, 39, 83, 157, 231, 281, 254, 238, 196, 650, 33, 19145.30, 11.07, 9.55
12:04:16, 1250.80, 10.24, 39, 82, 155, 227, 271, 243, 228, 186, 616, 32, 19145.30, 11.07, 9.55
12:04:16, 1253.80, 10.24, 39, 82, 156, 229, 260, 231, 215, 174, 567, 29, 19145.30, 11.07, 9.55
12:04:16, 1255.80, 10.24, 39, 82, 158, 233, 267, 237, 219, 179, 559, 29, 19145.30, 11.07, 9.55
12:04:17, 1257.60, 10.24, 38, 80, 154, 226, 269, 240, 219, 180, 545, 28, 19145.30, 11.07, 9.55
12:04:17, 1260.60, 10.24, 37, 78, 150, 219, 267, 237, 215, 177, 524, 27, 19145.30, 11.07, 9.55
12:04:18, 1263.40, 10.24, 36, 76, 147, 215, 265, 235, 212, 175, 517, 26, 19161.92, 11.05, 9.55
12:04:18, 1266.60, 10.24, 35, 74, 145, 211, 259, 230, 207, 169, 507, 26, 19161.92, 11.05, 9.56
12:04:18, 1269.40, 10.24, 35, 75, 145, 213, 255, 225, 203, 165, 507, 26, 19145.30, 11.07, 9.56
12:04:19, 1272.40, 10.24, 35, 74, 145, 214, 253, 223, 201, 161, 521, 27, 19161.92, 11.05, 9.56
12:04:19, 1274.70, 10.24, 35, 75, 146, 217, 256, 226, 205, 163, 551, 28, 19079.02, 11.14, 9.56
12:04:20, 1277.90, 10.24, 34, 73, 143, 213, 257, 226, 205, 162, 573, 29, 19178.55, 11.03, 9.56
12:04:20, 1280.10, 10.24, 34, 72, 141, 212, 257, 228, 205, 162, 596, 31, 19161.92, 11.05, 9.57
12:04:20, 1283.70, 10.24, 33, 71, 139, 209, 251, 223, 200, 157, 589, 30, 19112.12, 11.10, 9.57
12:04:21, 1286.30, 10.24, 32, 70, 137, 206, 253, 224, 200, 157, 584, 30, 19145.30, 11.07, 9.57
12:04:21, 1289.40, 10.24, 31, 68, 134, 201, 245, 215, 191, 148, 547, 28, 19161.92, 11.05, 9.57
12:04:22, 1291.40, 10.24, 32, 69, 135, 204, 243, 213, 189, 147, 535, 27, 19195.21, 11.01, 9.57
12:04:22, 1293.60, 10.24, 31, 68, 135, 202, 241, 211, 186, 144, 522, 27, 19161.92, 11.05, 9.58
12:04:23, 1295.50, 10.28, 31, 68, 135, 202, 240, 209, 184, 143, 515, 26, 19128.70, 11.08, 9.58
12:04:23, 1297.70, 10.28, 30, 66, 132, 199, 245, 213, 187, 145, 527, 27, 19145.30, 11.07, 9.58
12:04:23, 1297.90, 10.28, 29, 63, 126, 187, 219, 186, 162, 121, 452, 23, 19161.92, 11.05, 9.58
12:04:24, 1298.40, 10.28, 29, 64, 127, 189, 229, 194, 169, 127, 470, 24, 19178.55, 11.03, 9.58
12:04:24, 1298.70, 10.28, 30, 67, 134, 197, 240, 202, 174, 131, 481, 24, 19145.30, 11.07, 9.59
12:04:25, 1298.60, 10.29, 31, 69, 137, 203, 243, 204, 175, 133, 484, 25, 19228.57, 10.98, 9.59
12:04:25, 1298.70, 10.29, 31, 70, 138, 204, 245, 206, 177, 134, 485, 25, 19161.92, 11.05, 9.59
12:04:25, 1298.60, 10.29, 31, 69, 138, 204, 244, 205, 176, 134, 483, 24, 19161.92, 11.05, 9.59
12:04:26, 1298.20, 10.29, 31, 69, 137, 202, 236, 200, 173, 132, 472, 24, 19195.21, 11.01, 9.59
12:04:26, 1297.90, 10.30, 29, 63, 126, 188, 222, 193, 169, 130, 454, 23, 19161.92, 11.05, 9.59
12:04:27, 1297.10, 10.30, 29, 63, 125, 187, 225, 196, 171, 132, 461, 23, 19178.55, 11.03, 9.59
12:04:27, 1296.60, 10.30, 30, 65, 130, 193, 235, 204, 179, 138, 492, 25, 19161.92, 11.05, 9.59
12:04:27, 1296.70, 10.30, 30, 65, 131, 195, 237, 206, 181, 140, 514, 26, 19178.55, 11.03, 9.59
12:04:28, 1296.50, 10.30, 30, 65, 130, 195, 234, 205, 180, 139, 534, 27, 19161.92, 11.05, 9.59
12:04:28, 1296.40, 10.31, 30, 65, 129, 195, 234, 206, 180, 138, 563, 29, 19178.55, 11.03, 9.59
12:04:29, 1296.40, 10.31, 30, 65, 128, 194, 230, 204, 177, 136, 589, 30, 19211.88, 11.00, 9.59
12:04:29, 1296.70, 10.31, 30, 64, 128, 193, 231, 205, 177, 136, 614, 32, 19178.55, 11.03, 9.59
12:04:30, 1296.20, 10.31, 30, 64, 129, 194, 229, 204, 175, 135, 630, 33, 19228.57, 10.98, 9.59
12:04:30, 1296.30, 10.32, 30, 64, 127, 192, 228, 203, 173, 134, 639, 33, 19211.88, 11.00, 9.59
12:04:30, 1296.30, 10.32, 30, 64, 127, 191, 227, 203, 173, 133, 643, 33, 19161.92, 11.05, 9.59
12:04:31, 1296.40, 10.31, 29, 63, 126, 190, 225, 201, 171, 132, 640, 33, 19211.88, 11.00, 9.59
12:04:31, 1296.70, 10.32, 29, 63, 125, 190, 224, 200, 170, 131, 632, 33, 19178.55, 11.03, 9.59
12:04:32, 1296.20, 10.31, 29, 63, 124, 188, 224, 200, 170, 131, 626, 32, 19178.55, 11.03, 9.59
12:04:32, 1296.50, 10.31, 29, 63, 126, 189, 224, 199, 170, 131, 618, 32, 19178.55, 11.03, 9.59
12:04:32, 1296.30, 10.31, 29, 63, 125, 188, 226, 201, 172, 132, 611, 32, 19228.57, 10.98, 9.60
12:04:33, 1295.90, 10.31, 28, 61, 122, 184, 231, 205, 177, 135, 613, 32, 19195.21, 11.01, 9.60
12:04:33, 1295.50, 10.30, 29, 62, 123, 186, 228, 203, 175, 134, 612, 32, 19228.57, 10.98, 9.60
12:04:34, 1295.40, 10.30, 29, 63, 126, 190, 227, 202, 174, 134, 610, 32, 19211.88, 11.00, 9.59
12:04:34, 1294.70, 10.30, 29, 63, 126, 190, 227, 202, 175, 134, 603, 31, 19178.55, 11.03, 9.59
12:04:34, 1294.80, 10.30, 29, 64, 126, 191, 226, 201, 174, 134, 591, 30, 19195.21, 11.01, 9.60
12:04:35, 1294.80, 10.30, 30, 64, 126, 191, 227, 202, 175, 135, 582, 30, 19178.55, 11.03, 9.60
12:04:35, 1294.60, 10.30, 30, 64, 128, 192, 229, 203, 177, 136, 576, 30, 19195.21, 11.01, 9.60
12:04:36, 1294.40, 10.30, 30, 64, 128, 192, 230, 203, 178, 136, 570, 29, 19195.21, 11.01, 9.59
12:04:36, 1294.10, 10.30, 30, 65, 128, 193, 230, 203, 178, 137, 566, 29, 19211.88, 11.00, 9.59
12:04:37, 1293.50, 10.30, 30, 64, 127, 193, 229, 203, 178, 137, 563, 29, 19228.57, 10.98, 9.60
12:04:37, 1293.00, 10.30, 30, 64, 128, 192, 230, 204, 179, 138, 563, 29, 19195.21, 11.01, 9.60
12:04:37, 1291.70, 10.30, 30, 64, 127, 192, 226, 200, 176, 135, 555, 28, 19228.57, 10.98, 9.60
12:04:38, 1290.20, 10.30, 30, 65, 128, 192, 226, 199, 176, 135, 553, 28, 19211.88, 11.00, 9.59
12:04:38, 1289.00, 10.30, 30, 65, 128, 193, 227, 201, 177, 136, 558, 29, 19245.29, 10.96, 9.59
12:04:39, 1287.60, 10.30, 30, 65, 128, 192, 230, 204, 180, 139, 575, 30, 19195.21, 11.01, 9.59
12:04:39, 1284.70, 10.30, 30, 65, 128, 193, 230, 205, 181, 141, 592, 30, 19228.57, 10.98, 9.59
12:04:39, 1281.80, 10.30, 30, 65, 128, 191, 228, 204, 181, 141, 594, 31, 19228.57, 10.98, 9.59
12:04:40, 1280.00, 10.30, 31, 66, 129, 193, 231, 207, 183, 143, 598, 31, 19195.21, 11.01, 9.59
12:04:40, 1278.30, 10.30, 31, 67, 130, 195, 233, 208, 186, 145, 592, 30, 19195.21, 11.01, 9.59
12:04:41, 1276.60, 10.30, 31, 68, 132, 197, 236, 211, 189, 148, 586, 30, 19195.21, 11.01, 9.59
12:04:41, 1275.50, 10.30, 32, 68, 133, 199, 238, 211, 190, 149, 569, 29, 19211.88, 11.00, 9.59
12:04:41, 1274.10, 10.29, 32, 69, 135, 200, 236, 209, 189, 149, 540, 28, 19228.57, 10.98, 9.59
12:04:42, 1273.10, 10.29, 32, 69, 134, 198, 237, 209, 189, 150, 509, 26, 19195.21, 11.01, 9.59
12:04:42, 1272.00, 10.29, 32, 69, 134, 197, 234, 206, 185, 148, 474, 24, 19195.21, 11.01, 9.59
12:04:43, 1270.50, 10.29, 33, 70, 136, 199, 235, 207, 185, 149, 452, 23, 19195.21, 11.01, 9.59
12:04:43, 1268.80, 10.29, 33, 70, 136, 198, 234, 207, 184, 150, 432, 22, 19195.21, 11.01, 9.59
12:04:44, 1267.10, 10.28, 34, 70, 136, 198, 237, 210, 185, 153, 429, 22, 19211.88, 11.00, 9.59
12:04:44, 1265.60, 10.29, 34, 70, 136, 196, 237, 209, 186, 153, 431, 22, 19211.88, 11.00, 9.59
12:04:44, 1263.90, 10.29, 34, 71, 138, 199, 240, 212, 190, 156, 450, 23, 19211.88, 11.00, 9.59
12:04:45, 1261.90, 10.29, 34, 72, 138, 201, 241, 213, 194, 158, 474, 24, 19211.88, 11.00, 9.59
12:04:45, 1260.50, 10.29, 35, 73, 140, 204, 245, 217, 199, 161, 506, 26, 19195.21, 11.01, 9.59
12:04:46, 1258.90, 10.29, 35, 75, 143, 209, 251, 222, 205, 166, 543, 28, 19195.21, 11.01, 9.59
12:04:46, 1257.70, 10.29, 36, 76, 146, 212, 254, 226, 209, 169, 571, 29, 19228.57, 10.98, 9.58
12:04:46, 1256.00, 10.29, 37, 77, 147, 215, 256, 228, 212, 171, 586, 30, 19245.29, 10.96, 9.58
12:04:47, 1254.00, 10.29, 37, 78, 148, 216, 261, 233, 217, 176, 597, 30, 19228.57, 10.98, 9.57
12:04:47, 1252.40, 10.29, 37, 78, 148, 215, 260, 231, 216, 175, 582, 30, 19245.29, 10.96, 9.57
12:04:48, 1249.70, 10.28, 38, 81, 153, 222, 262, 233, 219, 178, 577, 29, 19228.57, 10.98, 9.57
12:04:48, 1247.20, 10.28, 39, 82, 155, 224, 263, 235, 220, 180, 568, 29, 19228.57, 10.98, 9.56
12:04:48, 1245.30, 10.28, 40, 83, 155, 223, 265, 236, 222, 182, 562, 28, 19145.30, 11.07, 9.56
12:04:49, 1243.40, 10.28, 40, 84, 157, 225, 267, 237, 223, 184, 563, 28, 19228.57, 10.98, 9.56
12:04:49, 1241.60, 10.28, 41, 85, 159, 228, 272, 243, 229, 190, 580, 29, 19228.57, 10.98, 9.56
12:04:50, 1239.90, 10.25, 41, 85, 159, 228, 273, 243, 231, 191, 585, 30, 19245.29, 10.96, 9.56
12:04:50, 1237.80, 10.28, 42, 86, 161, 231, 277, 248, 235, 196, 596, 30, 19245.29, 10.96, 9.56
12:04:51, 1236.50, 10.28, 42, 87, 161, 231, 278, 248, 237, 197, 597, 30, 19245.29, 10.96, 9.56
12:04:51, 1234.80, 10.28, 42, 88, 163, 234, 277, 248, 236, 197, 595, 30, 19211.88, 11.00, 9.56
12:04:51, 1232.20, 10.24, 43, 89, 165, 236, 278, 249, 239, 199, 594, 30, 19228.57, 10.98, 9.56
12:04:52, 1230.20, 10.24, 43, 89, 165, 235, 278, 249, 239, 200, 586, 30, 19228.57, 10.98, 9.56
12:04:52, 1228.40, 10.24, 44, 90, 166, 236, 279, 250, 240, 202, 588, 30, 19228.57, 10.98, 9.55
12:04:53, 1226.30, 10.24, 44, 92, 168, 239, 281, 253, 244, 205, 600, 30, 19245.29, 10.96, 9.55
12:04:53, 1224.60, 10.28, 45, 93, 170, 242, 284, 256, 248, 209, 619, 31, 19228.57, 10.98, 9.56
12:04:53, 1222.40, 10.28, 45, 94, 171, 244, 287, 258, 251, 212, 634, 32, 19211.88, 11.00, 9.56
12:04:54, 1220.90, 10.28, 46, 95, 174, 248, 289, 261, 255, 215, 649, 33, 19278.76, 10.92, 9.56
12:04:54, 1219.20, 10.28, 47, 96, 175, 250, 294, 267, 261, 221, 660, 34, 19245.29, 10.96, 9.55
12:04:55, 1216.80, 10.28, 47, 97, 176, 251, 300, 272, 267, 228, 663, 34, 19228.57, 10.98, 9.55
12:04:55, 1214.50, 10.24, 47, 96, 174, 246, 294, 266, 261, 223, 629, 32, 19228.57, 10.98, 9.55
12:04:55, 1212.50, 10.24, 48, 97, 176, 248, 293, 264, 260, 223, 611, 31, 19228.57, 10.98, 9.55
12:04:56, 1209.60, 10.24, 48, 98, 178, 249, 295, 267, 263, 227, 609, 31, 19245.29, 10.96, 9.55
12:04:56, 1207.60, 10.24, 49, 100, 180, 251, 296, 268, 264, 229, 610, 31, 19228.57, 10.98, 9.55
12:04:57, 1204.90, 10.24, 50, 101, 182, 253, 298, 270, 267, 232, 614, 31, 19228.57, 10.98, 9.55
12:04:57, 1203.00, 10.24, 51, 103, 185, 257, 298, 270, 267, 232, 616, 31, 19228.57, 10.98, 9.55
12:04:58, 1200.80, 10.24, 53, 106, 190, 264, 307, 280, 278, 244, 642, 33, 19195.21, 11.01, 9.55
12:04:58, 1198.90, 10.24, 53, 106, 189, 263, 311, 283, 283, 248, 653, 33, 19245.29, 10.96, 9.55
12:04:58, 1196.80, 10.24, 53, 107, 190, 264, 312, 284, 284, 250, 650, 33, 19195.21, 11.01, 9.55
12:04:59, 1194.60, 10.24, 54, 108, 191, 265, 311, 283, 284, 250, 638, 32, 19245.29, 10.96, 9.55
12:04:59, 1192.00, 10.24, 55, 109, 194, 268, 313, 285, 286, 254, 631, 32, 19245.29, 10.96, 9.55
12:05:00, 1189.50, 10.24, 56, 111, 196, 268, 317, 290, 291, 261, 632, 32, 19245.29, 10.96, 9.55
12:05:00, 1187.10, 10.24, 57, 112, 199, 272, 321, 294, 294, 266, 637, 32, 19262.02, 10.94, 9.55
12:05:00, 1184.60, 10.24, 58, 114, 201, 275, 326, 298, 299, 271, 643, 33, 19228.57, 10.98, 9.54
12:05:01, 1182.10, 10.24, 60, 117, 205, 278, 326, 298, 300, 273, 639, 32, 19228.57, 10.98, 9.54
12:05:01, 1180.00, 10.24, 61, 119, 209, 282, 326, 299, 300, 276, 631, 32, 19245.29, 10.96, 9.55
12:05:02, 1178.10, 10.24, 63, 122, 213, 288, 331, 305, 306, 284, 634, 32, 19262.02, 10.94, 9.55
12:05:02, 1175.50, 10.24, 64, 122, 214, 288, 337, 311, 312, 292, 636, 32, 19295.53, 10.91, 9.55
12:05:02, 1173.40, 10.24, 64, 123, 215, 287, 338, 313, 312, 295, 626, 32, 19262.02, 10.94, 9.55
12:05:03, 1170.80, 10.24, 66, 126, 220, 293, 343, 318, 316, 302, 630, 32, 19245.29, 10.96, 9.55
12:05:03, 1168.40, 10.25, 68, 128, 223, 296, 348, 325, 322, 310, 637, 32, 19295.53, 10.91, 9.55
12:05:04, 1165.10, 10.28, 70, 131, 227, 300, 357, 334, 332, 322, 648, 33, 19262.02, 10.94, 9.55
12:05:04, 1163.40, 10.28, 71, 131, 227, 299, 350, 328, 323, 316, 624, 32, 19211.88, 11.00, 9.55
12:05:05, 1161.20, 10.28, 74, 137, 235, 310, 353, 333, 325, 321, 620, 31, 19278.76, 10.92, 9.53
12:05:05, 1159.10, 10.28, 75, 138, 238, 311, 356, 338, 326, 325, 616, 31, 19228.57, 10.98, 9.53
12:05:05, 1156.60, 10.28, 77, 139, 239, 313, 357, 341, 327, 327, 612, 31, 19262.02, 10.94, 9.54
12:05:06, 1153.60, 10.28, 78, 141, 241, 314, 363, 348, 334, 337, 620, 32, 19245.29, 10.96, 9.54
12:05:06, 1151.40, 10.28, 79, 142, 243, 316, 363, 349, 335, 340, 617, 31, 19262.02, 10.94, 9.54
12:05:07, 1148.50, 10.28, 82, 147, 250, 324, 370, 357, 343, 349, 631, 32, 19295.53, 10.91, 9.52
12:05:07, 1145.70, 10.28, 84, 151, 255, 330, 371, 358, 344, 352, 634, 32, 19228.57, 10.98, 9.52
12:05:07, 1142.80, 10.28, 87, 155, 261, 336, 379, 367, 353, 363, 648, 33, 19295.53, 10.91, 9.52
12:05:08, 1140.60, 10.28, 89, 157, 263, 338, 382, 371, 357, 368, 653, 34, 19262.02, 10.94, 9.52
12:05:08, 1136.60, 10.28, 91, 160, 268, 342, 386, 376, 362, 377, 658, 34, 19295.53, 10.91, 9.52
12:05:09, 1133.40, 10.28, 95, 165, 275, 350, 392, 383, 369, 386, 671, 35, 19228.57, 10.98, 9.52
12:05:09, 1130.40, 10.28, 99, 171, 283, 359, 412, 403, 391, 412, 715, 37, 19245.29, 10.96, 9.52
12:05:09, 1127.40, 10.28, 102, 175, 289, 364, 422, 413, 403, 426, 734, 38, 19312.32, 10.89, 9.51
12:05:10, 1124.80, 10.28, 106, 182, 300, 377, 429, 422, 412, 438, 748, 39, 19228.57, 10.98, 9.51
12:05:10, 1122.30, 10.28, 110, 188, 308, 386, 439, 433, 423, 453, 763, 40, 19312.32, 10.89, 9.51
12:05:11, 1118.80, 10.25, 113, 191, 312, 391, 440, 436, 425, 457, 771, 40, 19262.02, 10.94, 9.51
12:05:11, 1115.00, 10.24, 118, 199, 322, 401, 450, 449, 437, 474, 788, 42, 19278.76, 10.92, 9.51
12:05:12, 1111.60, 10.24, 122, 202, 326, 405, 451, 453, 439, 479, 790, 42, 19295.53, 10.91, 9.50
12:05:12, 1108.90, 10.24, 127, 210, 335, 416, 448, 451, 437, 474, 809, 43, 19262.02, 10.94, 9.50
12:05:12, 1106.10, 10.24, 127, 208, 330, 411, 447, 458, 440, 477, 826, 44, 19262.02, 10.94, 9.50
12:05:13, 1102.90, 10.24, 131, 213, 336, 421, 456, 476, 457, 494, 879, 47, 19278.76, 10.92, 9.49
12:05:13, 1099.90, 10.24, 131, 212, 333, 422, 447, 475, 457, 487, 906, 49, 19295.53, 10.91, 9.49
12:05:14, 1095.70, 10.24, 138, 222, 344, 440, 461, 497, 484, 509, 1020, 55, 19245.29, 10.96, 9.49
12:05:14, 1092.90, 10.24, 144, 233, 357, 462, 467, 507, 503, 522, 1095, 60, 19295.53, 10.91, 9.49
12:05:14, 1089.30, 10.24, 149, 242, 366, 478, 488, 530, 539, 547, 1245, 69, 19245.29, 10.96, 9.49
12:05:15, 1085.50, 10.24, 156, 251, 376, 492, 502, 547, 564, 565, 1346, 77, 19295.53, 10.91, 9.47
12:05:15, 1082.80, 10.23, 160, 257, 382, 500, 504, 552, 574, 570, 1394, 82, 19312.32, 10.89, 9.47
12:05:16, 1079.40, 10.24, 164, 263, 387, 507, 505, 556, 581, 578, 1412, 86, 19312.32, 10.89, 9.47
12:05:16, 1075.30, 10.23, 175, 276, 404, 527, 518, 573, 598, 599, 1474, 93, 19295.53, 10.91, 9.47
12:05:16, 1072.10, 10.24, 189, 295, 429, 555, 555, 616, 640, 656, 1591, 104, 19295.53, 10.91, 9.47
12:05:17, 1068.70, 10.24, 198, 306, 443, 569, 569, 635, 653, 684, 1606, 109, 19312.32, 10.89, 9.47
12:05:17, 1065.10, 10.24, 217, 332, 476, 608, 589, 660, 677, 713, 1725, 125, 19295.53, 10.91, 9.47
12:05:18, 1063.30, 10.23, 225, 342, 487, 619, 594, 669, 684, 723, 1764, 134, 19262.02, 10.94, 9.47
12:05:18, 1059.90, 10.23, 225, 338, 480, 610, 585, 662, 675, 717, 1732, 138, 19295.53, 10.91, 9.47
12:05:19, 1054.10, 10.23, 239, 351, 495, 624, 627, 712, 731, 784, 1959, 183, 19262.02, 10.94, 9.47
12:05:19, 1051.10, 10.23, 263, 382, 532, 664, 663, 758, 766, 845, 2069, 212, 19262.02, 10.94, 9.46
12:05:19, 1046.90, 10.22, 279, 396, 549, 676, 664, 762, 760, 848, 2056, 235, 19295.53, 10.91, 9.46
12:05:20, 1044.40, 10.22, 307, 431, 591, 727, 676, 780, 776, 867, 2135, 260, 19278.76, 10.92, 9.48
12:05:20, 1041.40, 10.22, 326, 453, 616, 758, 712, 827, 829, 924, 2362, 312, 19278.76, 10.92, 9.48
12:05:21, 1036.10, 10.22, 337, 458, 618, 759, 700, 825, 827, 911, 2427, 382, 19262.02, 10.94, 9.48
12:05:21, 1032.80, 10.22, 386, 514, 680, 836, 764, 906, 915, 1005, 2830, 536, 19312.32, 10.89, 9.51
12:05:21, 1031.00, 10.22, 410, 541, 711, 871, 796, 950, 957, 1060, 2978, 647, 19295.53, 10.91, 9.51
12:05:22, 1029.30, 10.22, 427, 561, 728, 901, 813, 974, 995, 1088, 3131, 768, 19295.53, 10.91, 9.56
12:05:22, 1028.60, 10.22, 434, 573, 733, 919, 810, 970, 1023, 1065, 3345, 895, 19312.32, 10.89, 9.56
12:05:23, 1027.70, 10.22, 451, 597, 765, 965, 849, 1013, 1084, 1125, 3649, 1089, 19295.53, 10.91, 9.56
12:05:23, 1027.50, 10.22, 443, 587, 751, 953, 813, 968, 1051, 1055, 3603, 1092, 19295.53, 10.91, 9.57
12:05:23, 1026.90, 10.23, 427, 568, 723, 923, 799, 952, 1042, 1038, 3583, 1103, 19278.76, 10.92, 9.57
12:05:24, 1025.00, 10.23, 412, 550, 699, 896, 784, 930, 1031, 1013, 3589, 1122, 19262.02, 10.94, 9.58
12:05:24, 1025.40, 10.23, 381, 516, 647, 846, 705, 814, 946, 872, 3436, 1093, 19278.76, 10.92, 9.58
12:05:25, 1025.30, 10.24, 363, 501, 624, 837, 719, 794, 992, 852, 3916, 1321, 19295.53, 10.91, 9.58
12:05:25, 1025.40, 10.24, 392, 560, 694, 945, 857, 882, 1209, 972, 5500, 2183, 19329.13, 10.87, 9.59
12:05:26, 1025.20, 10.28, 413, 590, 750, 998, 964, 976, 1360, 1159, 6403, 2735, 19278.76, 10.92, 9.59
12:05:26, 1025.40, 10.28, 370, 558, 700, 910, 758, 690, 1016, 797, 5108, 2135, 19329.13, 10.87, 9.60
12:05:26, 1025.30, 10.29, 347, 502, 654, 786, 842, 762, 1105, 949, 6631, 3072, 19312.32, 10.89, 9.60
12:05:27, 1025.30, 10.29, 430, 603, 845, 928, 1129, 1052, 1326, 1376, 10132, 5155, 19329.13, 10.87, 9.60
12:05:27, 1025.30, 10.30, 559, 665, 950, 992, 1065, 1236, 1222, 1452, 8251, 3286, 19312.32, 10.89, 9.59
12:05:28, 1025.30, 10.31, 621, 829, 1079, 1311, 1251, 1346, 1567, 1636, 5374, 1494, 19278.76, 10.92, 9.59
12:05:28, 1025.50, 10.31, 599, 828, 1066, 1258, 1235, 1238, 1482, 1552, 3665, 855, 19295.53, 10.91, 9.59
12:05:28, 1025.30, 10.31, 423, 561, 735, 844, 720, 743, 823, 826, 3440, 948, 19295.53, 10.91, 9.59
12:05:29, 1025.30, 10.32, 459, 618, 772, 900, 833, 875, 1031, 943, 5149, 1496, 19245.29, 10.96, 9.59
