Secchi Depth (cm) = 0400
Forel Ule Scale = 08
pH Colour Scale = 99
SmartSecchi S/N = A003
Latitude (degs N) = 50.21601
Longitude (degs E) = -5.02771
Date = 2023-02-03
Time (UTC), Pressure (mbar) MS5803, Temp (deg C) MS5803, 415nm, 445nm, 480nm, 515nm, 555nm, 590nm, 630nm, 680nm, Clear, NIR, Resistance 10KTHERM, Temp (deg C) 10KTHERM, Temp (deg C) TMP117
15:30:49, 1025.20, 10.37, 56, 69, 103, 119, 130, 142, 159, 190, 1071, 682, 19145.30, 11.07, 10.59
15:30:49, 1025.30, 10.38, 56, 69, 103, 119, 130, 142, 159, 190, 1071, 681, 19128.70, 11.08, 10.59
15:30:49, 1025.30, 10.38, 56, 69, 103, 119, 130, 142, 159, 190, 1072, 682, 19095.57, 11.12, 10.58
15:30:50, 1025.30, 10.39, 56, 69, 103, 120, 130, 143, 160, 190, 1073, 682, 19112.12, 11.10, 10.58
15:30:50, 1025.40, 10.39, 56, 70, 103, 120, 131, 143, 160, 191, 1076, 682, 19145.30, 11.07, 10.59
15:30:51, 1025.10, 10.39, 56, 70, 104, 120, 131, 143, 161, 191, 1077, 679, 19128.70, 11.08, 10.59
15:30:51, 1025.20, 10.39, 56, 70, 103, 120, 131, 143, 160, 191, 1076, 679, 19112.12, 11.10, 10.59
15:30:51, 1025.40, 10.40, 56, 70, 103, 120, 130, 142, 159, 190, 1072, 680, 19128.70, 11.08, 10.58
15:30:52, 1025.30, 10.40, 56, 69, 103, 119, 129, 142, 159, 189, 1067, 680, 19079.02, 11.14, 10.58
15:30:52, 1025.40, 10.40, 56, 69, 102, 119, 129, 142, 158, 189, 1066, 679, 19128.70, 11.08, 10.59
15:30:53, 1025.40, 10.40, 56, 69, 102, 119, 129, 141, 158, 189, 1066, 680, 19112.12, 11.10, 10.59
15:30:53, 1025.40, 10.40, 55, 69, 102, 119, 129, 141, 158, 188, 1064, 678, 19095.57, 11.12, 10.59
15:30:54, 1025.30, 10.40, 55, 69, 102, 118, 129, 141, 158, 188, 1064, 679, 19128.70, 11.08, 10.59
15:30:54, 1025.20, 10.40, 55, 69, 102, 118, 129, 141, 158, 188, 1064, 679, 19128.70, 11.08, 10.59
15:30:54, 1025.30, 10.40, 55, 69, 102, 118, 129, 141, 158, 188, 1064, 679, 19095.57, 11.12, 10.60
15:30:55, 1025.40, 10.40, 55, 69, 102, 118, 129, 141, 158, 188, 1064, 679, 19095.57, 11.12, 10.60
15:30:55, 1025.40, 10.41, 55, 69, 102, 118, 129, 141, 158, 188, 1064, 679, 19112.12, 11.10, 10.60
15:30:56, 1025.30, 10.41, 55, 69, 102, 118, 129, 141, 158, 189, 1066, 678, 19095.57, 11.12, 10.59
15:30:56, 1025.30, 10.40, 56, 69, 103, 119, 129, 142, 159, 189, 1070, 678, 19079.02, 11.14, 10.59
15:30:56, 1025.40, 10.41, 55, 69, 102, 119, 129, 141, 158, 188, 1066, 674, 19112.12, 11.10, 10.61
15:30:57, 1025.40, 10.41, 55, 69, 102, 119, 129, 141, 158, 188, 1066, 677, 19095.57, 11.12, 10.61
15:30:57, 1025.20, 10.41, 55, 69, 102, 118, 129, 141, 157, 188, 1063, 675, 19079.02, 11.14, 10.61
15:30:58, 1025.40, 10.41, 55, 68, 102, 118, 128, 141, 157, 188, 1062, 677, 19128.70, 11.08, 10.60
15:30:58, 1025.30, 10.41, 55, 68, 102, 118, 128, 141, 157, 188, 1062, 677, 19045.99, 11.17, 10.60
15:30:58, 1025.20, 10.41, 55, 68, 102, 118, 128, 140, 157, 187, 1061, 677, 19095.57, 11.12, 10.60
15:30:59, 1025.30, 10.41, 55, 68, 102, 118, 128, 140, 157, 187, 1061, 677, 19095.57, 11.12, 10.60
15:30:59, 1025.20, 10.42, 55, 68, 102, 118, 128, 140, 157, 187, 1061, 677, 19112.12, 11.10, 10.60
15:31:00, 1025.40, 10.42, 55, 68, 102, 118, 128, 140, 157, 187, 1061, 677, 19112.12, 11.10, 10.60
15:31:00, 1025.50, 10.42, 55, 68, 102, 118, 128, 140, 157, 187, 1061, 677, 19095.57, 11.12, 10.60
15:31:01, 1025.30, 10.42, 55, 68, 102, 118, 128, 140, 157, 187, 1061, 677, 19095.57, 11.12, 10.61
15:31:01, 1025.20, 10.42, 55, 68, 101, 118, 128, 140, 157, 187, 1060, 675, 19095.57, 11.12, 10.61
15:31:01, 1025.20, 10.42, 55, 68, 101, 118, 128, 140, 157, 187, 1060, 675, 19128.70, 11.08, 10.61
15:31:02, 1025.30, 10.42, 55, 68, 101, 118, 128, 140, 157, 187, 1059, 676, 19095.57, 11.12, 10.60
15:31:02, 1025.10, 10.42, 55, 68, 101, 117, 128, 140, 157, 187, 1059, 676, 19128.70, 11.08, 10.60
15:31:03, 1025.30, 10.42, 55, 68, 101, 117, 128, 140, 157, 187, 1059, 676, 19079.02, 11.14, 10.61
15:31:03, 1025.40, 10.42, 55, 68, 100, 117, 128, 140, 156, 187, 1059, 676, 19095.57, 11.12, 10.61
15:31:03, 1025.30, 10.42, 55, 68, 101, 117, 128, 140, 156, 187, 1059, 676, 19095.57, 11.12, 10.61
15:31:04, 1025.30, 10.42, 55, 68, 101, 117, 128, 140, 157, 187, 1059, 676, 19079.02, 11.14, 10.62
15:31:04, 1025.20, 10.43, 55, 68, 101, 117, 128, 140, 157, 187, 1060, 675, 19079.02, 11.14, 10.62
15:31:05, 1025.20, 10.43, 55, 68, 101, 117, 128, 140, 157, 187, 1059, 676, 19128.70, 11.08, 10.62
15:31:05, 1025.20, 10.43, 55, 68, 101, 117, 128, 140, 157, 187, 1059, 675, 19079.02, 11.14, 10.62
15:31:05, 1025.30, 10.43, 55, 68, 101, 117, 128, 140, 157, 187, 1060, 675, 19145.30, 11.07, 10.62
15:31:06, 1025.20, 10.43, 55, 68, 101, 117, 128, 140, 157, 187, 1060, 676, 19062.50, 11.16, 10.62
15:31:06, 1025.30, 10.43, 55, 68, 101, 117, 128, 140, 157, 187, 1059, 676, 19045.99, 11.17, 10.62
15:31:07, 1025.20, 10.43, 55, 68, 101, 117, 128, 140, 156, 187, 1059, 676, 19095.57, 11.12, 10.62
15:31:07, 1025.30, 10.43, 55, 68, 101, 117, 128, 140, 156, 187, 1059, 676, 19095.57, 11.12, 10.62
15:31:08, 1025.10, 10.43, 55, 68, 101, 117, 128, 140, 156, 186, 1059, 675, 19112.12, 11.10, 10.62
15:31:08, 1025.30, 10.43, 55, 68, 101, 117, 128, 140, 156, 186, 1059, 676, 19079.02, 11.14, 10.61
15:31:08, 1025.10, 10.44, 55, 68, 101, 117, 128, 140, 156, 186, 1059, 675, 19079.02, 11.14, 10.61
15:31:09, 1025.40, 10.43, 55, 68, 101, 117, 128, 140, 156, 186, 1059, 676, 19045.99, 11.17, 10.62
15:31:09, 1025.30, 10.43, 55, 68, 101, 117, 128, 140, 156, 186, 1059, 675, 19045.99, 11.17, 10.62
15:31:10, 1025.40, 10.44, 55, 68, 101, 117, 128, 140, 156, 186, 1058, 676, 19095.57, 11.12, 10.62
15:31:10, 1025.20, 10.44, 55, 68, 101, 117, 127, 139, 156, 186, 1057, 675, 19095.57, 11.12, 10.62
15:31:10, 1025.40, 10.43, 55, 68, 101, 117, 127, 139, 156, 186, 1057, 675, 19112.12, 11.10, 10.62
15:31:11, 1025.30, 10.44, 55, 68, 101, 117, 127, 140, 156, 186, 1058, 676, 19079.02, 11.14, 10.63
15:31:11, 1025.30, 10.44, 55, 68, 101, 117, 128, 140, 156, 186, 1060, 677, 19062.50, 11.16, 10.63
15:31:12, 1025.20, 10.44, 55, 68, 101, 117, 128, 140, 156, 186, 1060, 677, 19062.50, 11.16, 10.63
15:31:12, 1025.30, 10.44, 55, 68, 101, 117, 128, 140, 157, 187, 1061, 677, 19095.57, 11.12, 10.63
15:31:12, 1025.30, 10.44, 55, 68, 101, 117, 128, 140, 157, 187, 1062, 676, 19079.02, 11.14, 10.63
15:31:13, 1025.50, 10.44, 55, 68, 101, 117, 128, 140, 157, 187, 1062, 676, 19079.02, 11.14, 10.63
15:31:13, 1025.20, 10.44, 55, 68, 101, 118, 128, 140, 157, 187, 1062, 678, 19079.02, 11.14, 10.63
15:31:14, 1025.30, 10.44, 55, 68, 101, 118, 128, 140, 157, 187, 1062, 678, 19045.99, 11.17, 10.63
15:31:14, 1025.50, 10.45, 55, 68, 101, 118, 128, 140, 157, 187, 1063, 678, 19079.02, 11.14, 10.63
15:31:15, 1025.30, 10.45, 55, 68, 101, 118, 128, 140, 157, 187, 1062, 678, 19079.02, 11.14, 10.63
15:31:15, 1025.30, 10.45, 55, 68, 101, 118, 128, 140, 157, 187, 1063, 678, 19079.02, 11.14, 10.64
15:31:15, 1025.30, 10.45, 55, 68, 101, 118, 128, 140, 157, 187, 1063, 678, 19062.50, 11.16, 10.64
15:31:16, 1025.40, 10.45, 55, 68, 102, 118, 128, 140, 157, 187, 1064, 678, 19095.57, 11.12, 10.64
15:31:16, 1025.20, 10.45, 55, 68, 101, 118, 128, 140, 157, 187, 1063, 677, 19095.57, 11.12, 10.63
15:31:17, 1025.50, 10.45, 55, 68, 101, 118, 128, 140, 157, 187, 1063, 678, 19079.02, 11.14, 10.63
15:31:17, 1025.30, 10.45, 55, 68, 101, 118, 128, 140, 157, 187, 1063, 677, 19112.12, 11.10, 10.64
15:31:17, 1025.30, 10.45, 55, 68, 101, 118, 128, 140, 157, 187, 1063, 678, 19062.50, 11.16, 10.64
15:31:18, 1025.20, 10.45, 55, 68, 101, 117, 128, 140, 157, 187, 1064, 678, 19095.57, 11.12, 10.64
15:31:18, 1025.40, 10.45, 55, 68, 101, 118, 128, 140, 157, 186, 1064, 678, 19013.05, 11.21, 10.63
15:31:19, 1025.30, 10.45, 55, 68, 101, 117, 128, 140, 157, 187, 1064, 678, 19045.99, 11.17, 10.63
15:31:19, 1025.20, 10.45, 55, 68, 101, 117, 128, 140, 157, 186, 1064, 678, 19095.57, 11.12, 10.63
15:31:19, 1025.20, 10.45, 55, 68, 101, 117, 128, 140, 156, 186, 1063, 678, 19062.50, 11.16, 10.63
15:31:20, 1025.20, 10.46, 55, 68, 101, 117, 128, 140, 156, 186, 1064, 678, 19079.02, 11.14, 10.63
15:31:20, 1025.30, 10.46, 55, 68, 101, 117, 128, 140, 156, 186, 1063, 677, 19079.02, 11.14, 10.63
15:31:21, 1025.30, 10.46, 55, 68, 101, 117, 128, 140, 156, 186, 1063, 678, 19062.50, 11.16, 10.63
15:31:21, 1025.30, 10.46, 55, 68, 101, 117, 128, 140, 156, 186, 1064, 678, 19095.57, 11.12, 10.63
15:31:22, 1025.20, 10.46, 55, 68, 101, 117, 128, 140, 156, 186, 1062, 678, 19062.50, 11.16, 10.63
15:31:22, 1025.30, 10.46, 55, 68, 101, 117, 127, 140, 156, 186, 1061, 678, 19079.02, 11.14, 10.63
15:31:22, 1025.10, 10.46, 55, 68, 101, 117, 128, 140, 156, 186, 1062, 677, 19062.50, 11.16, 10.63
15:31:23, 1025.40, 10.46, 55, 68, 101, 117, 128, 140, 156, 186, 1064, 678, 19029.51, 11.19, 10.63
15:31:23, 1025.40, 10.46, 55, 68, 102, 118, 128, 140, 157, 187, 1068, 676, 18996.60, 11.23, 10.64
15:31:24, 1025.30, 10.46, 55, 68, 101, 117, 128, 140, 157, 185, 1064, 673, 19062.50, 11.16, 10.64
15:31:24, 1025.30, 10.46, 55, 68, 102, 117, 128, 140, 157, 186, 1066, 674, 19029.51, 11.19, 10.64
15:31:24, 1025.20, 10.46, 55, 68, 102, 118, 128, 140, 156, 186, 1065, 677, 19062.50, 11.16, 10.63
15:31:25, 1025.40, 10.46, 55, 68, 101, 117, 127, 140, 156, 186, 1063, 676, 19095.57, 11.12, 10.63
15:31:25, 1025.40, 10.46, 55, 67, 101, 117, 127, 139, 156, 185, 1061, 677, 19095.57, 11.12, 10.63
15:31:26, 1025.30, 10.47, 55, 67, 101, 117, 127, 139, 155, 185, 1061, 676, 19045.99, 11.17, 10.63
15:31:26, 1025.30, 10.46, 55, 67, 101, 116, 127, 139, 155, 185, 1061, 676, 19062.50, 11.16, 10.63
15:31:26, 1025.40, 10.47, 55, 67, 101, 117, 127, 139, 155, 185, 1062, 677, 19062.50, 11.16, 10.63
15:31:27, 1025.40, 10.47, 55, 67, 101, 117, 127, 139, 155, 185, 1061, 675, 19079.02, 11.14, 10.63
15:31:27, 1025.30, 10.47, 55, 67, 101, 116, 127, 139, 155, 184, 1059, 676, 19079.02, 11.14, 10.63
15:31:28, 1025.40, 10.47, 55, 67, 100, 116, 127, 139, 155, 184, 1059, 675, 19045.99, 11.17, 10.63
15:31:28, 1025.60, 10.47, 55, 67, 101, 116, 127, 139, 155, 184, 1060, 675, 19045.99, 11.17, 10.63
15:31:29, 1025.20, 10.47, 55, 67, 101, 116, 127, 139, 155, 184, 1060, 675, 19062.50, 11.16, 10.63
15:31:29, 1025.30, 10.47, 55, 67, 100, 116, 126, 139, 155, 184, 1059, 676, 19029.51, 11.19, 10.63
15:31:29, 1025.40, 10.47, 55, 67, 100, 116, 127, 139, 155, 184, 1059, 675, 19045.99, 11.17, 10.63
15:31:30, 1025.10, 10.47, 55, 67, 100, 116, 126, 139, 155, 184, 1059, 675, 19062.50, 11.16, 10.63
15:31:30, 1025.20, 10.47, 55, 67, 100, 116, 126, 139, 155, 184, 1059, 675, 19062.50, 11.16, 10.63
15:31:31, 1025.10, 10.47, 55, 67, 100, 116, 126, 139, 154, 184, 1059, 676, 19013.05, 11.21, 10.63
15:31:31, 1025.30, 10.47, 55, 67, 100, 116, 126, 139, 155, 184, 1059, 675, 19079.02, 11.14, 10.63
15:31:31, 1025.10, 10.47, 55, 67, 100, 116, 126, 139, 154, 184, 1059, 676, 19029.51, 11.19, 10.63
15:31:32, 1025.50, 10.47, 55, 67, 100, 116, 126, 139, 154, 184, 1059, 675, 19029.51, 11.19, 10.63
15:31:32, 1025.20, 10.47, 55, 67, 100, 116, 126, 138, 154, 184, 1058, 675, 19079.02, 11.14, 10.63
15:31:33, 1025.40, 10.47, 55, 67, 100, 116, 126, 138, 154, 184, 1058, 676, 19062.50, 11.16, 10.63
15:31:33, 1025.30, 10.48, 55, 67, 100, 116, 126, 138, 154, 183, 1059, 675, 18996.60, 11.23, 10.63
15:31:34, 1025.30, 10.47, 55, 67, 99, 116, 126, 138, 154, 184, 1059, 676, 19029.51, 11.19, 10.63
15:31:34, 1025.20, 10.48, 55, 67, 100, 116, 126, 139, 154, 184, 1059, 676, 19029.51, 11.19, 10.63
15:31:34, 1025.30, 10.48, 55, 67, 100, 116, 126, 139, 154, 184, 1060, 676, 19045.99, 11.17, 10.63
15:31:35, 1025.30, 10.48, 55, 67, 101, 116, 127, 139, 155, 184, 1064, 676, 19045.99, 11.17, 10.63
15:31:35, 1025.40, 10.48, 55, 67, 101, 116, 127, 139, 155, 184, 1065, 675, 19079.02, 11.14, 10.63
15:31:36, 1025.20, 10.48, 55, 67, 101, 116, 127, 139, 155, 184, 1063, 672, 19013.05, 11.21, 10.63
15:31:36, 1025.40, 10.48, 55, 67, 100, 116, 126, 138, 155, 183, 1060, 672, 19029.51, 11.19, 10.63
15:31:36, 1025.30, 10.48, 55, 67, 100, 116, 127, 138, 155, 183, 1060, 671, 19062.50, 11.16, 10.63
15:31:37, 1025.30, 10.48, 55, 67, 101, 116, 127, 139, 155, 184, 1065, 677, 19079.02, 11.14, 10.63
15:31:37, 1025.30, 10.48, 55, 67, 101, 116, 126, 138, 154, 184, 1061, 676, 19079.02, 11.14, 10.63
15:31:38, 1025.50, 10.48, 55, 67, 100, 115, 126, 138, 154, 183, 1059, 675, 19045.99, 11.17, 10.62
15:31:38, 1025.50, 10.48, 55, 67, 100, 115, 126, 138, 154, 183, 1057, 674, 19045.99, 11.17, 10.62
15:31:39, 1025.30, 10.48, 55, 67, 100, 115, 126, 138, 154, 183, 1057, 674, 18996.60, 11.23, 10.62
15:31:39, 1025.40, 10.48, 55, 67, 100, 115, 126, 138, 154, 183, 1057, 675, 19029.51, 11.19, 10.62
15:31:39, 1025.40, 10.48, 55, 67, 100, 115, 126, 138, 154, 183, 1057, 675, 19079.02, 11.14, 10.62
15:31:40, 1025.40, 10.48, 55, 67, 100, 115, 126, 138, 154, 183, 1057, 675, 19062.50, 11.16, 10.61
15:31:40, 1025.10, 10.48, 55, 66, 100, 115, 126, 138, 154, 183, 1057, 675, 19062.50, 11.16, 10.61
15:31:41, 1025.20, 10.48, 55, 66, 100, 115, 126, 138, 154, 183, 1056, 674, 19079.02, 11.14, 10.62
15:31:41, 1025.40, 10.49, 55, 66, 100, 115, 126, 138, 153, 183, 1056, 675, 19045.99, 11.17, 10.62
15:31:41, 1025.30, 10.48, 54, 66, 100, 115, 126, 138, 153, 182, 1056, 675, 19062.50, 11.16, 10.62
15:31:42, 1025.20, 10.49, 54, 66, 100, 115, 126, 138, 153, 183, 1056, 675, 19079.02, 11.14, 10.62
15:31:42, 1025.30, 10.49, 55, 66, 100, 115, 126, 138, 153, 182, 1056, 675, 19029.51, 11.19, 10.62
15:31:43, 1025.30, 10.49, 54, 66, 100, 115, 126, 138, 153, 182, 1056, 675, 19045.99, 11.17, 10.61
15:31:43, 1025.40, 10.49, 55, 66, 100, 115, 126, 138, 153, 182, 1056, 675, 19062.50, 11.16, 10.61
15:31:43, 1025.30, 10.49, 54, 66, 100, 115, 126, 138, 153, 182, 1056, 675, 19029.51, 11.19, 10.61
15:31:44, 1025.30, 10.49, 54, 66, 100, 115, 126, 138, 153, 182, 1055, 675, 19062.50, 11.16, 10.60
15:31:44, 1025.50, 10.49, 54, 66, 100, 115, 126, 138, 153, 182, 1054, 675, 19045.99, 11.17, 10.60
15:31:45, 1025.40, 10.49, 54, 66, 100, 115, 125, 138, 153, 182, 1054, 675, 19029.51, 11.19, 10.59
15:31:45, 1025.20, 10.49, 54, 66, 100, 115, 125, 137, 153, 182, 1054, 675, 19045.99, 11.17, 10.59
15:31:46, 1025.20, 10.49, 54, 66, 100, 115, 125, 138, 153, 182, 1054, 674, 19062.50, 11.16, 10.59
15:31:46, 1025.30, 10.49, 54, 66, 100, 114, 125, 138, 153, 182, 1054, 674, 19029.51, 11.19, 10.57
15:31:46, 1025.40, 10.49, 54, 66, 100, 115, 126, 138, 153, 182, 1054, 675, 19079.02, 11.14, 10.57
15:31:47, 1025.10, 10.49, 54, 66, 100, 115, 125, 138, 153, 182, 1054, 674, 19095.57, 11.12, 10.55
15:31:47, 1025.40, 10.49, 54, 66, 100, 114, 125, 138, 153, 182, 1054, 675, 19013.05, 11.21, 10.55
15:31:48, 1025.40, 10.49, 54, 66, 100, 114, 125, 137, 152, 182, 1053, 674, 19062.50, 11.16, 10.55
15:31:48, 1025.40, 10.49, 54, 66, 100, 114, 125, 137, 152, 181, 1053, 674, 19062.50, 11.16, 10.55
15:31:48, 1025.10, 10.49, 54, 66, 100, 114, 125, 137, 152, 181, 1053, 673, 19045.99, 11.17, 10.55
15:31:49, 1025.40, 10.50, 54, 66, 100, 114, 125, 137, 152, 181, 1053, 673, 19045.99, 11.17, 10.54
15:31:49, 1025.40, 10.50, 54, 66, 100, 114, 125, 137, 152, 181, 1053, 674, 19029.51, 11.19, 10.54
15:31:50, 1025.40, 10.50, 54, 66, 100, 114, 125, 137, 152, 181, 1053, 674, 19029.51, 11.19, 10.54
15:31:50, 1025.30, 10.50, 54, 66, 99, 114, 125, 137, 152, 181, 1051, 673, 19013.05, 11.21, 10.54
15:31:50, 1025.20, 10.50, 54, 66, 99, 114, 125, 137, 152, 181, 1050, 673, 19013.05, 11.21, 10.54
15:31:51, 1025.50, 10.50, 54, 66, 99, 113, 124, 136, 151, 180, 1046, 671, 19062.50, 11.16, 10.54
15:31:51, 1025.50, 10.50, 54, 65, 99, 113, 124, 136, 151, 180, 1045, 669, 19045.99, 11.17, 10.54
15:31:52, 1025.40, 10.50, 54, 65, 99, 113, 123, 136, 150, 179, 1039, 665, 19013.05, 11.21, 10.54
15:31:52, 1025.40, 10.50, 54, 65, 98, 112, 122, 135, 148, 178, 1029, 658, 19062.50, 11.16, 10.55
15:31:53, 1025.20, 10.50, 53, 65, 98, 111, 122, 135, 147, 178, 1027, 654, 19062.50, 11.16, 10.55
15:31:53, 1025.40, 10.50, 53, 65, 98, 112, 122, 135, 148, 178, 1029, 655, 18996.60, 11.23, 10.55
15:31:53, 1025.40, 10.50, 53, 65, 98, 112, 122, 135, 148, 178, 1028, 652, 19013.05, 11.21, 10.55
15:31:54, 1025.30, 10.50, 53, 65, 98, 111, 121, 134, 147, 177, 1023, 648, 19013.05, 11.21, 10.55
15:31:54, 1025.20, 10.50, 53, 64, 97, 110, 120, 133, 145, 175, 1010, 639, 19013.05, 11.21, 10.54
15:31:55, 1025.50, 10.50, 53, 64, 96, 110, 120, 133, 146, 175, 1019, 645, 19045.99, 11.17, 10.54
15:31:55, 1025.20, 10.50, 53, 64, 97, 110, 121, 133, 148, 175, 1026, 645, 19045.99, 11.17, 10.55
15:31:55, 1025.40, 10.50, 53, 65, 98, 112, 123, 136, 150, 179, 1038, 652, 19029.51, 11.19, 10.55
15:31:56, 1025.40, 10.50, 53, 64, 98, 112, 123, 135, 150, 178, 1035, 650, 19045.99, 11.17, 10.55
15:31:56, 1025.40, 10.51, 53, 64, 98, 111, 121, 133, 148, 175, 1020, 637, 19013.05, 11.21, 10.54
15:31:57, 1025.20, 10.50, 52, 62, 96, 109, 119, 131, 144, 172, 1000, 629, 19029.51, 11.19, 10.54
15:31:57, 1025.40, 10.51, 51, 61, 94, 107, 116, 129, 140, 168, 969, 609, 19045.99, 11.17, 10.54
15:31:58, 1025.10, 10.51, 50, 59, 90, 102, 111, 124, 133, 161, 932, 595, 19029.51, 11.19, 10.54
15:31:58, 1025.20, 10.51, 49, 58, 88, 101, 109, 123, 132, 159, 927, 603, 19062.50, 11.16, 10.54
15:31:58, 1025.40, 10.51, 48, 57, 87, 99, 107, 121, 130, 156, 913, 601, 19013.05, 11.21, 10.55
15:31:59, 1025.30, 10.51, 46, 54, 82, 95, 98, 110, 121, 145, 820, 560, 19045.99, 11.17, 10.55
15:31:59, 1025.20, 10.51, 40, 51, 75, 89, 98, 103, 121, 139, 807, 560, 19013.05, 11.21, 10.55
15:32:00, 1025.10, 10.51, 46, 57, 86, 98, 114, 123, 137, 162, 963, 633, 18996.60, 11.23, 10.55
15:32:00, 1025.10, 10.51, 51, 61, 93, 105, 119, 130, 143, 169, 1003, 646, 19013.05, 11.21, 10.55
15:32:00, 1025.30, 10.51, 52, 62, 95, 108, 120, 132, 145, 171, 1012, 650, 19029.51, 11.19, 10.54
15:32:01, 1025.10, 10.51, 53, 63, 96, 109, 121, 133, 146, 172, 1017, 651, 19062.50, 11.16, 10.54
15:32:01, 1025.40, 10.50, 53, 63, 96, 109, 120, 132, 145, 172, 1016, 651, 19013.05, 11.21, 10.53
15:32:02, 1025.40, 10.51, 52, 62, 96, 109, 119, 131, 144, 170, 1009, 648, 19045.99, 11.17, 10.53
15:32:02, 1025.30, 10.51, 51, 60, 92, 104, 113, 124, 135, 161, 975, 633, 19013.05, 11.21, 10.53
15:32:02, 1025.40, 10.51, 17, 20, 28, 34, 3, 6, 17, 33, 76, 53, 19029.51, 11.19, 10.53
15:32:03, 1025.40, 10.51, 6, 6, 7, 8, 9, 16, 39, 69, 162, 111, 19029.51, 11.19, 10.53
15:32:03, 1025.10, 10.51, 10, 11, 13, 16, 17, 26, 54, 87, 223, 145, 19013.05, 11.21, 10.55
15:32:04, 1025.10, 10.50, 150, 229, 307, 371, 241, 261, 334, 427, 789, 408, 19029.51, 11.19, 10.55
15:32:04, 1025.00, 10.50, 21, 29, 41, 50, 62, 75, 121, 164, 463, 258, 19045.99, 11.17, 10.55
15:32:05, 1025.30, 10.50, 48, 67, 93, 110, 119, 141, 198, 273, 923, 472, 19029.51, 11.19, 10.59
15:32:05, 1025.10, 10.50, 54, 78, 107, 124, 135, 159, 217, 302, 1176, 596, 18980.17, 11.24, 10.59
15:32:05, 1025.20, 10.50, 170, 245, 337, 412, 569, 624, 746, 881, 3874, 1825, 19029.51, 11.19, 10.63
15:32:06, 1025.30, 10.50, 228, 333, 451, 555, 532, 586, 696, 817, 4057, 1939, 19045.99, 11.17, 10.63
15:32:06, 1025.20, 10.50, 217, 307, 425, 518, 633, 688, 814, 963, 4515, 2148, 19029.51, 11.19, 10.63
15:32:07, 1025.20, 10.50, 250, 359, 498, 594, 536, 572, 685, 815, 3922, 1910, 19013.05, 11.21, 10.60
15:32:07, 1025.00, 10.50, 209, 300, 420, 494, 587, 626, 741, 897, 3978, 1929, 19013.05, 11.21, 10.60
15:32:07, 1025.20, 10.50, 215, 308, 430, 511, 433, 454, 562, 650, 3234, 1615, 19045.99, 11.17, 10.58
15:32:08, 1025.10, 10.50, 164, 235, 331, 395, 476, 494, 609, 715, 3273, 1639, 18996.60, 11.23, 10.58
15:32:08, 1025.00, 10.50, 186, 268, 377, 445, 390, 395, 513, 569, 2582, 1321, 19029.51, 11.19, 10.58
15:32:09, 1025.10, 10.49, 167, 240, 337, 406, 432, 440, 563, 634, 2687, 1357, 19045.99, 11.17, 10.55
15:32:09, 1025.00, 10.50, 171, 251, 350, 422, 449, 459, 582, 662, 2774, 1405, 18980.17, 11.24, 10.55
15:32:10, 1025.30, 10.50, 156, 223, 313, 379, 312, 317, 422, 454, 2074, 1081, 19029.51, 11.19, 10.52
15:32:10, 1025.30, 10.49, 92, 127, 178, 225, 302, 304, 395, 455, 2017, 1086, 19029.51, 11.19, 10.52
15:32:10, 1025.20, 10.49, 133, 190, 268, 322, 369, 375, 485, 539, 2618, 1341, 19029.51, 11.19, 10.50
15:32:11, 1025.00, 10.49, 151, 210, 297, 358, 409, 421, 534, 602, 2988, 1508, 19013.05, 11.21, 10.50
15:32:11, 1025.00, 10.49, 157, 227, 320, 377, 410, 425, 523, 622, 2800, 1438, 19045.99, 11.17, 10.50
15:32:12, 1025.20, 10.49, 168, 238, 336, 398, 435, 445, 568, 640, 3091, 1559, 19013.05, 11.21, 10.47
15:32:12, 1025.10, 10.49, 170, 236, 337, 397, 443, 459, 572, 660, 3160, 1601, 19013.05, 11.21, 10.47
15:32:12, 1025.30, 10.49, 173, 248, 349, 408, 428, 453, 544, 654, 3085, 1566, 19013.05, 11.21, 10.45
15:32:13, 1025.10, 10.49, 161, 223, 319, 375, 397, 432, 518, 606, 3399, 1713, 19029.51, 11.19, 10.45
15:32:13, 1025.00, 10.49, 188, 263, 368, 444, 500, 551, 644, 776, 3902, 1884, 19029.51, 11.19, 10.45
15:32:14, 1025.30, 10.49, 208, 302, 410, 505, 586, 649, 759, 913, 4114, 1933, 18996.60, 11.23, 10.42
15:32:14, 1025.20, 10.49, 232, 335, 457, 566, 584, 639, 762, 894, 4221, 2000, 18980.17, 11.24, 10.42
15:32:15, 1025.10, 10.49, 235, 347, 467, 586, 617, 675, 814, 952, 4029, 1883, 19029.51, 11.19, 10.41
15:32:15, 1025.10, 10.49, 231, 350, 467, 591, 651, 688, 856, 985, 4039, 1925, 19029.51, 11.19, 10.41
15:32:15, 1025.30, 10.49, 236, 356, 478, 599, 622, 662, 816, 937, 3963, 1893, 18980.17, 11.24, 10.41
15:32:16, 1025.00, 10.49, 251, 376, 507, 628, 671, 708, 873, 1007, 4053, 1919, 18980.17, 11.24, 10.40
15:32:16, 1025.10, 10.49, 256, 390, 525, 651, 681, 710, 884, 1021, 3978, 1905, 18963.76, 11.26, 10.40
15:32:17, 1025.30, 10.49, 243, 371, 499, 617, 669, 696, 865, 1002, 3777, 1816, 19029.51, 11.19, 10.38
15:32:17, 1025.40, 10.49, 255, 384, 519, 638, 675, 708, 874, 1011, 3921, 1869, 19062.50, 11.16, 10.38
15:32:17, 1025.30, 10.49, 252, 383, 515, 638, 667, 701, 865, 1005, 4010, 1907, 19029.51, 11.19, 10.38
15:32:18, 1025.40, 10.49, 243, 372, 499, 618, 666, 704, 864, 1008, 4062, 1923, 19029.51, 11.19, 10.36
15:32:18, 1027.50, 10.49, 242, 369, 495, 613, 644, 686, 834, 979, 4060, 1922, 19013.05, 11.21, 10.36
15:32:19, 1031.20, 10.46, 233, 366, 480, 608, 513, 548, 654, 780, 3527, 1355, 19029.51, 11.19, 10.10
15:32:19, 1032.70, 10.45, 234, 367, 495, 622, 612, 650, 786, 919, 3922, 1250, 19079.02, 11.14, 10.10
15:32:20, 1034.50, 10.43, 233, 356, 490, 609, 601, 642, 766, 902, 4075, 1223, 19079.02, 11.14, 10.10
15:32:20, 1033.30, 10.42, 233, 354, 492, 609, 653, 701, 833, 977, 4160, 1206, 18996.60, 11.23, 9.82
15:32:20, 1033.00, 10.41, 222, 332, 466, 570, 685, 738, 871, 1029, 4334, 1254, 19029.51, 11.19, 9.82
15:32:21, 1031.10, 10.40, 212, 315, 445, 540, 593, 629, 751, 878, 4217, 1319, 19029.51, 11.19, 9.71
15:32:21, 1027.20, 10.39, 261, 380, 525, 635, 695, 754, 884, 1052, 4884, 2218, 18996.60, 11.23, 9.71
15:32:22, 1027.90, 10.38, 264, 383, 528, 639, 659, 715, 839, 998, 4760, 2215, 19029.51, 11.19, 9.71
15:32:22, 1027.60, 10.37, 244, 355, 491, 592, 683, 746, 868, 1043, 4800, 2201, 19045.99, 11.17, 9.68
15:32:22, 1027.40, 10.36, 262, 380, 524, 633, 668, 726, 850, 1016, 4763, 2232, 18996.60, 11.23, 9.68
15:32:23, 1027.80, 10.36, 265, 384, 532, 637, 659, 712, 840, 996, 4716, 2243, 18963.76, 11.26, 9.68
15:32:23, 1027.70, 10.35, 252, 365, 507, 603, 643, 685, 822, 964, 4585, 2198, 19079.02, 11.14, 9.68
15:32:24, 1027.70, 10.35, 253, 366, 511, 607, 661, 698, 841, 986, 4574, 2189, 19013.05, 11.21, 9.68
15:32:24, 1027.30, 10.35, 252, 368, 511, 608, 656, 691, 835, 979, 4506, 2173, 19029.51, 11.19, 9.68
15:32:24, 1027.30, 10.35, 246, 360, 498, 594, 637, 670, 812, 950, 4401, 2135, 19062.50, 11.16, 9.68
15:32:25, 1027.50, 10.35, 248, 362, 501, 596, 642, 675, 817, 959, 4411, 2141, 19079.02, 11.14, 9.68
15:32:25, 1027.30, 10.35, 253, 371, 514, 610, 662, 695, 841, 989, 4479, 2168, 19045.99, 11.17, 9.68
15:32:26, 1027.70, 10.35, 254, 373, 517, 614, 664, 695, 844, 989, 4443, 2153, 19079.02, 11.14, 9.68
15:32:26, 1027.10, 10.35, 256, 376, 521, 620, 664, 694, 846, 989, 4425, 2144, 19045.99, 11.17, 9.68
15:32:27, 1027.30, 10.35, 253, 373, 516, 614, 662, 693, 843, 987, 4417, 2141, 19029.51, 11.19, 9.68
15:32:27, 1027.10, 10.35, 251, 370, 512, 609, 657, 688, 835, 980, 4406, 2137, 19062.50, 11.16, 9.69
15:32:27, 1027.50, 10.35, 251, 370, 512, 608, 652, 683, 829, 974, 4399, 2136, 18996.60, 11.23, 9.69
15:32:28, 1027.30, 10.35, 254, 373, 517, 613, 660, 692, 839, 985, 4447, 2155, 19029.51, 11.19, 9.69
15:32:28, 1027.20, 10.35, 255, 374, 517, 615, 664, 696, 844, 991, 4473, 2166, 19062.50, 11.16, 9.69
15:32:29, 1027.30, 10.35, 256, 375, 520, 618, 665, 698, 845, 994, 4496, 2175, 19013.05, 11.21, 9.69
15:32:29, 1027.40, 10.35, 256, 375, 519, 617, 662, 697, 841, 990, 4501, 2179, 19029.51, 11.19, 9.70
15:32:29, 1027.20, 10.35, 255, 374, 518, 615, 658, 695, 837, 987, 4517, 2186, 19062.50, 11.16, 9.70
15:32:30, 1027.20, 10.35, 254, 373, 516, 613, 657, 695, 836, 987, 4539, 2195, 19062.50, 11.16, 9.70
15:32:30, 1027.50, 10.35, 254, 372, 515, 613, 656, 695, 836, 987, 4556, 2201, 19062.50, 11.16, 9.70
15:32:31, 1027.40, 10.35, 257, 376, 520, 619, 664, 704, 845, 1000, 4601, 2218, 19045.99, 11.17, 9.70
15:32:31, 1027.40, 10.35, 258, 376, 520, 619, 664, 705, 845, 1000, 4614, 2223, 19062.50, 11.16, 9.72
15:32:32, 1027.30, 10.35, 259, 377, 523, 622, 663, 704, 843, 998, 4624, 2227, 19062.50, 11.16, 9.72
15:32:32, 1027.30, 10.35, 259, 377, 523, 621, 664, 708, 845, 1003, 4653, 2237, 19062.50, 11.16, 9.72
15:32:32, 1027.40, 10.35, 257, 374, 518, 616, 659, 704, 839, 997, 4650, 2236, 19062.50, 11.16, 9.73
15:32:33, 1027.30, 10.35, 258, 375, 520, 619, 658, 704, 839, 996, 4665, 2242, 18996.60, 11.23, 9.73
15:32:33, 1027.50, 10.35, 258, 374, 518, 617, 657, 703, 838, 994, 4673, 2245, 19045.99, 11.17, 9.73
15:32:34, 1027.40, 10.35, 259, 376, 521, 621, 662, 711, 844, 1003, 4708, 2257, 18980.17, 11.24, 9.73
15:32:34, 1027.30, 10.36, 259, 376, 521, 621, 659, 708, 840, 999, 4702, 2255, 19045.99, 11.17, 9.73
15:32:34, 1027.40, 10.35, 260, 378, 523, 624, 659, 709, 840, 1001, 4713, 2259, 19079.02, 11.14, 9.73
15:32:35, 1027.30, 10.35, 258, 375, 520, 620, 660, 710, 841, 1002, 4714, 2261, 19045.99, 11.17, 9.73
15:32:35, 1027.20, 10.36, 259, 376, 520, 621, 664, 715, 845, 1008, 4731, 2266, 19029.51, 11.19, 9.73
15:32:36, 1027.60, 10.36, 260, 377, 523, 623, 664, 715, 845, 1008, 4739, 2269, 19062.50, 11.16, 9.73
15:32:36, 1027.40, 10.36, 261, 379, 525, 626, 663, 715, 844, 1006, 4735, 2267, 19079.02, 11.14, 9.73
15:32:37, 1027.40, 10.36, 262, 379, 526, 627, 666, 718, 847, 1012, 4750, 2271, 19029.51, 11.19, 9.73
15:32:37, 1027.50, 10.36, 261, 378, 524, 624, 664, 716, 845, 1010, 4740, 2268, 19079.02, 11.14, 9.73
15:32:37, 1027.50, 10.36, 261, 377, 523, 622, 660, 712, 840, 1004, 4726, 2263, 19045.99, 11.17, 9.73
15:32:38, 1027.50, 10.36, 261, 378, 524, 624, 662, 714, 843, 1007, 4731, 2266, 19045.99, 11.17, 9.73
15:32:38, 1027.30, 10.36, 261, 379, 525, 626, 668, 721, 849, 1016, 4760, 2276, 19062.50, 11.16, 9.73
15:32:39, 1027.40, 10.36, 262, 380, 526, 628, 665, 718, 847, 1012, 4749, 2273, 19095.57, 11.12, 9.73
15:32:39, 1027.30, 10.36, 262, 381, 528, 630, 666, 719, 849, 1014, 4760, 2275, 19095.57, 11.12, 9.73
15:32:39, 1027.30, 10.36, 260, 379, 524, 626, 664, 716, 846, 1010, 4747, 2271, 19079.02, 11.14, 9.73
15:32:40, 1027.40, 10.36, 261, 380, 526, 628, 662, 715, 844, 1008, 4744, 2269, 19112.12, 11.10, 9.73
15:32:40, 1027.30, 10.36, 260, 379, 525, 626, 665, 718, 846, 1013, 4754, 2273, 19045.99, 11.17, 9.73
15:32:41, 1027.30, 10.36, 260, 379, 524, 625, 663, 715, 844, 1009, 4748, 2270, 19112.12, 11.10, 9.73
15:32:41, 1027.40, 10.36, 261, 380, 526, 628, 666, 719, 848, 1014, 4761, 2275, 19062.50, 11.16, 9.73
15:32:41, 1027.30, 10.37, 262, 381, 528, 630, 667, 720, 849, 1015, 4763, 2276, 19079.02, 11.14, 9.73
15:32:42, 1027.10, 10.36, 261, 381, 527, 629, 671, 724, 853, 1021, 4776, 2281, 19128.70, 11.08, 9.73
15:32:42, 1027.40, 10.37, 260, 379, 525, 626, 665, 718, 847, 1014, 4758, 2274, 19062.50, 11.16, 9.73
15:32:43, 1027.40, 10.37, 261, 381, 527, 628, 663, 715, 844, 1010, 4751, 2272, 19112.12, 11.10, 9.73
15:32:43, 1027.30, 10.37, 261, 381, 527, 629, 666, 720, 848, 1016, 4766, 2275, 19062.50, 11.16, 9.73
15:32:44, 1027.50, 10.36, 261, 380, 526, 628, 666, 720, 848, 1016, 4769, 2277, 19029.51, 11.19, 9.73
15:32:44, 1027.60, 10.36, 262, 382, 528, 631, 667, 721, 850, 1018, 4772, 2278, 19095.57, 11.12, 9.73
15:32:44, 1027.30, 10.37, 262, 383, 529, 632, 669, 722, 850, 1020, 4776, 2279, 19079.02, 11.14, 9.73
15:32:45, 1027.30, 10.37, 261, 381, 527, 629, 667, 721, 849, 1018, 4766, 2277, 19095.57, 11.12, 9.73
15:32:45, 1027.30, 10.37, 262, 383, 529, 631, 668, 721, 850, 1020, 4771, 2278, 19062.50, 11.16, 9.73
15:32:46, 1027.50, 10.37, 261, 381, 527, 629, 667, 721, 849, 1019, 4767, 2276, 19079.02, 11.14, 9.73
15:32:46, 1027.20, 10.37, 261, 381, 526, 628, 666, 720, 848, 1017, 4766, 2275, 19161.92, 11.05, 9.73
15:32:46, 1027.30, 10.37, 261, 382, 528, 630, 667, 721, 849, 1019, 4769, 2276, 19128.70, 11.08, 9.73
15:32:47, 1027.40, 10.37, 261, 381, 527, 629, 667, 720, 849, 1017, 4761, 2274, 19095.57, 11.12, 9.73
15:32:47, 1027.50, 10.37, 261, 382, 528, 630, 669, 722, 850, 1020, 4765, 2276, 19095.57, 11.12, 9.73
15:32:48, 1027.60, 10.37, 261, 381, 527, 629, 667, 720, 848, 1018, 4759, 2273, 19045.99, 11.17, 9.73
15:32:48, 1027.30, 10.37, 261, 381, 527, 629, 668, 721, 849, 1020, 4762, 2273, 19128.70, 11.08, 9.73
15:32:48, 1027.20, 10.37, 260, 380, 525, 626, 667, 719, 848, 1018, 4757, 2271, 19095.57, 11.12, 9.73
15:32:49, 1027.40, 10.37, 261, 382, 528, 629, 668, 720, 850, 1020, 4759, 2273, 19062.50, 11.16, 9.73
15:32:49, 1027.40, 10.37, 261, 381, 527, 628, 669, 721, 850, 1021, 4758, 2272, 19112.12, 11.10, 9.73
15:32:50, 1027.40, 10.37, 260, 380, 526, 627, 666, 718, 848, 1017, 4747, 2269, 19095.57, 11.12, 9.73
15:32:50, 1027.30, 10.37, 261, 382, 528, 629, 667, 719, 848, 1019, 4748, 2269, 19095.57, 11.12, 9.73
15:32:51, 1027.40, 10.37, 259, 379, 524, 625, 665, 716, 846, 1016, 4741, 2266, 19112.12, 11.10, 9.73
15:32:51, 1027.30, 10.38, 261, 382, 528, 629, 664, 716, 846, 1015, 4739, 2265, 19079.02, 11.14, 9.73
15:32:51, 1027.40, 10.38, 261, 382, 528, 629, 669, 720, 851, 1022, 4750, 2269, 19095.57, 11.12, 9.73
15:32:52, 1027.40, 10.38, 259, 379, 525, 625, 667, 718, 849, 1019, 4743, 2266, 19112.12, 11.10, 9.73
15:32:52, 1027.10, 10.38, 260, 381, 527, 628, 664, 715, 846, 1014, 4732, 2262, 19128.70, 11.08, 9.73
15:32:53, 1027.40, 10.38, 261, 382, 528, 629, 670, 722, 852, 1025, 4751, 2267, 19112.12, 11.10, 9.73
15:32:53, 1027.30, 10.38, 259, 379, 524, 625, 666, 716, 847, 1017, 4730, 2262, 19095.57, 11.12, 9.73
15:32:53, 1027.10, 10.38, 260, 381, 526, 627, 664, 713, 845, 1013, 4723, 2259, 19128.70, 11.08, 9.73
15:32:54, 1027.00, 10.38, 260, 382, 528, 629, 670, 720, 852, 1024, 4738, 2263, 19112.12, 11.10, 9.72
15:32:54, 1027.20, 10.38, 260, 381, 527, 628, 666, 715, 848, 1017, 4715, 2257, 19079.02, 11.14, 9.72
15:32:55, 1026.90, 10.38, 260, 383, 529, 630, 667, 716, 849, 1019, 4715, 2255, 19045.99, 11.17, 9.72
15:32:55, 1026.90, 10.38, 258, 379, 524, 624, 664, 712, 845, 1014, 4700, 2250, 19112.12, 11.10, 9.72
15:32:56, 1027.00, 10.38, 259, 380, 525, 625, 664, 713, 846, 1016, 4706, 2251, 19128.70, 11.08, 9.72
15:32:56, 1026.90, 10.38, 258, 378, 523, 623, 666, 715, 848, 1019, 4718, 2254, 19079.02, 11.14, 9.71
15:32:56, 1026.90, 10.38, 260, 381, 527, 628, 665, 714, 847, 1017, 4716, 2254, 19128.70, 11.08, 9.71
15:32:57, 1026.80, 10.38, 260, 382, 527, 628, 670, 720, 853, 1026, 4734, 2261, 19145.30, 11.07, 9.70
15:32:57, 1027.00, 10.38, 258, 380, 525, 625, 665, 714, 847, 1018, 4714, 2255, 19095.57, 11.12, 9.70
15:32:58, 1026.90, 10.38, 259, 381, 527, 628, 668, 718, 850, 1023, 4729, 2259, 19161.92, 11.05, 9.70
15:32:58, 1027.00, 10.38, 259, 381, 526, 628, 668, 718, 849, 1023, 4733, 2260, 19161.92, 11.05, 9.70
15:32:58, 1027.10, 10.38, 259, 381, 526, 628, 668, 719, 850, 1024, 4738, 2262, 19095.57, 11.12, 9.70
15:32:59, 1027.00, 10.38, 259, 381, 526, 628, 666, 717, 848, 1020, 4736, 2262, 19145.30, 11.07, 9.71
15:32:59, 1026.80, 10.38, 260, 382, 528, 631, 668, 719, 850, 1024, 4746, 2266, 19079.02, 11.14, 9.71
15:33:00, 1026.90, 10.38, 260, 382, 527, 629, 669, 721, 851, 1026, 4753, 2268, 19161.92, 11.05, 9.71
15:33:00, 1027.00, 10.38, 260, 382, 526, 629, 668, 721, 850, 1026, 4756, 2268, 19145.30, 11.07, 9.70
15:33:01, 1027.10, 10.38, 260, 382, 527, 630, 668, 722, 850, 1026, 4759, 2269, 19112.12, 11.10, 9.70
15:33:01, 1027.40, 10.38, 260, 382, 527, 631, 669, 723, 851, 1028, 4764, 2270, 19128.70, 11.08, 9.71
15:33:01, 1027.40, 10.38, 260, 383, 528, 631, 669, 724, 852, 1028, 4767, 2272, 19161.92, 11.05, 9.71
15:33:02, 1027.90, 10.38, 260, 382, 527, 630, 666, 721, 848, 1023, 4757, 2269, 19112.12, 11.10, 9.71
15:33:02, 1027.80, 10.38, 260, 382, 526, 631, 670, 726, 853, 1030, 4777, 2274, 19145.30, 11.07, 9.70
15:33:03, 1027.60, 10.38, 260, 382, 526, 631, 667, 723, 849, 1026, 4772, 2272, 19062.50, 11.16, 9.70
15:33:03, 1027.50, 10.38, 262, 385, 530, 635, 670, 726, 853, 1031, 4784, 2276, 19145.30, 11.07, 9.70
15:33:03, 1027.90, 10.38, 261, 383, 528, 633, 668, 724, 851, 1027, 4778, 2274, 19079.02, 11.14, 9.70
15:33:04, 1027.70, 10.38, 258, 379, 522, 626, 665, 720, 847, 1022, 4771, 2271, 19128.70, 11.08, 9.70
15:33:04, 1028.10, 10.38, 259, 381, 524, 629, 658, 713, 839, 1012, 4750, 2264, 19112.12, 11.10, 9.70
15:33:05, 1028.30, 10.38, 238, 350, 483, 581, 622, 667, 794, 947, 4602, 2210, 19145.30, 11.07, 9.70
15:33:05, 1028.30, 10.39, 251, 374, 514, 621, 657, 711, 839, 1009, 4676, 2122, 19145.30, 11.07, 9.70
15:33:05, 1028.20, 10.38, 247, 366, 506, 609, 666, 720, 850, 1022, 4721, 2153, 19161.92, 11.05, 9.70
15:33:06, 1028.30, 10.38, 245, 364, 502, 605, 612, 650, 784, 924, 4502, 2093, 19112.12, 11.10, 9.70
15:33:06, 1028.50, 10.38, 254, 377, 519, 625, 650, 700, 830, 996, 4646, 2122, 19145.30, 11.07, 9.70
15:33:07, 1028.20, 10.38, 240, 356, 493, 595, 663, 715, 847, 1015, 4693, 2093, 19112.12, 11.10, 9.70
15:33:07, 1028.40, 10.38, 255, 379, 520, 628, 642, 690, 821, 981, 4632, 2125, 19112.12, 11.10, 9.70
15:33:08, 1028.20, 10.38, 251, 374, 515, 621, 657, 708, 839, 1006, 4659, 2067, 19079.02, 11.14, 9.70
15:33:08, 1028.30, 10.38, 247, 367, 505, 609, 633, 676, 810, 961, 4619, 2102, 19128.70, 11.08, 9.69
15:33:08, 1028.30, 10.38, 250, 371, 511, 616, 642, 690, 820, 980, 4640, 2123, 19178.55, 11.03, 9.69
15:33:09, 1028.30, 10.38, 246, 366, 505, 610, 657, 709, 840, 1007, 4662, 2072, 19145.30, 11.07, 9.69
15:33:09, 1028.40, 10.38, 249, 369, 508, 613, 643, 692, 823, 983, 4646, 2151, 19145.30, 11.07, 9.69
15:33:10, 1028.20, 10.38, 247, 368, 507, 612, 648, 697, 828, 991, 4625, 2067, 19128.70, 11.08, 9.69
15:33:10, 1028.30, 10.38, 244, 362, 499, 603, 654, 707, 836, 1004, 4662, 2110, 19128.70, 11.08, 9.69
15:33:10, 1028.50, 10.38, 241, 359, 496, 599, 634, 680, 811, 966, 4577, 2030, 19095.57, 11.12, 9.69
15:33:11, 1028.40, 10.39, 248, 369, 509, 615, 649, 702, 830, 995, 4660, 2130, 19128.70, 11.08, 9.69
15:33:11, 1028.40, 10.38, 239, 355, 491, 594, 649, 700, 829, 993, 4624, 2033, 19112.12, 11.10, 9.69
15:33:12, 1028.30, 10.38, 247, 367, 506, 611, 653, 706, 835, 1002, 4681, 2152, 19079.02, 11.14, 9.69
15:33:12, 1028.30, 10.38, 242, 359, 496, 600, 649, 699, 830, 993, 4639, 2058, 19161.92, 11.05, 9.68
15:33:13, 1028.50, 10.38, 247, 367, 505, 611, 649, 701, 830, 994, 4672, 2152, 19178.55, 11.03, 9.68
15:33:13, 1028.20, 10.39, 247, 367, 506, 612, 648, 698, 828, 991, 4636, 2062, 19128.70, 11.08, 9.68
15:33:13, 1028.40, 10.39, 246, 366, 504, 610, 655, 709, 838, 1006, 4677, 2134, 19145.30, 11.07, 9.69
15:33:14, 1028.30, 10.38, 234, 349, 483, 585, 644, 693, 824, 984, 4612, 2007, 19095.57, 11.12, 9.69
15:33:14, 1028.40, 10.39, 252, 376, 517, 626, 662, 716, 846, 1017, 4698, 2138, 19161.92, 11.05, 9.69
15:33:15, 1028.50, 10.39, 248, 370, 509, 617, 660, 711, 842, 1011, 4635, 2003, 19161.92, 11.05, 9.69
15:33:15, 1028.50, 10.39, 242, 360, 496, 601, 656, 707, 838, 1005, 4645, 2053, 19178.55, 11.03, 9.69
15:33:15, 1028.30, 10.39, 242, 361, 499, 604, 642, 690, 822, 981, 4605, 2012, 19145.30, 11.07, 9.68
15:33:16, 1028.70, 10.39, 250, 373, 513, 622, 659, 712, 841, 1012, 4653, 2098, 19145.30, 11.07, 9.68
15:33:16, 1028.80, 10.39, 245, 366, 505, 612, 661, 713, 844, 1013, 4626, 1967, 19178.55, 11.03, 9.69
15:33:17, 1028.40, 10.39, 248, 369, 508, 615, 645, 694, 825, 986, 4615, 2055, 19161.92, 11.05, 9.69
15:33:17, 1028.60, 10.39, 247, 368, 507, 614, 644, 693, 824, 984, 4599, 2027, 19145.30, 11.07, 9.69
15:33:17, 1028.80, 10.39, 246, 368, 507, 614, 650, 700, 832, 996, 4600, 2008, 19128.70, 11.08, 9.68
15:33:18, 1028.40, 10.39, 246, 367, 506, 612, 655, 706, 838, 1003, 4622, 2065, 19128.70, 11.08, 9.68
15:33:18, 1028.50, 10.39, 243, 363, 501, 607, 646, 694, 827, 989, 4569, 2006, 19145.30, 11.07, 9.69
15:33:19, 1028.40, 10.39, 245, 366, 504, 610, 651, 700, 834, 995, 4646, 2102, 19128.70, 11.08, 9.69
15:33:19, 1028.70, 10.39, 249, 371, 510, 617, 621, 662, 797, 943, 4497, 2013, 19128.70, 11.08, 9.69
15:33:20, 1028.20, 10.39, 246, 368, 507, 614, 648, 698, 829, 993, 4581, 2034, 19145.30, 11.07, 9.69
15:33:20, 1028.50, 10.39, 239, 355, 491, 594, 649, 699, 831, 994, 4570, 2014, 19145.30, 11.07, 9.69
15:33:20, 1028.50, 10.39, 239, 356, 492, 595, 630, 674, 808, 960, 4510, 1986, 19128.70, 11.08, 9.69
15:33:21, 1028.70, 10.39, 247, 368, 508, 614, 646, 695, 827, 990, 4582, 2058, 19145.30, 11.07, 9.69
15:33:21, 1028.70, 10.39, 244, 364, 502, 607, 656, 707, 839, 1005, 4585, 1992, 19161.92, 11.05, 9.69
15:33:22, 1028.60, 10.39, 240, 358, 493, 597, 643, 690, 823, 982, 4569, 2054, 19095.57, 11.12, 9.69
15:33:22, 1028.60, 10.39, 244, 365, 503, 608, 628, 672, 805, 957, 4494, 1982, 19228.57, 10.98, 9.69
15:33:22, 1028.40, 10.39, 247, 369, 509, 615, 646, 695, 827, 989, 4560, 2037, 19178.55, 11.03, 9.69
15:33:23, 1028.30, 10.39, 232, 345, 478, 579, 647, 694, 829, 989, 4542, 1965, 19128.70, 11.08, 9.69
15:33:23, 1028.50, 10.39, 245, 365, 502, 607, 643, 691, 823, 985, 4543, 2056, 19145.30, 11.07, 9.69
15:33:24, 1028.40, 10.39, 241, 360, 498, 601, 657, 706, 841, 1005, 4589, 1993, 19195.21, 11.01, 9.69
15:33:24, 1028.60, 10.39, 242, 361, 498, 601, 595, 629, 764, 897, 4370, 1953, 19178.55, 11.03, 9.69
15:33:25, 1028.60, 10.39, 248, 369, 510, 615, 654, 705, 836, 1004, 4587, 2074, 19161.92, 11.05, 9.69
15:33:25, 1028.20, 10.40, 222, 331, 459, 557, 656, 704, 839, 1003, 4565, 1975, 19161.92, 11.05, 9.69
15:33:25, 1028.50, 10.40, 249, 372, 510, 616, 635, 679, 814, 968, 4533, 2055, 19145.30, 11.07, 9.69
15:33:26, 1028.60, 10.39, 249, 371, 512, 617, 658, 706, 842, 1005, 4621, 2080, 19128.70, 11.08, 9.68
15:33:26, 1028.40, 10.39, 237, 353, 487, 588, 581, 615, 747, 877, 4295, 1894, 19145.30, 11.07, 9.68
15:33:27, 1028.50, 10.40, 247, 368, 508, 613, 639, 683, 820, 973, 4563, 2094, 19161.92, 11.05, 9.69
15:33:27, 1028.50, 10.40, 221, 329, 456, 552, 651, 698, 833, 995, 4537, 1962, 19195.21, 11.01, 9.69
15:33:27, 1028.50, 10.40, 245, 364, 502, 605, 640, 686, 820, 978, 4523, 2047, 19178.55, 11.03, 9.69
15:33:28, 1028.50, 10.40, 245, 365, 505, 609, 653, 700, 835, 998, 4543, 1980, 19211.88, 11.00, 9.67
15:33:28, 1028.50, 10.40, 240, 357, 493, 596, 643, 688, 825, 981, 4542, 2035, 19161.92, 11.05, 9.67
15:33:29, 1028.90, 10.39, 246, 366, 505, 608, 627, 669, 804, 954, 4460, 1993, 19178.55, 11.03, 9.68
15:33:29, 1028.60, 10.39, 246, 367, 508, 612, 650, 697, 833, 993, 4547, 2015, 19161.92, 11.05, 9.68
15:33:29, 1028.40, 10.40, 237, 353, 487, 589, 611, 650, 785, 926, 4394, 1948, 19145.30, 11.07, 9.68
15:33:30, 1028.50, 10.40, 247, 367, 507, 613, 639, 684, 820, 974, 4554, 2109, 19178.55, 11.03, 9.67
15:33:30, 1028.60, 10.39, 225, 335, 465, 564, 632, 676, 811, 964, 4461, 1934, 19145.30, 11.07, 9.67
15:33:31, 1028.50, 10.40, 241, 359, 496, 600, 637, 681, 818, 971, 4510, 2037, 19178.55, 11.03, 9.67
15:33:31, 1028.50, 10.40, 245, 364, 504, 608, 647, 694, 829, 989, 4524, 2023, 19161.92, 11.05, 9.67
15:33:32, 1028.50, 10.40, 237, 352, 488, 590, 637, 683, 818, 974, 4468, 1958, 19161.92, 11.05, 9.67
15:33:32, 1028.40, 10.40, 238, 354, 491, 592, 635, 680, 814, 969, 4459, 1992, 19161.92, 11.05, 9.67
15:33:32, 1028.60, 10.40, 241, 358, 495, 598, 631, 676, 811, 964, 4436, 1985, 19112.12, 11.10, 9.67
15:33:33, 1028.50, 10.40, 239, 356, 492, 595, 639, 685, 821, 977, 4478, 1989, 19178.55, 11.03, 9.68
15:33:33, 1028.40, 10.40, 242, 361, 499, 602, 633, 676, 812, 965, 4464, 2017, 19095.57, 11.12, 9.68
15:33:34, 1028.50, 10.40, 243, 362, 501, 604, 639, 685, 820, 976, 4463, 1976, 19145.30, 11.07, 9.68
15:33:34, 1028.20, 10.40, 241, 358, 496, 598, 647, 694, 830, 989, 4520, 2035, 19112.12, 11.10, 9.67
15:33:34, 1028.30, 10.40, 239, 356, 492, 594, 621, 662, 800, 945, 4415, 1998, 19161.92, 11.05, 9.67
15:33:35, 1028.70, 10.40, 242, 361, 500, 603, 632, 675, 812, 963, 4441, 2009, 19178.55, 11.03, 9.68
15:33:35, 1028.40, 10.40, 241, 358, 497, 599, 647, 692, 830, 987, 4473, 1977, 19195.21, 11.01, 9.68
15:33:36, 1028.40, 10.40, 238, 355, 491, 593, 643, 687, 825, 980, 4475, 2039, 19178.55, 11.03, 9.68
15:33:36, 1028.40, 10.40, 236, 352, 487, 588, 626, 665, 804, 951, 4374, 1946, 19211.88, 11.00, 9.68
15:33:37, 1028.30, 10.40, 243, 361, 499, 601, 642, 686, 823, 979, 4460, 2052, 19178.55, 11.03, 9.68
15:33:37, 1028.30, 10.40, 234, 348, 483, 585, 645, 688, 827, 982, 4446, 1986, 19178.55, 11.03, 9.68
15:33:37, 1028.40, 10.40, 238, 356, 492, 593, 608, 644, 782, 918, 4297, 1953, 19211.88, 11.00, 9.68
15:33:38, 1028.50, 10.40, 244, 364, 504, 606, 642, 684, 823, 976, 4442, 2038, 19161.92, 11.05, 9.68
15:33:38, 1028.60, 10.40, 219, 328, 454, 551, 635, 676, 814, 965, 4368, 1940, 19178.55, 11.03, 9.68
15:33:39, 1028.50, 10.40, 238, 356, 492, 593, 622, 660, 800, 941, 4350, 2004, 19195.21, 11.01, 9.68
15:33:39, 1028.60, 10.40, 240, 358, 496, 597, 640, 681, 820, 972, 4367, 1933, 19178.55, 11.03, 9.69
15:33:39, 1028.70, 10.40, 233, 347, 480, 580, 641, 683, 821, 975, 4383, 1981, 19195.21, 11.01, 9.69
15:33:40, 1028.40, 10.40, 232, 346, 479, 579, 615, 651, 790, 929, 4277, 1932, 19128.70, 11.08, 9.69
15:33:40, 1028.40, 10.40, 239, 358, 495, 596, 627, 665, 805, 950, 4332, 1975, 19145.30, 11.07, 9.69
15:33:41, 1028.50, 10.40, 235, 351, 485, 585, 626, 664, 803, 948, 4280, 1892, 19178.55, 11.03, 9.69
15:33:41, 1028.40, 10.40, 233, 347, 481, 580, 633, 672, 812, 959, 4364, 2014, 19178.55, 11.03, 9.69
15:33:41, 1028.30, 10.40, 234, 350, 484, 583, 591, 624, 760, 890, 4146, 1899, 19228.57, 10.98, 9.69
15:33:42, 1028.60, 10.40, 242, 361, 499, 600, 629, 668, 807, 954, 4304, 1943, 19128.70, 11.08, 9.69
15:33:42, 1028.20, 10.40, 235, 350, 485, 586, 649, 690, 830, 984, 4424, 2007, 19112.12, 11.10, 9.69
15:33:43, 1028.40, 10.40, 242, 361, 499, 600, 615, 651, 790, 929, 4269, 1950, 19195.21, 11.01, 9.69
15:33:43, 1028.60, 10.41, 246, 366, 505, 609, 642, 686, 819, 979, 4252, 1939, 19178.55, 11.03, 9.69
15:33:44, 1028.10, 10.41, 211, 317, 438, 534, 636, 675, 814, 963, 4360, 1952, 19211.88, 11.00, 9.69
15:33:44, 1028.50, 10.40, 244, 364, 501, 604, 634, 673, 811, 960, 4329, 1963, 19178.55, 11.03, 9.69
15:33:44, 1028.30, 10.40, 242, 360, 497, 599, 645, 684, 825, 976, 4397, 2011, 19228.57, 10.98, 9.69
15:33:45, 1028.30, 10.40, 231, 346, 477, 577, 589, 622, 755, 886, 4123, 1840, 19211.88, 11.00, 9.69
15:33:45, 1028.30, 10.40, 245, 365, 503, 606, 638, 678, 818, 969, 4325, 2000, 19161.92, 11.05, 9.69
15:33:46, 1028.10, 10.40, 225, 335, 464, 563, 643, 681, 822, 973, 4322, 1910, 19228.57, 10.98, 9.69
15:33:46, 1028.20, 10.40, 240, 357, 493, 593, 644, 684, 823, 977, 4349, 2025, 19245.29, 10.96, 9.70
15:33:46, 1028.20, 10.40, 231, 345, 477, 577, 637, 674, 814, 961, 4321, 1976, 19262.02, 10.94, 9.70
15:33:47, 1028.40, 10.40, 243, 363, 501, 602, 620, 657, 796, 937, 4244, 1943, 19195.21, 11.01, 9.70
15:33:47, 1028.40, 10.40, 242, 360, 498, 600, 642, 680, 820, 970, 4360, 2010, 19178.55, 11.03, 9.70
15:33:48, 1028.30, 10.40, 235, 351, 484, 584, 589, 622, 757, 885, 4114, 1903, 19178.55, 11.03, 9.70
15:33:48, 1028.30, 10.40, 242, 361, 497, 599, 631, 670, 809, 955, 4311, 1990, 19178.55, 11.03, 9.70
15:33:49, 1028.20, 10.40, 223, 333, 459, 557, 637, 675, 814, 964, 4310, 1950, 19211.88, 11.00, 9.70
15:33:49, 1028.10, 10.40, 235, 349, 482, 582, 621, 658, 796, 937, 4273, 1992, 19228.57, 10.98, 9.70
15:33:49, 1028.30, 10.40, 242, 361, 498, 600, 637, 676, 814, 963, 4338, 2011, 19178.55, 11.03, 9.70
15:33:50, 1028.30, 10.40, 221, 330, 456, 553, 627, 664, 803, 946, 4280, 1926, 19262.02, 10.94, 9.70
15:33:50, 1028.30, 10.40, 238, 355, 489, 589, 622, 660, 798, 940, 4284, 1978, 19228.57, 10.98, 9.70
15:33:51, 1028.30, 10.40, 241, 358, 495, 596, 641, 681, 820, 971, 4346, 1974, 19211.88, 11.00, 9.70
15:33:51, 1028.40, 10.40, 235, 349, 482, 581, 613, 650, 787, 925, 4249, 1991, 19161.92, 11.05, 9.70
15:33:51, 1028.10, 10.40, 234, 348, 482, 582, 622, 660, 798, 939, 4287, 1971, 19195.21, 11.01, 9.70
15:33:52, 1028.20, 10.40, 238, 354, 488, 588, 612, 648, 786, 922, 4235, 1966, 19211.88, 11.00, 9.70
15:33:52, 1028.20, 10.40, 238, 354, 489, 589, 632, 671, 809, 955, 4330, 1983, 19195.21, 11.01, 9.70
15:33:53, 1028.30, 10.40, 236, 351, 484, 583, 608, 645, 782, 917, 4233, 1972, 19245.29, 10.96, 9.70
15:33:53, 1028.30, 10.40, 237, 353, 488, 588, 623, 661, 798, 940, 4288, 1935, 19178.55, 11.03, 9.70
15:33:53, 1028.10, 10.40, 236, 351, 484, 583, 631, 673, 809, 957, 4349, 2018, 19178.55, 11.03, 9.70
15:33:54, 1028.20, 10.40, 229, 339, 469, 567, 622, 660, 797, 939, 4321, 1997, 19228.57, 10.98, 9.70
15:33:54, 1029.20, 10.40, 234, 348, 481, 579, 601, 636, 771, 904, 4190, 1880, 19211.88, 11.00, 9.70
15:33:55, 1030.10, 10.40, 223, 333, 464, 560, 595, 629, 761, 898, 4020, 1518, 19228.57, 10.98, 9.70
15:33:55, 1030.70, 10.40, 215, 321, 446, 541, 588, 621, 753, 886, 4019, 1571, 19262.02, 10.94, 9.70
15:33:56, 1033.00, 10.40, 215, 324, 453, 548, 567, 598, 726, 852, 3815, 1259, 19178.55, 11.03, 9.69
15:33:56, 1034.70, 10.39, 208, 316, 445, 540, 581, 612, 739, 871, 3772, 1115, 19211.88, 11.00, 9.69
15:33:56, 1036.70, 10.39, 200, 305, 432, 527, 577, 606, 730, 860, 3653, 963, 19178.55, 11.03, 9.67
15:33:57, 1038.20, 10.38, 194, 297, 422, 516, 564, 591, 714, 835, 3568, 878, 19161.92, 11.05, 9.67
15:33:57, 1040.50, 10.38, 190, 292, 418, 511, 546, 569, 690, 800, 3434, 785, 19245.29, 10.96, 9.67
15:33:58, 1041.90, 10.37, 190, 293, 421, 515, 539, 559, 680, 785, 3344, 724, 19161.92, 11.05, 9.65
15:33:58, 1044.40, 10.37, 182, 282, 407, 498, 534, 552, 671, 772, 3225, 640, 19211.88, 11.00, 9.65
15:33:58, 1047.20, 10.36, 173, 271, 392, 483, 521, 538, 651, 747, 3074, 549, 19228.57, 10.98, 9.63
15:33:59, 1048.90, 10.35, 166, 262, 381, 469, 516, 533, 644, 738, 3006, 503, 19178.55, 11.03, 9.63
15:33:59, 1052.00, 10.35, 163, 258, 377, 466, 509, 527, 632, 723, 2906, 436, 19161.92, 11.05, 9.63
15:34:00, 1055.30, 10.34, 156, 249, 367, 455, 495, 512, 613, 696, 2801, 382, 19178.55, 11.03, 9.61
15:34:00, 1056.90, 10.33, 155, 248, 366, 456, 500, 516, 616, 699, 2778, 359, 19195.21, 11.01, 9.61
15:34:00, 1060.00, 10.33, 150, 242, 359, 448, 487, 499, 597, 673, 2701, 332, 19178.55, 11.03, 9.58
15:34:01, 1062.60, 10.32, 147, 238, 354, 443, 487, 498, 593, 667, 2615, 297, 19228.57, 10.98, 9.58
15:34:01, 1065.10, 10.31, 140, 229, 342, 428, 477, 486, 579, 649, 2522, 274, 19211.88, 11.00, 9.58
15:34:02, 1067.30, 10.31, 136, 222, 334, 420, 461, 469, 558, 621, 2408, 247, 19178.55, 11.03, 9.55
15:34:02, 1069.30, 10.30, 133, 218, 330, 414, 450, 458, 544, 604, 2351, 233, 19211.88, 11.00, 9.55
15:34:03, 1072.20, 10.30, 131, 216, 328, 411, 442, 450, 532, 588, 2288, 213, 19211.88, 11.00, 9.54
15:34:03, 1074.50, 10.29, 126, 209, 318, 401, 438, 446, 524, 578, 2246, 198, 19195.21, 11.01, 9.54
15:34:03, 1077.50, 10.29, 121, 201, 307, 388, 429, 436, 511, 561, 2187, 184, 19228.57, 10.98, 9.54
15:34:04, 1078.80, 10.29, 119, 199, 304, 386, 418, 422, 496, 542, 2141, 177, 19228.57, 10.98, 9.53
15:34:04, 1080.20, 10.28, 116, 194, 298, 378, 415, 419, 492, 536, 2109, 171, 19178.55, 11.03, 9.53
15:34:05, 1082.50, 10.28, 111, 186, 288, 366, 408, 411, 482, 524, 2044, 162, 19228.57, 10.98, 9.54
15:34:05, 1084.80, 10.24, 109, 184, 284, 362, 403, 405, 475, 513, 1971, 152, 19211.88, 11.00, 9.54
15:34:05, 1086.90, 10.24, 107, 181, 281, 358, 397, 398, 467, 503, 1901, 143, 19195.21, 11.01, 9.54
15:34:06, 1088.20, 10.24, 104, 178, 276, 353, 386, 387, 455, 487, 1839, 137, 19245.29, 10.96, 9.52
15:34:06, 1090.30, 10.23, 104, 178, 277, 354, 384, 385, 451, 482, 1808, 132, 19228.57, 10.98, 9.52
15:34:07, 1093.30, 10.23, 101, 174, 272, 348, 386, 386, 448, 480, 1779, 125, 19178.55, 11.03, 9.53
15:34:07, 1095.60, 10.23, 96, 166, 260, 335, 373, 373, 433, 460, 1741, 120, 19245.29, 10.96, 9.53
15:34:08, 1097.80, 10.23, 93, 161, 254, 328, 373, 373, 430, 457, 1727, 116, 19228.57, 10.98, 9.53
15:34:08, 1099.10, 10.23, 89, 155, 245, 317, 369, 368, 424, 448, 1714, 114, 19245.29, 10.96, 9.54
15:34:08, 1100.60, 10.22, 88, 152, 242, 313, 355, 353, 409, 428, 1682, 112, 19245.29, 10.96, 9.54
15:34:09, 1102.20, 10.23, 91, 157, 250, 324, 348, 345, 400, 416, 1657, 110, 19228.57, 10.98, 9.55
15:34:09, 1104.40, 10.22, 92, 160, 254, 329, 359, 356, 410, 429, 1664, 108, 19228.57, 10.98, 9.55
15:34:10, 1105.40, 10.22, 89, 155, 247, 321, 366, 363, 416, 436, 1666, 107, 19195.21, 11.01, 9.55
15:34:10, 1105.80, 10.22, 86, 151, 241, 313, 361, 359, 410, 428, 1653, 106, 19195.21, 11.01, 9.54
15:34:10, 1109.10, 10.22, 87, 151, 243, 315, 361, 358, 408, 426, 1646, 104, 19245.29, 10.96, 9.54
15:34:11, 1113.10, 10.22, 84, 147, 236, 308, 340, 336, 383, 395, 1596, 100, 19195.21, 11.01, 9.55
15:34:11, 1116.20, 10.22, 84, 149, 240, 313, 339, 334, 379, 390, 1596, 98, 19262.02, 10.94, 9.55
15:34:12, 1118.30, 10.22, 83, 147, 237, 311, 340, 337, 379, 390, 1601, 97, 19211.88, 11.00, 9.55
15:34:12, 1119.60, 10.22, 80, 142, 230, 301, 344, 342, 382, 394, 1609, 96, 19211.88, 11.00, 9.56
15:34:12, 1121.30, 10.22, 79, 140, 226, 297, 339, 335, 375, 386, 1595, 94, 19211.88, 11.00, 9.56
15:34:13, 1123.00, 10.22, 79, 141, 229, 302, 340, 336, 375, 385, 1564, 92, 19228.57, 10.98, 9.56
15:34:13, 1124.70, 10.22, 78, 138, 224, 296, 335, 330, 368, 378, 1511, 89, 19245.29, 10.96, 9.56
15:34:14, 1127.00, 10.22, 76, 135, 220, 291, 331, 325, 362, 372, 1446, 85, 19195.21, 11.01, 9.56
15:34:14, 1128.90, 10.22, 75, 135, 220, 291, 326, 319, 356, 365, 1374, 81, 19178.55, 11.03, 9.57
15:34:15, 1131.60, 10.22, 74, 134, 218, 290, 331, 323, 359, 367, 1308, 77, 19228.57, 10.98, 9.57
15:34:15, 1134.20, 10.22, 72, 131, 213, 284, 328, 319, 354, 362, 1252, 73, 19211.88, 11.00, 9.58
15:34:15, 1136.30, 10.22, 71, 128, 210, 279, 321, 312, 345, 353, 1207, 71, 19245.29, 10.96, 9.58
15:34:16, 1138.40, 10.22, 70, 127, 208, 277, 319, 309, 340, 347, 1169, 68, 19245.29, 10.96, 9.58
15:34:16, 1140.60, 10.21, 69, 125, 205, 274, 316, 305, 335, 342, 1131, 65, 19228.57, 10.98, 9.58
15:34:17, 1143.00, 10.21, 67, 123, 203, 271, 311, 300, 327, 333, 1094, 63, 19228.57, 10.98, 9.58
15:34:17, 1145.10, 10.21, 66, 121, 200, 267, 308, 296, 323, 328, 1070, 61, 19211.88, 11.00, 9.58
15:34:17, 1147.00, 10.21, 65, 119, 197, 264, 305, 293, 319, 323, 1059, 61, 19245.29, 10.96, 9.58
15:34:18, 1148.60, 10.21, 64, 118, 196, 262, 303, 291, 316, 318, 1053, 60, 19245.29, 10.96, 9.58
15:34:18, 1151.00, 10.21, 64, 117, 195, 262, 302, 290, 314, 315, 1060, 60, 19262.02, 10.94, 9.58
15:34:19, 1153.30, 10.20, 63, 116, 192, 259, 297, 285, 309, 308, 1065, 61, 19245.29, 10.96, 9.58
15:34:19, 1155.90, 10.20, 61, 114, 190, 256, 295, 283, 306, 303, 1073, 61, 19178.55, 11.03, 9.58
15:34:20, 1158.10, 10.20, 60, 112, 188, 254, 292, 279, 301, 297, 1077, 61, 19245.29, 10.96, 9.58
15:34:20, 1159.70, 10.20, 60, 111, 186, 252, 289, 276, 297, 291, 1079, 61, 19228.57, 10.98, 9.58
15:34:20, 1161.60, 10.20, 59, 110, 184, 250, 288, 275, 295, 288, 1085, 61, 19262.02, 10.94, 9.58
15:34:21, 1163.90, 10.20, 58, 108, 183, 248, 280, 268, 287, 279, 1076, 60, 19262.02, 10.94, 9.58
15:34:21, 1166.40, 10.20, 57, 106, 178, 242, 277, 264, 282, 273, 1070, 60, 19245.29, 10.96, 9.58
15:34:22, 1169.20, 10.20, 55, 104, 176, 239, 274, 261, 277, 267, 1057, 59, 19228.57, 10.98, 9.58
15:34:22, 1173.00, 10.20, 54, 102, 174, 238, 274, 260, 276, 264, 1038, 58, 19245.29, 10.96, 9.57
15:34:22, 1175.80, 10.19, 53, 99, 169, 231, 270, 256, 271, 258, 1016, 56, 19262.02, 10.94, 9.57
15:34:23, 1178.20, 10.19, 52, 98, 168, 229, 266, 252, 265, 252, 994, 55, 19245.29, 10.96, 9.57
15:34:23, 1180.40, 10.19, 51, 98, 167, 229, 265, 251, 263, 250, 978, 54, 19211.88, 11.00, 9.57
15:34:24, 1182.50, 10.19, 51, 97, 166, 228, 262, 247, 259, 245, 954, 53, 19228.57, 10.98, 9.57
15:34:24, 1185.50, 10.19, 50, 96, 165, 227, 257, 242, 252, 238, 925, 51, 19245.29, 10.96, 9.58
15:34:24, 1188.80, 10.19, 49, 93, 161, 222, 255, 239, 248, 234, 894, 49, 19262.02, 10.94, 9.58
15:34:25, 1191.60, 10.19, 48, 91, 158, 218, 252, 236, 244, 230, 864, 48, 19245.29, 10.96, 9.58
15:34:25, 1194.60, 10.19, 47, 89, 155, 213, 253, 236, 243, 228, 842, 46, 19262.02, 10.94, 9.59
15:34:26, 1196.80, 10.19, 46, 89, 155, 213, 249, 231, 237, 223, 813, 45, 19262.02, 10.94, 9.59
15:34:26, 1198.60, 10.19, 46, 88, 153, 211, 245, 228, 232, 218, 781, 43, 19262.02, 10.94, 9.60
15:34:27, 1200.60, 10.19, 45, 86, 150, 206, 240, 223, 226, 213, 742, 41, 19278.76, 10.92, 9.60
15:34:27, 1202.10, 10.19, 44, 85, 148, 204, 239, 222, 223, 211, 712, 39, 19278.76, 10.92, 9.60
15:34:27, 1205.00, 10.20, 43, 82, 143, 198, 231, 215, 215, 203, 642, 35, 19278.76, 10.92, 9.60
15:34:28, 1208.50, 10.20, 43, 81, 144, 198, 225, 211, 208, 197, 582, 31, 19262.02, 10.94, 9.60
15:34:28, 1211.20, 10.20, 43, 81, 145, 199, 228, 214, 209, 199, 560, 30, 19295.53, 10.91, 9.62
15:34:29, 1213.60, 10.20, 42, 79, 140, 194, 228, 214, 207, 197, 527, 28, 19245.29, 10.96, 9.62
15:34:29, 1215.40, 10.20, 41, 77, 138, 191, 223, 210, 202, 192, 490, 26, 19312.32, 10.89, 9.62
15:34:29, 1217.60, 10.20, 42, 79, 140, 195, 222, 209, 201, 190, 483, 25, 19278.76, 10.92, 9.63
15:34:30, 1219.40, 10.20, 41, 79, 141, 195, 224, 210, 201, 190, 495, 26, 19262.02, 10.94, 9.63
15:34:30, 1221.90, 10.20, 41, 78, 138, 192, 223, 209, 199, 187, 504, 26, 19278.76, 10.92, 9.63
15:34:31, 1225.40, 10.20, 40, 76, 137, 189, 217, 202, 193, 181, 496, 26, 19245.29, 10.96, 9.63
15:34:31, 1228.40, 10.19, 39, 75, 134, 187, 215, 199, 190, 176, 501, 26, 19278.76, 10.92, 9.63
15:34:32, 1231.50, 10.20, 38, 74, 133, 184, 213, 197, 187, 173, 503, 27, 19262.02, 10.94, 9.63
15:34:32, 1233.60, 10.20, 38, 73, 132, 184, 212, 196, 186, 171, 510, 27, 19295.53, 10.91, 9.63
15:34:32, 1235.30, 10.20, 38, 73, 132, 184, 212, 196, 185, 170, 513, 27, 19262.02, 10.94, 9.64
15:34:33, 1236.90, 10.20, 37, 72, 132, 182, 210, 194, 183, 167, 506, 27, 19295.53, 10.91, 9.64
15:34:33, 1239.50, 10.20, 36, 71, 128, 179, 205, 189, 178, 162, 478, 25, 19278.76, 10.92, 9.64
15:34:34, 1242.10, 10.20, 37, 71, 129, 180, 206, 189, 177, 162, 467, 24, 19245.29, 10.96, 9.64
15:34:34, 1245.50, 10.20, 35, 68, 125, 174, 207, 190, 176, 160, 454, 24, 19278.76, 10.92, 9.64
15:34:34, 1248.90, 10.20, 34, 67, 122, 172, 199, 183, 169, 153, 408, 21, 19228.57, 10.98, 9.65
15:34:35, 1251.30, 10.20, 35, 68, 125, 176, 197, 181, 167, 150, 391, 20, 19295.53, 10.91, 9.65
15:34:35, 1252.50, 10.20, 35, 68, 125, 177, 200, 184, 168, 151, 398, 20, 19278.76, 10.92, 9.65
15:34:36, 1254.00, 10.20, 34, 67, 123, 174, 199, 183, 167, 150, 396, 20, 19262.02, 10.94, 9.66
15:34:36, 1256.00, 10.20, 34, 66, 122, 172, 198, 181, 165, 148, 391, 20, 19312.32, 10.89, 9.66
15:34:36, 1258.80, 10.20, 34, 65, 121, 170, 197, 180, 164, 146, 391, 20, 19295.53, 10.91, 9.65
15:34:37, 1261.40, 10.20, 33, 64, 119, 168, 196, 179, 162, 144, 392, 20, 19278.76, 10.92, 9.65
15:34:37, 1263.80, 10.20, 32, 63, 116, 165, 192, 175, 158, 140, 381, 19, 19295.53, 10.91, 9.65
15:34:38, 1266.30, 10.20, 32, 63, 118, 166, 188, 171, 154, 136, 372, 19, 19295.53, 10.91, 9.65
15:34:38, 1268.70, 10.20, 32, 63, 118, 166, 190, 172, 155, 136, 387, 20, 19312.32, 10.89, 9.65
15:34:39, 1270.20, 10.20, 32, 63, 117, 165, 191, 173, 155, 136, 400, 21, 19295.53, 10.91, 9.65
15:34:39, 1271.80, 10.20, 32, 62, 116, 164, 192, 173, 155, 136, 410, 21, 19312.32, 10.89, 9.65
15:34:39, 1273.70, 10.20, 31, 62, 116, 163, 189, 171, 154, 134, 410, 21, 19278.76, 10.92, 9.65
15:34:40, 1275.90, 10.20, 31, 61, 115, 161, 187, 168, 151, 131, 407, 21, 19312.32, 10.89, 9.66
15:34:40, 1278.80, 10.20, 31, 61, 114, 160, 185, 166, 148, 129, 400, 21, 19262.02, 10.94, 9.66
15:34:41, 1282.00, 10.20, 30, 60, 114, 160, 184, 165, 146, 127, 396, 20, 19278.76, 10.92, 9.66
15:34:41, 1284.50, 10.20, 30, 60, 112, 158, 185, 165, 146, 126, 396, 20, 19329.13, 10.87, 9.66
15:34:41, 1286.60, 10.20, 30, 59, 112, 158, 183, 163, 144, 123, 387, 20, 19262.02, 10.94, 9.66
15:34:42, 1288.10, 10.20, 30, 59, 112, 158, 181, 162, 142, 122, 384, 20, 19295.53, 10.91, 9.66
15:34:42, 1289.80, 10.20, 30, 59, 112, 158, 180, 160, 141, 120, 385, 20, 19295.53, 10.91, 9.66
15:34:43, 1291.70, 10.20, 29, 58, 109, 155, 179, 159, 139, 119, 384, 20, 19312.32, 10.89, 9.66
15:34:43, 1294.10, 10.20, 29, 58, 109, 154, 177, 157, 138, 117, 384, 20, 19245.29, 10.96, 9.66
15:34:44, 1297.30, 10.20, 28, 57, 108, 152, 176, 155, 135, 115, 386, 20, 19312.32, 10.89, 9.66
15:34:44, 1300.30, 10.20, 28, 56, 106, 150, 176, 155, 136, 113, 392, 20, 19278.76, 10.92, 9.66
15:34:44, 1303.50, 10.20, 27, 54, 104, 147, 173, 152, 132, 110, 385, 20, 19312.32, 10.89, 9.66
15:34:45, 1305.10, 10.20, 27, 54, 103, 146, 172, 150, 131, 109, 383, 20, 19295.53, 10.91, 9.66
15:34:45, 1307.00, 10.20, 27, 54, 104, 147, 171, 149, 130, 107, 389, 20, 19262.02, 10.94, 9.66
15:34:46, 1309.20, 10.20, 26, 53, 102, 145, 169, 147, 129, 105, 397, 21, 19295.53, 10.91, 9.66
15:34:46, 1312.10, 10.20, 26, 52, 100, 142, 169, 147, 128, 104, 405, 21, 19228.57, 10.98, 9.66
15:34:46, 1315.40, 10.20, 25, 52, 100, 141, 166, 144, 125, 101, 403, 21, 19295.53, 10.91, 9.66
15:34:47, 1318.80, 10.20, 25, 51, 99, 141, 163, 141, 122, 98, 398, 21, 19262.02, 10.94, 9.66
15:34:47, 1321.10, 10.20, 25, 51, 99, 141, 161, 139, 120, 96, 398, 21, 19262.02, 10.94, 9.66
15:34:48, 1322.70, 10.20, 24, 51, 98, 139, 162, 139, 120, 96, 405, 21, 19278.76, 10.92, 9.66
15:34:48, 1325.10, 10.20, 24, 50, 97, 138, 162, 138, 119, 95, 411, 21, 19312.32, 10.89, 9.66
15:34:48, 1327.10, 10.20, 24, 50, 97, 137, 162, 138, 119, 94, 417, 22, 19278.76, 10.92, 9.66
15:34:49, 1328.30, 10.20, 24, 50, 96, 137, 161, 137, 118, 93, 421, 22, 19295.53, 10.91, 9.66
15:34:49, 1330.70, 10.20, 24, 50, 95, 137, 159, 135, 117, 92, 421, 22, 19312.32, 10.89, 9.66
15:34:50, 1333.40, 10.20, 23, 49, 95, 136, 157, 133, 115, 90, 421, 22, 19295.53, 10.91, 9.66
15:34:50, 1336.00, 10.20, 23, 49, 95, 136, 157, 133, 114, 88, 424, 22, 19329.13, 10.87, 9.66
15:34:51, 1337.60, 10.20, 23, 48, 93, 134, 156, 132, 113, 88, 428, 22, 19312.32, 10.89, 9.66
15:34:51, 1339.80, 10.20, 22, 47, 92, 132, 154, 130, 111, 86, 430, 22, 19312.32, 10.89, 9.66
15:34:51, 1342.20, 10.21, 22, 47, 92, 131, 151, 127, 109, 84, 430, 23, 19312.32, 10.89, 9.66
15:34:52, 1343.40, 10.20, 22, 46, 90, 130, 151, 127, 108, 83, 430, 23, 19329.13, 10.87, 9.66
15:34:52, 1345.00, 10.20, 22, 46, 89, 129, 151, 127, 108, 82, 433, 23, 19278.76, 10.92, 9.66
15:34:53, 1346.30, 10.21, 22, 46, 90, 129, 150, 126, 107, 81, 436, 23, 19312.32, 10.89, 9.66
15:34:53, 1349.60, 10.21, 21, 45, 89, 128, 149, 125, 106, 80, 435, 23, 19312.32, 10.89, 9.66
15:34:53, 1353.00, 10.20, 21, 44, 86, 124, 148, 124, 104, 78, 434, 23, 19312.32, 10.89, 9.66
15:34:54, 1354.80, 10.20, 21, 44, 87, 126, 147, 122, 103, 77, 432, 23, 19312.32, 10.89, 9.66
15:34:54, 1356.90, 10.20, 21, 44, 87, 125, 145, 121, 102, 76, 429, 22, 19295.53, 10.91, 9.66
15:34:55, 1358.80, 10.20, 20, 44, 86, 125, 144, 120, 101, 75, 425, 22, 19329.13, 10.87, 9.66
15:34:55, 1361.00, 10.20, 20, 43, 86, 124, 143, 119, 99, 74, 423, 22, 19312.32, 10.89, 9.66
15:34:56, 1363.50, 10.20, 20, 43, 85, 122, 141, 117, 97, 72, 421, 22, 19312.32, 10.89, 9.66
15:34:56, 1366.90, 10.20, 20, 42, 84, 121, 139, 115, 95, 70, 415, 22, 19295.53, 10.91, 9.66
15:34:56, 1369.50, 10.20, 19, 42, 83, 121, 137, 113, 94, 69, 410, 21, 19295.53, 10.91, 9.66
15:34:57, 1371.10, 10.20, 19, 41, 82, 120, 136, 112, 93, 68, 407, 21, 19345.96, 10.85, 9.66
15:34:57, 1372.70, 10.20, 19, 41, 82, 119, 138, 113, 93, 68, 408, 21, 19312.32, 10.89, 9.66
15:34:58, 1374.50, 10.20, 19, 41, 81, 118, 138, 114, 94, 68, 409, 21, 19312.32, 10.89, 9.66
15:34:58, 1376.40, 10.20, 19, 40, 81, 117, 137, 112, 92, 67, 408, 21, 19345.96, 10.85, 9.66
15:34:58, 1378.20, 10.20, 19, 41, 81, 118, 136, 111, 91, 66, 406, 21, 19295.53, 10.91, 9.66
15:34:59, 1381.40, 10.20, 18, 40, 80, 116, 135, 111, 90, 65, 402, 21, 19345.96, 10.85, 9.66
15:34:59, 1384.60, 10.20, 18, 39, 78, 114, 136, 111, 90, 65, 399, 21, 19312.32, 10.89, 9.66
15:35:00, 1386.40, 10.20, 18, 38, 77, 112, 132, 108, 87, 63, 393, 20, 19295.53, 10.91, 9.66
15:35:00, 1388.70, 10.20, 18, 38, 77, 112, 132, 107, 86, 62, 389, 20, 19312.32, 10.89, 9.66
15:35:00, 1390.10, 10.20, 17, 38, 77, 112, 131, 107, 86, 61, 385, 20, 19329.13, 10.87, 9.66
15:35:01, 1391.60, 10.20, 17, 38, 76, 111, 131, 106, 86, 61, 383, 20, 19312.32, 10.89, 9.66
15:35:01, 1393.60, 10.20, 17, 38, 76, 111, 131, 106, 85, 61, 381, 20, 19312.32, 10.89, 9.66
15:35:02, 1396.40, 10.20, 17, 38, 76, 111, 130, 105, 84, 60, 376, 19, 19312.32, 10.89, 9.66
15:35:02, 1398.90, 10.20, 17, 37, 74, 109, 129, 104, 83, 59, 372, 19, 19312.32, 10.89, 9.66
15:35:03, 1401.00, 10.20, 17, 36, 74, 108, 127, 102, 81, 57, 369, 19, 19312.32, 10.89, 9.66
15:35:03, 1401.10, 10.20, 17, 37, 74, 109, 126, 102, 81, 57, 368, 19, 19312.32, 10.89, 9.66
15:35:03, 1401.10, 10.20, 17, 37, 74, 109, 126, 102, 81, 57, 368, 19, 19312.32, 10.89, 9.66
15:35:04, 1401.20, 10.20, 17, 36, 74, 108, 126, 102, 81, 57, 370, 19, 19295.53, 10.91, 9.66
15:35:04, 1401.80, 10.20, 16, 36, 74, 108, 126, 101, 80, 57, 372, 19, 19329.13, 10.87, 9.66
15:35:05, 1403.20, 10.20, 16, 36, 72, 106, 126, 101, 80, 56, 374, 19, 19278.76, 10.92, 9.66
15:35:05, 1404.80, 10.20, 16, 35, 72, 105, 126, 101, 80, 56, 376, 19, 19329.13, 10.87, 9.66
15:35:05, 1406.40, 10.20, 16, 35, 71, 104, 123, 99, 78, 55, 376, 19, 19329.13, 10.87, 9.66
15:35:06, 1407.90, 10.20, 16, 35, 72, 105, 123, 98, 77, 54, 375, 19, 19345.96, 10.85, 9.66
15:35:06, 1410.10, 10.20, 16, 35, 71, 105, 121, 97, 76, 53, 373, 19, 19329.13, 10.87, 9.66
15:35:07, 1412.90, 10.20, 16, 35, 71, 104, 121, 97, 76, 52, 373, 19, 19329.13, 10.87, 9.66
15:35:07, 1415.10, 10.20, 15, 34, 70, 103, 119, 95, 74, 51, 371, 19, 19345.96, 10.85, 9.66
15:35:08, 1417.20, 10.20, 15, 34, 69, 102, 119, 95, 74, 51, 371, 19, 19312.32, 10.89, 9.66
15:35:08, 1419.20, 10.20, 15, 33, 69, 101, 117, 92, 72, 49, 368, 19, 19312.32, 10.89, 9.66
15:35:08, 1421.20, 10.20, 15, 33, 69, 101, 117, 93, 72, 49, 368, 19, 19345.96, 10.85, 9.66
15:35:09, 1423.00, 10.20, 15, 33, 68, 100, 116, 92, 71, 48, 366, 19, 19312.32, 10.89, 9.66
15:35:09, 1424.40, 10.20, 15, 33, 68, 100, 116, 91, 71, 48, 366, 19, 19345.96, 10.85, 9.66
15:35:10, 1426.10, 10.20, 15, 33, 68, 100, 115, 91, 70, 48, 365, 19, 19329.13, 10.87, 9.66
15:35:10, 1429.30, 10.20, 14, 32, 66, 98, 116, 91, 70, 47, 365, 19, 19345.96, 10.85, 9.66
15:35:10, 1430.50, 10.20, 14, 32, 66, 98, 114, 89, 69, 46, 362, 18, 19329.13, 10.87, 9.66
15:35:11, 1431.60, 10.20, 14, 32, 67, 99, 111, 87, 67, 45, 358, 18, 19362.80, 10.84, 9.66
15:35:11, 1433.30, 10.20, 14, 31, 65, 97, 112, 88, 67, 45, 358, 18, 19312.32, 10.89, 9.66
15:35:12, 1435.20, 10.20, 14, 31, 65, 96, 112, 88, 67, 45, 357, 18, 19362.80, 10.84, 9.66
15:35:12, 1436.10, 10.20, 14, 31, 64, 95, 112, 87, 67, 45, 356, 18, 19312.32, 10.89, 9.66
15:35:12, 1438.90, 10.20, 14, 31, 64, 95, 111, 87, 66, 44, 353, 18, 19329.13, 10.87, 9.66
15:35:13, 1440.30, 10.20, 14, 31, 64, 95, 108, 85, 64, 43, 348, 18, 19312.32, 10.89, 9.66
15:35:13, 1444.10, 10.20, 14, 31, 64, 95, 110, 85, 65, 43, 346, 18, 19345.96, 10.85, 9.66
15:35:14, 1446.20, 10.19, 13, 30, 63, 94, 109, 85, 64, 42, 343, 17, 19312.32, 10.89, 9.66
15:35:14, 1448.00, 10.19, 13, 30, 62, 92, 107, 83, 63, 41, 340, 17, 19312.32, 10.89, 9.66
15:35:15, 1449.50, 10.19, 13, 29, 61, 91, 106, 82, 62, 40, 338, 17, 19329.13, 10.87, 9.66
15:35:15, 1451.10, 10.19, 13, 29, 62, 92, 104, 80, 60, 39, 335, 17, 19345.96, 10.85, 9.66
15:35:15, 1453.80, 10.19, 13, 29, 61, 91, 105, 81, 60, 39, 335, 17, 19329.13, 10.87, 9.66
15:35:16, 1456.00, 10.19, 12, 28, 60, 89, 104, 80, 60, 39, 333, 17, 19345.96, 10.85, 9.66
15:35:16, 1459.10, 10.19, 12, 27, 58, 86, 103, 79, 59, 38, 330, 17, 19345.96, 10.85, 9.66
15:35:17, 1461.40, 10.19, 12, 27, 58, 87, 102, 78, 58, 37, 328, 17, 19345.96, 10.85, 9.66
15:35:17, 1463.60, 10.19, 12, 28, 59, 87, 100, 77, 57, 36, 326, 16, 19345.96, 10.85, 9.66
15:35:17, 1465.00, 10.18, 12, 27, 58, 87, 101, 77, 57, 36, 326, 16, 19362.80, 10.84, 9.66
15:35:18, 1466.80, 10.19, 12, 27, 57, 85, 100, 76, 56, 36, 323, 16, 19345.96, 10.85, 9.66
15:35:18, 1470.00, 10.18, 11, 26, 56, 84, 98, 75, 55, 35, 318, 16, 19362.80, 10.84, 9.66
15:35:19, 1473.60, 10.18, 11, 26, 56, 83, 96, 73, 54, 34, 312, 16, 19345.96, 10.85, 9.66
15:35:19, 1476.00, 10.18, 11, 26, 55, 83, 95, 72, 53, 33, 307, 15, 19312.32, 10.89, 9.66
15:35:20, 1477.80, 10.18, 11, 25, 55, 82, 95, 72, 53, 33, 303, 15, 19329.13, 10.87, 9.66
15:35:20, 1479.80, 10.18, 11, 25, 55, 82, 95, 72, 53, 33, 299, 15, 19312.32, 10.89, 9.66
15:35:20, 1482.30, 10.18, 11, 25, 54, 81, 94, 71, 52, 32, 294, 15, 19329.13, 10.87, 9.66
15:35:21, 1484.50, 10.18, 11, 25, 54, 81, 93, 71, 51, 32, 289, 15, 19362.80, 10.84, 9.66
15:35:21, 1487.40, 10.18, 11, 24, 53, 80, 94, 71, 51, 31, 286, 14, 19345.96, 10.85, 9.66
15:35:22, 1489.60, 10.18, 10, 24, 52, 78, 92, 69, 50, 31, 280, 14, 19329.13, 10.87, 9.66
15:35:22, 1491.50, 10.18, 10, 24, 52, 79, 91, 68, 49, 30, 277, 14, 19312.32, 10.89, 9.66
15:35:22, 1492.80, 10.18, 10, 24, 52, 79, 91, 69, 49, 30, 276, 14, 19329.13, 10.87, 9.66
15:35:23, 1495.20, 10.18, 10, 24, 52, 78, 91, 69, 49, 30, 274, 14, 19345.96, 10.85, 9.67
15:35:23, 1497.80, 10.18, 10, 23, 51, 77, 91, 68, 49, 30, 272, 14, 19329.13, 10.87, 9.67
15:35:24, 1500.60, 10.18, 10, 23, 50, 76, 90, 67, 48, 29, 270, 13, 19345.96, 10.85, 9.67
15:35:24, 1504.30, 10.18, 10, 23, 50, 75, 89, 66, 47, 28, 267, 13, 19345.96, 10.85, 9.67
15:35:24, 1506.40, 10.18, 10, 22, 50, 75, 87, 65, 46, 28, 265, 13, 19312.32, 10.89, 9.67
15:35:25, 1508.60, 10.18, 10, 22, 50, 75, 87, 65, 46, 27, 265, 13, 19329.13, 10.87, 9.69
15:35:25, 1511.50, 10.18, 10, 22, 50, 75, 86, 64, 45, 27, 262, 13, 19362.80, 10.84, 9.69
15:35:26, 1514.30, 10.18, 9, 22, 49, 75, 85, 63, 44, 26, 259, 13, 19329.13, 10.87, 9.69
15:35:26, 1517.80, 10.18, 9, 22, 49, 74, 85, 63, 43, 26, 258, 13, 19329.13, 10.87, 9.69
15:35:27, 1520.80, 10.18, 9, 21, 48, 72, 84, 62, 43, 26, 255, 13, 19329.13, 10.87, 9.69
15:35:27, 1522.80, 10.18, 9, 21, 47, 72, 83, 61, 42, 25, 251, 13, 19362.80, 10.84, 9.69
15:35:27, 1525.20, 10.18, 9, 21, 47, 71, 83, 61, 42, 25, 247, 12, 19379.66, 10.82, 9.69
15:35:28, 1527.40, 10.18, 9, 21, 46, 71, 82, 60, 41, 24, 242, 12, 19329.13, 10.87, 9.69
15:35:28, 1529.20, 10.18, 9, 21, 46, 71, 88, 64, 43, 26, 243, 12, 19345.96, 10.85, 9.69
15:35:29, 1529.10, 10.18, 11, 27, 61, 92, 101, 75, 46, 29, 206, 10, 19362.80, 10.84, 9.69
15:35:29, 1530.50, 10.18, 12, 28, 62, 94, 108, 79, 51, 32, 249, 12, 19379.66, 10.82, 9.70
15:35:29, 1531.20, 10.18, 10, 24, 53, 82, 90, 65, 44, 26, 239, 12, 19362.80, 10.84, 9.70
15:35:30, 1531.90, 10.19, 9, 20, 46, 70, 81, 59, 41, 24, 221, 11, 19329.13, 10.87, 9.70
15:35:30, 1531.90, 10.19, 8, 19, 44, 67, 79, 57, 39, 23, 216, 11, 19396.55, 10.80, 9.70
15:35:31, 1532.20, 10.19, 8, 19, 43, 67, 79, 57, 40, 23, 216, 11, 19396.55, 10.80, 9.70
15:35:31, 1532.10, 10.20, 8, 20, 44, 68, 80, 58, 40, 23, 216, 11, 19362.80, 10.84, 9.70
15:35:32, 1532.20, 10.20, 8, 20, 45, 69, 80, 58, 40, 23, 214, 11, 19329.13, 10.87, 9.70
15:35:32, 1532.10, 10.20, 7, 17, 38, 60, 67, 50, 35, 20, 174, 9, 19379.66, 10.82, 9.70
15:35:32, 1531.30, 10.21, 7, 17, 39, 61, 70, 51, 36, 20, 194, 10, 19362.80, 10.84, 9.70
15:35:33, 1527.50, 10.21, 8, 19, 43, 67, 79, 58, 40, 23, 214, 11, 19345.96, 10.85, 9.70
15:35:33, 1526.50, 10.21, 8, 19, 44, 68, 81, 59, 41, 24, 225, 11, 19329.13, 10.87, 9.70
15:35:34, 1525.20, 10.21, 8, 20, 45, 69, 80, 58, 41, 24, 230, 11, 19362.80, 10.84, 9.70
15:35:34, 1524.20, 10.21, 9, 20, 45, 69, 82, 60, 42, 25, 238, 12, 19396.55, 10.80, 9.70
15:35:34, 1525.40, 10.21, 9, 20, 45, 69, 84, 62, 42, 25, 243, 12, 19345.96, 10.85, 9.70
15:35:35, 1524.60, 10.21, 9, 20, 45, 69, 81, 60, 41, 24, 244, 12, 19345.96, 10.85, 9.70
15:35:35, 1525.80, 10.21, 9, 20, 45, 69, 82, 60, 41, 24, 245, 12, 19329.13, 10.87, 9.70
15:35:36, 1525.90, 10.21, 8, 20, 45, 69, 81, 59, 41, 24, 243, 12, 19379.66, 10.82, 9.70
15:35:36, 1525.70, 10.21, 9, 20, 45, 69, 80, 59, 41, 24, 240, 12, 19379.66, 10.82, 9.70
15:35:36, 1525.90, 10.21, 9, 20, 46, 70, 81, 59, 41, 24, 240, 12, 19345.96, 10.85, 9.70
15:35:37, 1525.90, 10.21, 9, 20, 46, 70, 82, 60, 41, 24, 238, 12, 19379.66, 10.82, 9.70
15:35:37, 1525.90, 10.21, 9, 20, 45, 69, 82, 60, 41, 24, 233, 12, 19362.80, 10.84, 9.70
15:35:38, 1525.70, 10.22, 9, 20, 45, 69, 81, 59, 41, 24, 226, 11, 19396.55, 10.80, 9.70
15:35:38, 1525.90, 10.22, 9, 20, 45, 70, 81, 59, 41, 24, 219, 11, 19379.66, 10.82, 9.70
15:35:39, 1525.70, 10.22, 9, 20, 45, 70, 81, 59, 41, 24, 213, 10, 19362.80, 10.84, 9.70
15:35:39, 1526.00, 10.22, 9, 20, 46, 70, 81, 60, 42, 24, 207, 10, 19329.13, 10.87, 9.70
15:35:39, 1526.00, 10.22, 9, 20, 45, 70, 81, 60, 42, 24, 201, 10, 19396.55, 10.80, 9.70
15:35:40, 1525.90, 10.22, 9, 20, 45, 70, 81, 60, 41, 24, 196, 10, 19362.80, 10.84, 9.70
15:35:40, 1526.10, 10.22, 8, 20, 45, 70, 81, 59, 41, 24, 193, 9, 19362.80, 10.84, 9.70
15:35:41, 1526.00, 10.22, 8, 20, 45, 70, 80, 59, 41, 24, 191, 9, 19379.66, 10.82, 9.70
15:35:41, 1525.80, 10.23, 8, 20, 45, 69, 80, 59, 41, 24, 190, 9, 19312.32, 10.89, 9.70
15:35:41, 1525.80, 10.23, 8, 20, 45, 69, 80, 59, 41, 24, 190, 9, 19362.80, 10.84, 9.70
15:35:42, 1526.00, 10.23, 8, 20, 45, 69, 80, 59, 41, 24, 190, 9, 19379.66, 10.82, 9.70
15:35:42, 1526.00, 10.23, 8, 20, 45, 69, 80, 59, 41, 24, 191, 9, 19379.66, 10.82, 9.70
15:35:43, 1525.90, 10.23, 8, 20, 45, 69, 80, 59, 41, 24, 191, 9, 19295.53, 10.91, 9.70
15:35:43, 1525.90, 10.23, 8, 20, 44, 69, 80, 59, 41, 24, 191, 9, 19329.13, 10.87, 9.70
15:35:44, 1526.00, 10.23, 8, 20, 44, 69, 80, 59, 41, 24, 191, 9, 19329.13, 10.87, 9.70
15:35:44, 1525.90, 10.23, 8, 20, 44, 69, 80, 59, 41, 24, 190, 9, 19362.80, 10.84, 9.70
15:35:44, 1526.00, 10.23, 8, 20, 44, 69, 80, 59, 41, 24, 189, 9, 19379.66, 10.82, 9.70
15:35:45, 1526.00, 10.24, 8, 20, 44, 69, 80, 59, 41, 24, 186, 9, 19295.53, 10.91, 9.70
15:35:45, 1526.00, 10.24, 8, 20, 44, 69, 80, 59, 41, 24, 184, 9, 19329.13, 10.87, 9.70
15:35:46, 1525.70, 10.24, 8, 20, 44, 69, 80, 59, 41, 24, 181, 9, 19413.46, 10.78, 9.70
15:35:46, 1525.90, 10.24, 8, 20, 44, 69, 80, 59, 41, 24, 178, 9, 19345.96, 10.85, 9.70
15:35:46, 1525.70, 10.24, 8, 20, 44, 69, 80, 59, 41, 24, 175, 8, 19362.80, 10.84, 9.70
15:35:47, 1525.90, 10.24, 8, 20, 44, 69, 80, 59, 41, 24, 171, 8, 19379.66, 10.82, 9.70
15:35:47, 1525.80, 10.24, 8, 20, 44, 69, 80, 59, 41, 24, 169, 8, 19396.55, 10.80, 9.70
15:35:48, 1525.90, 10.24, 9, 20, 44, 69, 80, 60, 41, 24, 166, 8, 19362.80, 10.84, 9.70
15:35:48, 1526.10, 10.24, 9, 20, 45, 70, 80, 60, 41, 24, 164, 8, 19396.55, 10.80, 9.70
15:35:48, 1526.00, 10.24, 9, 20, 45, 70, 80, 60, 41, 24, 162, 8, 19345.96, 10.85, 9.70
15:35:49, 1525.90, 10.24, 9, 20, 45, 70, 80, 60, 41, 24, 160, 8, 19379.66, 10.82, 9.70
15:35:49, 1525.90, 10.24, 9, 20, 45, 70, 80, 60, 41, 24, 159, 8, 19345.96, 10.85, 9.70
15:35:50, 1525.90, 10.24, 9, 20, 45, 70, 80, 60, 41, 24, 159, 8, 19379.66, 10.82, 9.70
15:35:50, 1526.00, 10.24, 9, 20, 45, 70, 80, 60, 41, 24, 160, 8, 19396.55, 10.80, 9.70
15:35:51, 1525.80, 10.24, 9, 20, 45, 70, 80, 60, 41, 24, 161, 8, 19379.66, 10.82, 9.70
15:35:51, 1526.00, 10.24, 9, 20, 45, 70, 80, 60, 41, 24, 163, 8, 19379.66, 10.82, 9.70
15:35:51, 1525.60, 10.24, 9, 20, 45, 70, 80, 60, 41, 24, 165, 8, 19362.80, 10.84, 9.70
15:35:52, 1526.10, 10.24, 8, 20, 44, 69, 80, 59, 41, 24, 168, 8, 19312.32, 10.89, 9.70
15:35:52, 1525.80, 10.24, 8, 20, 44, 69, 80, 59, 41, 24, 171, 8, 19362.80, 10.84, 9.70
15:35:53, 1526.00, 10.24, 8, 20, 44, 69, 80, 59, 41, 24, 173, 8, 19379.66, 10.82, 9.70
15:35:53, 1526.10, 10.24, 8, 20, 44, 69, 80, 59, 41, 24, 175, 8, 19379.66, 10.82, 9.70
15:35:53, 1526.00, 10.24, 8, 20, 44, 69, 80, 59, 41, 24, 177, 8, 19396.55, 10.80, 9.70
15:35:54, 1525.80, 10.24, 8, 20, 44, 69, 80, 59, 41, 24, 179, 9, 19379.66, 10.82, 9.70
15:35:54, 1525.90, 10.24, 8, 20, 44, 69, 80, 59, 41, 24, 181, 9, 19396.55, 10.80, 9.70
15:35:55, 1525.80, 10.25, 8, 20, 44, 69, 80, 59, 41, 24, 182, 9, 19379.66, 10.82, 9.70
15:35:55, 1525.90, 10.28, 8, 20, 44, 69, 80, 59, 41, 24, 183, 9, 19396.55, 10.80, 9.70
15:35:55, 1525.90, 10.25, 8, 20, 44, 69, 80, 59, 41, 24, 183, 9, 19379.66, 10.82, 9.70
15:35:56, 1525.80, 10.28, 8, 20, 44, 69, 80, 59, 41, 24, 184, 9, 19379.66, 10.82, 9.70
15:35:56, 1525.80, 10.28, 8, 20, 44, 69, 80, 59, 41, 24, 184, 9, 19396.55, 10.80, 9.70
15:35:57, 1525.90, 10.28, 8, 20, 44, 69, 80, 59, 41, 24, 184, 9, 19345.96, 10.85, 9.70
15:35:57, 1525.90, 10.28, 8, 20, 44, 69, 80, 59, 41, 24, 185, 9, 19396.55, 10.80, 9.70
15:35:58, 1526.10, 10.28, 8, 20, 44, 69, 80, 59, 41, 24, 186, 9, 19396.55, 10.80, 9.70
15:35:58, 1526.20, 10.28, 8, 20, 44, 69, 80, 59, 41, 24, 187, 9, 19413.46, 10.78, 9.70
15:35:58, 1525.90, 10.29, 8, 20, 45, 69, 80, 59, 41, 24, 188, 9, 19379.66, 10.82, 9.70
15:35:59, 1525.90, 10.29, 8, 20, 44, 69, 80, 59, 41, 24, 189, 9, 19345.96, 10.85, 9.70
15:35:59, 1525.90, 10.28, 8, 20, 45, 69, 80, 59, 41, 24, 191, 9, 19379.66, 10.82, 9.70
15:36:00, 1525.90, 10.29, 8, 20, 45, 69, 80, 59, 41, 24, 192, 9, 19396.55, 10.80, 9.70
15:36:00, 1526.00, 10.29, 8, 20, 45, 70, 80, 59, 41, 24, 194, 9, 19396.55, 10.80, 9.70
15:36:00, 1526.00, 10.29, 9, 20, 45, 70, 81, 59, 41, 24, 196, 10, 19379.66, 10.82, 9.70
15:36:01, 1525.90, 10.28, 8, 20, 45, 70, 81, 59, 41, 24, 197, 10, 19379.66, 10.82, 9.70
15:36:01, 1525.60, 10.28, 9, 20, 45, 70, 81, 59, 41, 24, 199, 10, 19413.46, 10.78, 9.70
15:36:02, 1525.20, 10.29, 9, 20, 45, 70, 80, 59, 41, 24, 199, 10, 19379.66, 10.82, 9.70
15:36:02, 1524.80, 10.28, 9, 20, 45, 70, 81, 59, 41, 24, 201, 10, 19396.55, 10.80, 9.70
15:36:03, 1523.60, 10.29, 9, 20, 45, 70, 81, 60, 42, 24, 202, 10, 19396.55, 10.80, 9.70
15:36:03, 1522.90, 10.28, 9, 20, 45, 70, 81, 60, 42, 24, 204, 10, 19312.32, 10.89, 9.70
15:36:03, 1521.80, 10.28, 9, 20, 45, 70, 81, 60, 42, 25, 207, 10, 19396.55, 10.80, 9.70
15:36:04, 1520.30, 10.28, 9, 21, 46, 71, 82, 61, 42, 25, 210, 10, 19396.55, 10.80, 9.70
15:36:04, 1518.60, 10.28, 9, 21, 46, 71, 84, 61, 43, 25, 214, 11, 19396.55, 10.80, 9.70
15:36:05, 1517.40, 10.28, 9, 21, 46, 71, 84, 62, 43, 26, 215, 11, 19396.55, 10.80, 9.70
15:36:05, 1516.00, 10.28, 9, 21, 46, 71, 84, 62, 43, 26, 215, 11, 19396.55, 10.80, 9.70
15:36:05, 1515.40, 10.29, 9, 21, 47, 72, 83, 62, 43, 26, 216, 11, 19396.55, 10.80, 9.70
15:36:06, 1514.00, 10.28, 9, 21, 47, 72, 84, 62, 44, 26, 218, 11, 19379.66, 10.82, 9.70
15:36:06, 1512.80, 10.28, 9, 21, 47, 73, 85, 63, 44, 26, 217, 11, 19362.80, 10.84, 9.70
15:36:07, 1512.30, 10.29, 9, 21, 47, 73, 85, 63, 44, 26, 216, 11, 19379.66, 10.82, 9.70
15:36:07, 1512.00, 10.28, 9, 21, 47, 72, 83, 61, 44, 26, 215, 11, 19379.66, 10.82, 9.70
15:36:07, 1510.90, 10.28, 9, 22, 48, 74, 82, 60, 43, 25, 212, 11, 19396.55, 10.80, 9.70
15:36:08, 1509.10, 10.28, 9, 22, 48, 74, 84, 62, 44, 26, 215, 11, 19362.80, 10.84, 9.70
15:36:08, 1507.70, 10.28, 9, 22, 48, 74, 87, 65, 46, 27, 222, 11, 19362.80, 10.84, 9.70
15:36:09, 1506.50, 10.28, 9, 21, 47, 73, 88, 65, 46, 28, 228, 11, 19362.80, 10.84, 9.70
15:36:09, 1505.10, 10.28, 9, 21, 47, 73, 86, 64, 46, 27, 231, 11, 19345.96, 10.85, 9.70
15:36:10, 1504.70, 10.28, 9, 22, 49, 75, 86, 64, 46, 27, 232, 12, 19362.80, 10.84, 9.70
15:36:10, 1504.00, 10.28, 10, 22, 49, 75, 86, 64, 46, 27, 233, 12, 19396.55, 10.80, 9.70
15:36:10, 1503.20, 10.28, 9, 22, 49, 75, 87, 65, 46, 28, 234, 12, 19379.66, 10.82, 9.70
15:36:11, 1501.30, 10.28, 9, 22, 48, 74, 87, 65, 46, 28, 234, 12, 19396.55, 10.80, 9.70
15:36:11, 1499.70, 10.28, 9, 22, 48, 74, 86, 64, 46, 28, 235, 12, 19379.66, 10.82, 9.70
15:36:12, 1498.00, 10.28, 10, 22, 49, 75, 86, 64, 46, 28, 236, 12, 19379.66, 10.82, 9.70
15:36:12, 1496.20, 10.25, 10, 23, 50, 76, 87, 65, 47, 28, 241, 12, 19396.55, 10.80, 9.70
15:36:12, 1495.10, 10.25, 10, 23, 50, 77, 88, 66, 48, 29, 244, 12, 19430.38, 10.76, 9.70
15:36:13, 1493.50, 10.24, 10, 23, 50, 76, 89, 67, 48, 29, 246, 12, 19413.46, 10.78, 9.70
15:36:13, 1492.50, 10.24, 10, 23, 50, 76, 89, 67, 48, 29, 244, 12, 19413.46, 10.78, 9.70
15:36:14, 1490.90, 10.25, 10, 23, 50, 76, 89, 66, 48, 29, 242, 12, 19379.66, 10.82, 9.70
15:36:14, 1489.40, 10.24, 10, 23, 51, 77, 89, 67, 49, 30, 241, 12, 19396.55, 10.80, 9.69
15:36:15, 1487.70, 10.24, 10, 23, 51, 78, 91, 68, 50, 30, 240, 12, 19379.66, 10.82, 9.69
15:36:15, 1486.50, 10.28, 10, 23, 51, 77, 91, 68, 50, 30, 237, 12, 19379.66, 10.82, 9.69
15:36:15, 1485.40, 10.28, 10, 23, 50, 77, 90, 68, 50, 30, 233, 12, 19362.80, 10.84, 9.69
15:36:16, 1483.70, 10.28, 10, 23, 51, 78, 90, 68, 50, 30, 231, 11, 19362.80, 10.84, 9.69
15:36:16, 1482.50, 10.28, 10, 24, 51, 79, 91, 69, 50, 31, 230, 11, 19396.55, 10.80, 9.69
15:36:17, 1481.80, 10.28, 10, 23, 51, 78, 91, 69, 51, 31, 231, 11, 19396.55, 10.80, 9.69
15:36:17, 1480.60, 10.28, 10, 23, 51, 78, 91, 69, 51, 31, 231, 11, 19413.46, 10.78, 9.69
15:36:17, 1479.80, 10.28, 10, 24, 52, 79, 92, 69, 51, 31, 232, 11, 19396.55, 10.80, 9.70
15:36:18, 1478.60, 10.28, 10, 24, 52, 80, 92, 70, 51, 32, 233, 11, 19413.46, 10.78, 9.70
15:36:18, 1477.20, 10.28, 10, 24, 52, 79, 92, 70, 52, 32, 235, 12, 19396.55, 10.80, 9.70
15:36:19, 1476.30, 10.28, 10, 24, 52, 79, 92, 70, 52, 32, 237, 12, 19396.55, 10.80, 9.70
15:36:19, 1474.70, 10.28, 10, 24, 52, 80, 92, 70, 52, 32, 239, 12, 19396.55, 10.80, 9.70
15:36:19, 1473.10, 10.25, 11, 24, 53, 81, 92, 70, 52, 32, 241, 12, 19396.55, 10.80, 9.69
15:36:20, 1472.10, 10.25, 11, 25, 53, 81, 93, 71, 53, 32, 245, 12, 19362.80, 10.84, 9.69
15:36:20, 1470.70, 10.24, 11, 25, 53, 81, 94, 71, 53, 33, 248, 12, 19396.55, 10.80, 9.69
15:36:21, 1469.20, 10.24, 11, 25, 53, 81, 94, 72, 54, 33, 250, 12, 19396.55, 10.80, 9.69
15:36:21, 1468.50, 10.24, 11, 25, 53, 81, 94, 72, 54, 33, 250, 12, 19379.66, 10.82, 9.69
15:36:22, 1466.80, 10.24, 11, 25, 54, 82, 94, 72, 54, 33, 250, 12, 19362.80, 10.84, 9.68
15:36:22, 1465.00, 10.25, 11, 25, 54, 82, 94, 72, 54, 34, 252, 13, 19396.55, 10.80, 9.68
15:36:22, 1462.60, 10.24, 11, 26, 55, 83, 96, 73, 55, 34, 255, 13, 19413.46, 10.78, 9.68
15:36:23, 1461.00, 10.25, 11, 25, 54, 83, 97, 74, 56, 35, 258, 13, 19362.80, 10.84, 9.68
15:36:23, 1459.10, 10.24, 11, 25, 54, 82, 96, 74, 56, 35, 259, 13, 19379.66, 10.82, 9.68
15:36:24, 1457.50, 10.25, 11, 26, 55, 83, 95, 73, 56, 35, 260, 13, 19379.66, 10.82, 9.66
15:36:24, 1454.70, 10.24, 11, 26, 56, 85, 97, 74, 57, 36, 268, 13, 19379.66, 10.82, 9.66
15:36:24, 1452.00, 10.25, 12, 27, 57, 87, 99, 76, 58, 37, 275, 14, 19362.80, 10.84, 9.66
15:36:25, 1449.50, 10.28, 12, 27, 58, 87, 101, 78, 59, 38, 281, 14, 19362.80, 10.84, 9.66
15:36:25, 1447.60, 10.24, 12, 27, 57, 87, 101, 78, 60, 38, 284, 14, 19396.55, 10.80, 9.66
15:36:26, 1445.90, 10.24, 12, 27, 58, 87, 99, 77, 59, 38, 286, 14, 19430.38, 10.76, 9.66
15:36:26, 1443.20, 10.25, 12, 28, 59, 89, 100, 78, 60, 38, 292, 15, 19396.55, 10.80, 9.66
15:36:27, 1440.70, 10.25, 13, 28, 60, 90, 103, 80, 62, 39, 300, 15, 19362.80, 10.84, 9.67
15:36:27, 1437.30, 10.28, 13, 29, 60, 90, 104, 81, 63, 40, 308, 16, 19362.80, 10.84, 9.67
15:36:27, 1435.00, 10.25, 13, 29, 60, 90, 105, 82, 64, 41, 314, 16, 19396.55, 10.80, 9.67
15:36:28, 1432.90, 10.24, 13, 29, 60, 90, 105, 82, 64, 41, 317, 16, 19379.66, 10.82, 9.66
15:36:28, 1431.10, 10.25, 13, 29, 60, 90, 104, 81, 64, 41, 320, 16, 19396.55, 10.80, 9.66
15:36:29, 1428.80, 10.28, 13, 29, 61, 90, 104, 81, 64, 41, 324, 17, 19413.46, 10.78, 9.66
15:36:29, 1426.80, 10.24, 13, 30, 62, 91, 104, 82, 64, 42, 330, 17, 19413.46, 10.78, 9.66
15:36:29, 1424.60, 10.24, 13, 30, 62, 92, 104, 82, 65, 42, 334, 17, 19396.55, 10.80, 9.66
15:36:30, 1423.10, 10.24, 13, 30, 63, 93, 107, 84, 66, 43, 342, 17, 19413.46, 10.78, 9.66
15:36:30, 1420.60, 10.24, 13, 30, 62, 92, 107, 84, 66, 44, 346, 18, 19379.66, 10.82, 9.66
15:36:31, 1418.80, 10.24, 13, 30, 62, 92, 108, 85, 67, 45, 350, 18, 19413.46, 10.78, 9.67
15:36:31, 1416.80, 10.25, 13, 30, 62, 92, 107, 85, 67, 44, 353, 18, 19396.55, 10.80, 9.67
15:36:31, 1413.90, 10.25, 14, 31, 64, 94, 107, 85, 67, 45, 357, 18, 19396.55, 10.80, 9.67
15:36:32, 1410.60, 10.28, 14, 31, 64, 94, 108, 86, 69, 46, 363, 19, 19396.55, 10.80, 9.66
15:36:32, 1406.70, 10.28, 14, 32, 65, 96, 110, 88, 70, 47, 370, 19, 19413.46, 10.78, 9.66
15:36:33, 1403.20, 10.28, 15, 32, 66, 97, 113, 90, 72, 49, 377, 19, 19379.66, 10.82, 9.66
15:36:33, 1399.80, 10.28, 15, 33, 67, 98, 114, 91, 73, 50, 383, 20, 19396.55, 10.80, 9.66
15:36:34, 1396.60, 10.28, 15, 33, 67, 98, 113, 91, 74, 50, 386, 20, 19396.55, 10.80, 9.66
15:36:34, 1393.00, 10.28, 15, 34, 69, 102, 117, 94, 76, 52, 395, 20, 19329.13, 10.87, 9.66
15:36:34, 1390.70, 10.28, 16, 34, 70, 102, 120, 97, 79, 54, 403, 21, 19379.66, 10.82, 9.66
15:36:35, 1388.80, 10.28, 16, 35, 70, 103, 121, 98, 80, 55, 406, 21, 19396.55, 10.80, 9.66
15:36:35, 1386.30, 10.28, 16, 36, 72, 105, 120, 97, 80, 55, 408, 21, 19413.46, 10.78, 9.66
15:36:36, 1385.10, 10.28, 16, 36, 72, 106, 123, 100, 82, 57, 411, 21, 19379.66, 10.82, 9.66
15:36:36, 1382.20, 10.28, 16, 35, 71, 104, 124, 101, 83, 58, 413, 21, 19413.46, 10.78, 9.66
15:36:36, 1377.90, 10.28, 16, 36, 72, 105, 123, 100, 83, 58, 415, 21, 19396.55, 10.80, 9.66
15:36:37, 1375.30, 10.28, 17, 36, 73, 107, 124, 101, 84, 59, 419, 22, 19413.46, 10.78, 9.66
15:36:37, 1374.40, 10.28, 17, 37, 75, 109, 124, 101, 85, 59, 421, 22, 19430.38, 10.76, 9.66
15:36:38, 1372.60, 10.28, 17, 37, 74, 108, 125, 102, 85, 60, 425, 22, 19379.66, 10.82, 9.66
15:36:38, 1371.00, 10.24, 17, 37, 74, 107, 125, 102, 85, 60, 431, 22, 19413.46, 10.78, 9.66
15:36:39, 1369.70, 10.24, 17, 38, 76, 110, 124, 101, 85, 60, 432, 22, 19430.38, 10.76, 9.66
15:36:39, 1369.10, 10.24, 18, 38, 76, 111, 128, 105, 87, 62, 441, 23, 19396.55, 10.80, 9.66
15:36:39, 1367.70, 10.24, 17, 37, 74, 107, 127, 104, 87, 62, 444, 23, 19430.38, 10.76, 9.66
15:36:40, 1365.60, 10.24, 17, 37, 75, 108, 126, 103, 86, 62, 445, 23, 19430.38, 10.76, 9.66
15:36:40, 1360.90, 10.24, 18, 38, 76, 110, 127, 105, 88, 63, 455, 24, 19379.66, 10.82, 9.66
15:36:41, 1358.80, 10.24, 18, 38, 76, 110, 129, 107, 90, 65, 461, 24, 19430.38, 10.76, 9.66
15:36:41, 1356.60, 10.24, 18, 39, 77, 111, 130, 107, 91, 66, 465, 24, 19413.46, 10.78, 9.66
15:36:41, 1354.80, 10.24, 18, 39, 77, 111, 131, 108, 92, 67, 469, 24, 19413.46, 10.78, 9.66
15:36:42, 1352.30, 10.24, 18, 39, 78, 113, 131, 108, 92, 67, 472, 24, 19413.46, 10.78, 9.66
15:36:42, 1349.60, 10.24, 19, 40, 79, 114, 132, 109, 93, 68, 477, 25, 19396.55, 10.80, 9.66
15:36:43, 1345.90, 10.24, 19, 41, 81, 116, 134, 112, 96, 70, 484, 25, 19413.46, 10.78, 9.66
15:36:43, 1342.10, 10.24, 20, 42, 82, 118, 133, 111, 96, 71, 487, 25, 19430.38, 10.76, 9.66
15:36:43, 1339.50, 10.24, 20, 43, 84, 120, 136, 114, 99, 73, 493, 26, 19396.55, 10.80, 9.66
15:36:44, 1337.10, 10.24, 20, 43, 84, 120, 139, 117, 102, 75, 501, 26, 19430.38, 10.76, 9.66
15:36:44, 1334.30, 10.24, 20, 42, 83, 119, 141, 119, 103, 77, 506, 26, 19413.46, 10.78, 9.66
15:36:45, 1331.40, 10.25, 20, 42, 82, 117, 140, 118, 103, 77, 508, 26, 19396.55, 10.80, 9.66
15:36:45, 1328.50, 10.24, 20, 43, 83, 119, 136, 115, 101, 76, 507, 27, 19396.55, 10.80, 9.66
15:36:46, 1326.10, 10.24, 21, 44, 86, 122, 138, 116, 103, 77, 515, 27, 19430.38, 10.76, 9.66
15:36:46, 1324.30, 10.25, 21, 45, 88, 125, 142, 121, 106, 80, 526, 27, 19396.55, 10.80, 9.66
15:36:46, 1322.60, 10.24, 21, 44, 86, 123, 144, 122, 108, 82, 533, 28, 19413.46, 10.78, 9.66
15:36:47, 1321.10, 10.24, 21, 44, 86, 122, 144, 122, 108, 82, 535, 28, 19430.38, 10.76, 9.66
15:36:47, 1319.30, 10.24, 21, 44, 86, 123, 142, 121, 107, 82, 536, 28, 19413.46, 10.78, 9.66
15:36:48, 1316.40, 10.24, 21, 45, 87, 124, 142, 121, 108, 82, 541, 28, 19396.55, 10.80, 9.66
15:36:48, 1312.60, 10.24, 22, 46, 88, 126, 146, 125, 110, 86, 552, 29, 19396.55, 10.80, 9.66
15:36:48, 1309.30, 10.24, 22, 46, 88, 125, 147, 126, 113, 87, 558, 29, 19430.38, 10.76, 9.66
15:36:49, 1306.30, 10.24, 22, 46, 88, 125, 145, 125, 112, 87, 560, 29, 19430.38, 10.76, 9.66
15:36:49, 1302.70, 10.24, 23, 48, 92, 131, 148, 127, 115, 90, 570, 30, 19430.38, 10.76, 9.66
15:36:50, 1299.80, 10.24, 24, 51, 97, 138, 154, 133, 120, 94, 584, 31, 19413.46, 10.78, 9.66
15:36:50, 1296.30, 10.28, 24, 49, 93, 131, 153, 133, 119, 95, 589, 31, 19413.46, 10.78, 9.66
15:36:51, 1293.10, 10.28, 23, 48, 91, 129, 153, 133, 121, 96, 595, 31, 19447.32, 10.75, 9.66
15:36:51, 1291.40, 10.28, 23, 48, 91, 128, 150, 130, 119, 95, 592, 31, 19396.55, 10.80, 9.66
15:36:51, 1289.20, 10.25, 24, 50, 95, 134, 152, 133, 121, 97, 598, 32, 19362.80, 10.84, 9.66
15:36:52, 1287.30, 10.28, 24, 50, 94, 133, 152, 132, 122, 97, 599, 32, 19447.32, 10.75, 9.66
15:36:52, 1286.30, 10.28, 24, 50, 95, 135, 156, 136, 126, 100, 605, 32, 19430.38, 10.76, 9.66
15:36:53, 1282.90, 10.28, 25, 51, 96, 136, 161, 141, 130, 104, 615, 32, 19430.38, 10.76, 9.66
15:36:53, 1279.80, 10.24, 24, 50, 95, 133, 159, 139, 129, 104, 613, 32, 19413.46, 10.78, 9.66
15:36:53, 1274.60, 10.25, 26, 52, 99, 139, 161, 142, 132, 107, 621, 33, 19430.38, 10.76, 9.66
15:36:54, 1271.40, 10.24, 25, 51, 97, 136, 160, 141, 133, 108, 616, 33, 19379.66, 10.82, 9.66
15:36:54, 1269.30, 10.24, 26, 53, 100, 141, 161, 142, 135, 109, 614, 33, 19430.38, 10.76, 9.66
15:36:55, 1266.70, 10.24, 26, 54, 101, 142, 163, 143, 137, 111, 606, 32, 19379.66, 10.82, 9.66
15:36:55, 1263.20, 10.24, 27, 55, 102, 144, 166, 146, 141, 114, 600, 32, 19447.32, 10.75, 9.66
15:36:55, 1258.80, 10.24, 27, 54, 101, 142, 168, 149, 144, 117, 587, 31, 19430.38, 10.76, 9.66
15:36:56, 1254.70, 10.24, 28, 56, 104, 147, 168, 149, 146, 119, 564, 30, 19430.38, 10.76, 9.66
15:36:56, 1252.20, 10.24, 28, 57, 105, 150, 169, 151, 148, 121, 521, 27, 19379.66, 10.82, 9.66
15:36:57, 1249.90, 10.23, 28, 56, 103, 148, 170, 153, 149, 124, 472, 24, 19447.32, 10.75, 9.66
15:36:57, 1248.20, 10.23, 28, 56, 103, 149, 171, 155, 151, 127, 426, 22, 19396.55, 10.80, 9.66
15:36:58, 1245.70, 10.23, 29, 58, 106, 153, 178, 162, 157, 134, 388, 19, 19413.46, 10.78, 9.65
15:36:58, 1242.10, 10.23, 30, 59, 108, 155, 179, 165, 158, 138, 336, 17, 19413.46, 10.78, 9.65
15:36:58, 1237.90, 10.23, 32, 62, 113, 162, 183, 170, 162, 144, 309, 15, 19396.55, 10.80, 9.66
15:36:59, 1234.60, 10.23, 34, 66, 119, 171, 193, 181, 172, 155, 320, 16, 19430.38, 10.76, 9.66
15:36:59, 1232.00, 10.23, 34, 66, 120, 171, 199, 187, 177, 161, 328, 16, 19430.38, 10.76, 9.66
15:37:00, 1228.50, 10.23, 34, 66, 119, 169, 198, 187, 178, 163, 320, 16, 19447.32, 10.75, 9.66
15:37:00, 1224.60, 10.23, 36, 68, 123, 174, 196, 185, 177, 164, 312, 16, 19430.38, 10.76, 9.66
15:37:00, 1219.70, 10.24, 37, 71, 126, 178, 204, 192, 184, 172, 342, 17, 19413.46, 10.78, 9.65
15:37:01, 1216.60, 10.24, 39, 74, 131, 184, 211, 200, 191, 181, 374, 19, 19396.55, 10.80, 9.65
15:37:01, 1213.60, 10.24, 39, 74, 131, 185, 215, 204, 196, 186, 390, 20, 19396.55, 10.80, 9.65
15:37:02, 1209.60, 10.23, 40, 75, 134, 186, 218, 207, 199, 191, 397, 20, 19464.28, 10.73, 9.65
15:37:02, 1204.30, 10.24, 41, 77, 135, 189, 219, 209, 203, 195, 391, 20, 19430.38, 10.76, 9.65
15:37:03, 1199.70, 10.24, 42, 79, 139, 194, 223, 214, 209, 202, 395, 20, 19413.46, 10.78, 9.66
15:37:03, 1196.80, 10.24, 43, 81, 141, 198, 226, 217, 214, 206, 395, 20, 19430.38, 10.76, 9.66
15:37:03, 1192.90, 10.24, 44, 82, 143, 201, 227, 219, 217, 210, 391, 20, 19413.46, 10.78, 9.66
15:37:04, 1186.80, 10.24, 45, 85, 146, 205, 231, 223, 223, 217, 395, 20, 19447.32, 10.75, 9.65
15:37:04, 1180.50, 10.24, 46, 85, 147, 205, 232, 226, 228, 223, 393, 20, 19430.38, 10.76, 9.65
15:37:05, 1177.10, 10.23, 49, 90, 155, 216, 240, 234, 237, 233, 417, 21, 19430.38, 10.76, 9.63
15:37:05, 1173.60, 10.23, 50, 93, 158, 220, 248, 242, 246, 244, 442, 23, 19481.27, 10.71, 9.63
15:37:05, 1168.50, 10.23, 51, 93, 159, 221, 248, 243, 248, 248, 437, 23, 19447.32, 10.75, 9.63
15:37:06, 1162.10, 10.23, 53, 95, 161, 222, 256, 251, 258, 261, 465, 24, 19396.55, 10.80, 9.62
15:37:06, 1158.20, 10.23, 57, 103, 174, 237, 266, 261, 268, 276, 519, 27, 19413.46, 10.78, 9.62
15:37:07, 1154.40, 10.23, 59, 107, 180, 244, 274, 269, 277, 288, 587, 31, 19464.28, 10.73, 9.61
15:37:07, 1147.70, 10.23, 60, 108, 180, 241, 277, 271, 282, 296, 655, 36, 19430.38, 10.76, 9.61
15:37:07, 1139.90, 10.23, 62, 110, 182, 241, 287, 281, 299, 316, 777, 44, 19464.28, 10.73, 9.61
15:37:08, 1137.70, 10.22, 67, 120, 198, 261, 294, 287, 309, 325, 879, 50, 19447.32, 10.75, 9.59
15:37:08, 1136.60, 10.22, 67, 121, 198, 262, 304, 296, 321, 335, 981, 56, 19430.38, 10.76, 9.59
15:37:09, 1135.40, 10.22, 68, 124, 203, 268, 309, 301, 328, 341, 1042, 60, 19413.46, 10.78, 9.59
15:37:09, 1133.60, 10.22, 70, 126, 206, 272, 312, 303, 332, 345, 1080, 63, 19447.32, 10.75, 9.59
15:37:10, 1131.20, 10.22, 70, 127, 206, 273, 313, 305, 335, 349, 1103, 64, 19447.32, 10.75, 9.59
15:37:10, 1128.00, 10.22, 71, 127, 207, 273, 312, 305, 336, 351, 1113, 66, 19362.80, 10.84, 9.59
15:37:10, 1125.00, 10.22, 73, 132, 213, 281, 319, 312, 346, 363, 1138, 67, 19413.46, 10.78, 9.59
15:37:11, 1122.60, 10.22, 75, 134, 216, 284, 325, 318, 353, 372, 1159, 69, 19430.38, 10.76, 9.59
15:37:11, 1120.50, 10.22, 76, 136, 218, 287, 327, 321, 357, 378, 1172, 70, 19447.32, 10.75, 9.59
15:37:12, 1116.90, 10.23, 78, 139, 223, 293, 334, 328, 366, 390, 1192, 72, 19447.32, 10.75, 9.59
15:37:12, 1113.50, 10.23, 80, 142, 226, 296, 338, 333, 373, 400, 1203, 74, 19430.38, 10.76, 9.58
15:37:12, 1109.40, 10.23, 82, 144, 229, 299, 344, 341, 382, 413, 1211, 75, 19413.46, 10.78, 9.58
15:37:13, 1103.40, 10.23, 86, 151, 238, 309, 352, 350, 395, 431, 1238, 79, 19413.46, 10.78, 9.59
15:37:13, 1100.80, 10.23, 92, 159, 250, 323, 362, 362, 409, 449, 1280, 83, 19447.32, 10.75, 9.59
15:37:14, 1097.40, 10.23, 93, 162, 253, 327, 373, 372, 422, 466, 1308, 87, 19413.46, 10.78, 9.59
15:37:14, 1094.30, 10.23, 96, 166, 258, 332, 375, 375, 426, 475, 1302, 88, 19396.55, 10.80, 9.58
15:37:15, 1090.40, 10.23, 100, 170, 264, 338, 380, 381, 434, 487, 1307, 92, 19430.38, 10.76, 9.58
15:37:15, 1086.60, 10.23, 103, 174, 267, 341, 386, 388, 443, 501, 1333, 98, 19481.27, 10.71, 9.58
15:37:15, 1082.80, 10.23, 106, 178, 272, 346, 396, 397, 457, 518, 1388, 106, 19430.38, 10.76, 9.58
15:37:16, 1079.30, 10.23, 113, 189, 288, 364, 408, 410, 473, 540, 1464, 117, 19464.28, 10.73, 9.58
15:37:16, 1075.00, 10.23, 118, 197, 298, 376, 419, 423, 491, 561, 1552, 132, 19430.38, 10.76, 9.57
15:37:17, 1071.80, 10.23, 121, 200, 300, 378, 428, 432, 504, 580, 1624, 148, 19464.28, 10.73, 9.57
15:37:17, 1067.90, 10.23, 124, 203, 305, 382, 434, 439, 514, 594, 1680, 165, 19447.32, 10.75, 9.56
15:37:17, 1063.20, 10.23, 130, 212, 315, 394, 448, 453, 534, 621, 1764, 192, 19447.32, 10.75, 9.56
15:37:18, 1059.10, 10.24, 139, 226, 333, 414, 460, 467, 551, 646, 1828, 219, 19464.28, 10.73, 9.56
15:37:18, 1055.20, 10.24, 147, 236, 345, 426, 469, 477, 563, 665, 1853, 245, 19379.66, 10.82, 9.54
15:37:19, 1050.80, 10.24, 152, 240, 349, 429, 470, 480, 565, 673, 1824, 269, 19464.28, 10.73, 9.54
15:37:19, 1045.10, 10.24, 159, 247, 356, 436, 486, 499, 587, 707, 1903, 337, 19447.32, 10.75, 9.55
15:37:19, 1039.60, 10.24, 172, 265, 377, 459, 507, 524, 617, 749, 2037, 437, 19430.38, 10.76, 9.55
15:37:20, 1034.70, 10.24, 189, 287, 403, 487, 538, 561, 659, 806, 2239, 588, 19447.32, 10.75, 9.55
15:37:20, 1028.60, 10.24, 204, 300, 416, 500, 559, 589, 689, 847, 2422, 1006, 19464.28, 10.73, 9.53
15:37:21, 1027.80, 10.24, 220, 318, 436, 523, 567, 602, 698, 862, 2427, 1110, 19447.32, 10.75, 9.53
15:37:21, 1027.70, 10.23, 220, 315, 433, 520, 541, 579, 667, 826, 2129, 961, 19430.38, 10.76, 9.57
15:37:22, 1025.30, 10.23, 217, 308, 421, 512, 558, 609, 691, 857, 2072, 920, 19447.32, 10.75, 9.57
15:37:22, 1025.20, 10.22, 224, 321, 435, 539, 478, 530, 609, 736, 1509, 649, 19447.32, 10.75, 9.57
15:37:22, 1025.30, 10.21, 187, 267, 360, 464, 469, 514, 615, 714, 1540, 643, 19447.32, 10.75, 9.57
15:37:23, 1025.20, 10.20, 166, 245, 333, 424, 445, 458, 589, 647, 2501, 1195, 19447.32, 10.75, 9.57
15:37:23, 1025.20, 10.20, 205, 294, 410, 489, 601, 644, 777, 914, 4264, 2017, 19464.28, 10.73, 9.57
15:37:24, 1025.20, 10.19, 229, 342, 463, 566, 496, 538, 629, 769, 3652, 1736, 19413.46, 10.78, 9.57
15:37:24, 1025.20, 10.19, 142, 231, 303, 380, 394, 428, 529, 623, 1926, 818, 19481.27, 10.71, 9.57
15:37:24, 1025.30, 10.19, 162, 253, 330, 419, 401, 415, 510, 609, 1426, 608, 19430.38, 10.76, 9.55
