Secchi Depth (cm) = 0170
Forel Ule Scale = 08
pH Colour Scale = 99
SmartSecchi S/N = A003
Latitude (degs N) = 50.21574
Longitude (degs E) = -5.02767
Date = 2023-02-03
Time (UTC), Pressure (mbar) MS5803, Temp (deg C) MS5803, 415nm, 445nm, 480nm, 515nm, 555nm, 590nm, 630nm, 680nm, Clear, NIR, Resistance 10KTHERM, Temp (deg C) 10KTHERM, Temp (deg C) TMP117
11:01:10, 1025.80, 13.61, 912, 1238, 1719, 2042, 2170, 2389, 2700, 3194, 12954, 6274, 16710.18, 13.88, 12.92
11:01:10, 1025.60, 13.61, 912, 1237, 1718, 2041, 2167, 2386, 2698, 3189, 12916, 6250, 16626.76, 13.98, 12.92
11:01:10, 1025.70, 13.62, 910, 1235, 1715, 2037, 2163, 2381, 2694, 3182, 12877, 6226, 16668.40, 13.93, 12.92
11:01:11, 1025.90, 13.62, 908, 1233, 1711, 2034, 2156, 2375, 2686, 3171, 12833, 6202, 16654.51, 13.95, 12.90
11:01:11, 1025.60, 13.62, 906, 1230, 1707, 2030, 2154, 2369, 2684, 3165, 12792, 6177, 16640.63, 13.96, 12.90
11:01:12, 1025.80, 13.62, 904, 1229, 1706, 2028, 2157, 2366, 2686, 3164, 12754, 6156, 16654.51, 13.95, 12.88
11:01:12, 1025.60, 13.62, 907, 1232, 1711, 2030, 2162, 2371, 2692, 3171, 12735, 6143, 16682.31, 13.91, 12.88
11:01:12, 1025.70, 13.63, 911, 1234, 1716, 2034, 2166, 2375, 2694, 3175, 12717, 6130, 16682.31, 13.91, 12.88
11:01:13, 1025.80, 13.63, 911, 1234, 1716, 2034, 2164, 2374, 2693, 3171, 12680, 6111, 16640.63, 13.96, 12.88
11:01:13, 1025.60, 13.63, 911, 1233, 1715, 2033, 2162, 2370, 2690, 3167, 12652, 6093, 16668.40, 13.93, 12.88
11:01:14, 1025.70, 13.63, 911, 1232, 1715, 2032, 2162, 2370, 2690, 3165, 12634, 6080, 16682.31, 13.91, 12.90
11:01:14, 1025.70, 13.63, 911, 1233, 1716, 2033, 2165, 2369, 2696, 3163, 12662, 6098, 16640.63, 13.96, 12.90
11:01:15, 1025.70, 13.63, 912, 1234, 1718, 2035, 2169, 2370, 2701, 3165, 12690, 6112, 16668.40, 13.93, 12.92
11:01:15, 1025.90, 13.63, 912, 1234, 1720, 2036, 2170, 2371, 2705, 3165, 12698, 6119, 16654.51, 13.95, 12.92
11:01:15, 1025.90, 13.63, 913, 1235, 1721, 2039, 2173, 2372, 2708, 3166, 12705, 6119, 16626.76, 13.98, 12.92
11:01:16, 1025.60, 13.63, 914, 1235, 1722, 2040, 2174, 2372, 2709, 3165, 12700, 6118, 16654.51, 13.95, 12.90
11:01:16, 1025.70, 13.63, 914, 1235, 1721, 2040, 2172, 2372, 2708, 3162, 12683, 6106, 16640.63, 13.96, 12.90
11:01:17, 1025.90, 13.63, 913, 1233, 1719, 2038, 2170, 2368, 2705, 3156, 12645, 6086, 16626.76, 13.98, 12.94
11:01:17, 1026.00, 13.63, 912, 1231, 1717, 2035, 2166, 2364, 2702, 3150, 12609, 6065, 16626.76, 13.98, 12.94
11:01:17, 1025.80, 13.63, 910, 1230, 1714, 2033, 2164, 2360, 2699, 3144, 12576, 6044, 16626.76, 13.98, 12.94
11:01:18, 1025.70, 13.63, 910, 1229, 1713, 2030, 2161, 2357, 2697, 3140, 12551, 6032, 16626.76, 13.98, 12.95
11:01:18, 1025.70, 13.63, 910, 1228, 1712, 2030, 2160, 2355, 2694, 3136, 12515, 6015, 16626.76, 13.98, 12.95
11:01:19, 1025.80, 13.63, 905, 1221, 1702, 2017, 2121, 2331, 2639, 3102, 12121, 5808, 16654.51, 13.95, 12.95
11:01:19, 1025.80, 13.63, 853, 1150, 1592, 1889, 1792, 1987, 2280, 2770, 10011, 4897, 16612.90, 14.00, 12.95
11:01:20, 1025.60, 13.63, 459, 611, 846, 1048, 1149, 1353, 1755, 2195, 6920, 3479, 16654.51, 13.95, 12.95
11:01:20, 1026.00, 13.63, 432, 628, 827, 1056, 998, 1160, 1535, 1804, 5304, 2573, 16626.76, 13.98, 12.89
11:01:20, 1025.80, 13.63, 392, 584, 766, 972, 1033, 1193, 1532, 1879, 6085, 2937, 16654.51, 13.95, 12.89
11:01:21, 1025.90, 13.63, 469, 704, 949, 1160, 1392, 1579, 1986, 2458, 7951, 3825, 16626.76, 13.98, 12.86
11:01:21, 1025.60, 13.64, 528, 787, 1066, 1305, 1426, 1615, 2011, 2493, 7980, 3812, 16626.76, 13.98, 12.86
11:01:22, 1025.80, 13.64, 527, 791, 1071, 1311, 1502, 1719, 2114, 2641, 9170, 4326, 16626.76, 13.98, 12.86
11:01:22, 1026.00, 13.64, 663, 1006, 1373, 1704, 1901, 2193, 2722, 3421, 12132, 5714, 16640.63, 13.96, 12.84
11:01:22, 1025.90, 13.63, 459, 615, 880, 1042, 737, 896, 1171, 1563, 7348, 4418, 16626.76, 13.98, 12.84
11:01:23, 1025.70, 13.64, 310, 348, 547, 592, 1185, 1459, 1837, 2450, 10445, 5568, 16599.06, 14.02, 12.86
11:01:23, 1025.70, 13.64, 545, 751, 1054, 1287, 1278, 1564, 1978, 2615, 11327, 6035, 16599.06, 14.02, 12.86
11:01:24, 1025.70, 13.62, 488, 614, 903, 1043, 1166, 1388, 1789, 2331, 11050, 6210, 16599.06, 14.02, 12.86
11:01:24, 1025.70, 13.63, 699, 1058, 1435, 1777, 1656, 1824, 2242, 2682, 9151, 4319, 16571.43, 14.05, 12.87
11:01:24, 1025.60, 13.62, 577, 853, 1126, 1435, 1536, 1665, 2105, 2321, 7851, 3753, 16640.63, 13.96, 12.87
11:01:25, 1025.70, 13.63, 459, 670, 871, 1134, 1064, 1172, 1562, 1741, 6353, 3413, 16599.06, 14.02, 12.85
11:01:25, 1025.60, 13.62, 492, 703, 928, 1187, 1335, 1496, 1857, 2101, 6936, 3524, 16626.76, 13.98, 12.85
11:01:26, 1025.70, 13.63, 555, 797, 1059, 1372, 1370, 1574, 1946, 2296, 7258, 3737, 16640.63, 13.96, 12.85
11:01:26, 1025.60, 13.63, 532, 767, 1026, 1310, 1428, 1624, 2088, 2393, 7947, 4102, 16640.63, 13.96, 12.84
11:01:26, 1025.60, 13.63, 557, 796, 1056, 1401, 1391, 1588, 2035, 2242, 7432, 3728, 16612.90, 14.00, 12.84
11:01:27, 1025.70, 13.62, 541, 775, 1027, 1358, 1416, 1584, 2057, 2256, 8048, 4099, 16626.76, 13.98, 12.84
11:01:27, 1025.60, 13.62, 557, 803, 1078, 1395, 1474, 1618, 2103, 2325, 8131, 4144, 16599.06, 14.02, 12.88
11:01:28, 1025.60, 13.62, 539, 778, 1036, 1358, 1498, 1633, 2133, 2311, 7775, 3811, 16640.63, 13.96, 12.88
11:01:28, 1025.90, 13.62, 547, 790, 1059, 1393, 1502, 1597, 2135, 2226, 8992, 4536, 16626.76, 13.98, 12.87
11:01:29, 1025.80, 13.62, 541, 781, 1057, 1373, 1471, 1561, 2066, 2212, 7960, 4036, 16585.24, 14.03, 12.87
11:01:29, 1025.50, 13.62, 579, 822, 1119, 1423, 1604, 1713, 2170, 2367, 9847, 5018, 16585.24, 14.03, 12.87
11:01:29, 1025.70, 13.62, 693, 954, 1311, 1611, 1673, 1800, 2191, 2448, 9899, 5066, 16585.24, 14.03, 12.87
11:01:30, 1025.50, 13.61, 730, 971, 1340, 1660, 1786, 1901, 2382, 2523, 10308, 4967, 16571.43, 14.05, 12.87
11:01:30, 1025.80, 13.62, 744, 1044, 1412, 1763, 2006, 2203, 2720, 2905, 11261, 5245, 16571.43, 14.05, 12.76
11:01:31, 1025.60, 13.62, 735, 981, 1395, 1660, 1710, 1781, 2319, 2529, 10404, 5293, 16557.63, 14.07, 12.76
11:01:31, 1025.60, 13.62, 702, 943, 1283, 1696, 1721, 1992, 2255, 2660, 8836, 4382, 16599.06, 14.02, 12.76
11:01:31, 1025.90, 13.62, 737, 1031, 1438, 1746, 1887, 1940, 2575, 2655, 10048, 4874, 16585.24, 14.03, 12.73
11:01:32, 1025.90, 13.62, 744, 962, 1336, 1688, 1784, 2056, 2288, 2668, 13070, 6351, 16571.43, 14.05, 12.73
11:01:32, 1025.80, 13.62, 653, 870, 1256, 1438, 1572, 1558, 2068, 2181, 10318, 5384, 16585.24, 14.03, 12.63
11:01:33, 1025.70, 13.62, 526, 776, 1035, 1344, 1351, 1456, 1884, 1920, 6549, 2816, 16585.24, 14.03, 12.63
11:01:33, 1025.90, 13.61, 561, 794, 1038, 1377, 1419, 1640, 1906, 2118, 5848, 2415, 16557.63, 14.07, 12.63
11:01:33, 1025.90, 13.61, 628, 835, 1122, 1413, 1352, 1593, 1707, 2051, 5540, 2366, 16585.24, 14.03, 12.50
11:01:34, 1027.60, 13.61, 644, 838, 1150, 1382, 1447, 1675, 1771, 2189, 6091, 2685, 16599.06, 14.02, 12.50
11:01:34, 1030.40, 13.43, 658, 854, 1184, 1393, 1453, 1648, 1766, 2190, 5742, 2532, 16599.06, 14.02, 11.58
11:01:35, 1032.20, 13.27, 693, 945, 1346, 1628, 1423, 1610, 1708, 2110, 5347, 1670, 16571.43, 14.05, 11.58
11:01:35, 1031.60, 13.09, 700, 918, 1293, 1531, 1548, 1797, 1864, 2319, 6244, 2082, 16599.06, 14.02, 11.58
11:01:35, 1030.70, 12.94, 711, 931, 1300, 1560, 1638, 1922, 1984, 2478, 6772, 2285, 16612.90, 14.00, 10.23
11:01:36, 1028.50, 12.83, 776, 1013, 1398, 1700, 1665, 1973, 2067, 2536, 6692, 2680, 16585.24, 14.03, 10.23
11:01:36, 1028.50, 12.70, 751, 999, 1351, 1696, 1686, 2006, 2184, 2557, 6846, 2746, 16585.24, 14.03, 9.81
11:01:37, 1028.40, 12.61, 723, 996, 1318, 1720, 1673, 1957, 2251, 2504, 6903, 2788, 16626.76, 13.98, 9.81
11:01:37, 1028.00, 12.53, 694, 987, 1275, 1716, 1649, 1884, 2271, 2433, 7075, 2845, 16612.90, 14.00, 9.81
11:01:38, 1028.00, 12.45, 661, 955, 1231, 1657, 1632, 1816, 2265, 2361, 7279, 2920, 16640.63, 13.96, 9.66
11:01:38, 1027.50, 12.39, 636, 928, 1202, 1615, 1590, 1728, 2203, 2251, 7205, 2885, 16626.76, 13.98, 9.66
11:01:38, 1025.80, 12.32, 614, 905, 1179, 1570, 1620, 1699, 2243, 2234, 7702, 3208, 16599.06, 14.02, 9.62
11:01:39, 1026.90, 12.27, 622, 922, 1218, 1590, 1642, 1672, 2267, 2213, 8916, 3958, 16626.76, 13.98, 9.62
11:01:39, 1026.60, 12.21, 621, 917, 1237, 1571, 1666, 1657, 2275, 2236, 10038, 4728, 16585.24, 14.03, 9.62
11:01:40, 1026.70, 12.16, 623, 902, 1233, 1520, 1640, 1607, 2196, 2201, 10325, 5058, 16626.76, 13.98, 9.62
11:01:40, 1026.50, 12.12, 630, 897, 1246, 1478, 1630, 1590, 2110, 2191, 10777, 5425, 16599.06, 14.02, 9.62
11:01:40, 1026.40, 12.04, 650, 897, 1266, 1453, 1660, 1666, 2110, 2275, 12067, 6248, 16640.63, 13.96, 9.59
11:01:41, 1026.00, 12.00, 704, 938, 1341, 1516, 1717, 1800, 2151, 2438, 13563, 7012, 16612.90, 14.00, 9.59
11:01:41, 1025.80, 11.97, 747, 972, 1402, 1575, 1730, 1866, 2137, 2498, 14001, 7088, 16626.76, 13.98, 9.59
11:01:42, 1026.20, 11.95, 759, 972, 1399, 1598, 1683, 1889, 2089, 2455, 13592, 6736, 16640.63, 13.96, 9.59
11:01:42, 1026.20, 11.92, 755, 965, 1364, 1623, 1674, 1942, 2142, 2474, 13275, 6333, 16612.90, 14.00, 9.59
11:01:42, 1026.40, 11.92, 758, 990, 1375, 1686, 1742, 2009, 2271, 2560, 13440, 6290, 16626.76, 13.98, 9.66
11:01:43, 1026.70, 11.94, 762, 1020, 1400, 1763, 1803, 2061, 2395, 2640, 13103, 6037, 16640.63, 13.96, 9.66
11:01:43, 1027.00, 11.99, 751, 1033, 1389, 1801, 1800, 2023, 2459, 2614, 12474, 5743, 16640.63, 13.96, 9.66
11:01:44, 1027.10, 12.03, 709, 1007, 1336, 1750, 1766, 1919, 2427, 2529, 11814, 5498, 16654.51, 13.95, 9.69
11:01:44, 1026.10, 12.11, 671, 968, 1280, 1668, 1731, 1827, 2367, 2434, 11114, 5339, 16654.51, 13.95, 9.69
11:01:45, 1026.20, 12.14, 666, 973, 1291, 1659, 1758, 1811, 2375, 2445, 10433, 5186, 16640.63, 13.96, 9.65
11:01:45, 1025.60, 12.13, 682, 1011, 1351, 1701, 1886, 1903, 2504, 2651, 9951, 4985, 16626.76, 13.98, 9.65
11:01:45, 1026.40, 12.13, 688, 1015, 1372, 1681, 1845, 1820, 2397, 2546, 9459, 4827, 16640.63, 13.96, 9.65
11:01:46, 1027.60, 12.04, 683, 980, 1348, 1600, 1793, 1766, 2295, 2477, 8933, 4603, 16640.63, 13.96, 9.67
11:01:46, 1028.90, 11.98, 669, 939, 1302, 1522, 1732, 1714, 2192, 2395, 8638, 4438, 16710.18, 13.88, 9.67
11:01:47, 1028.50, 11.95, 688, 965, 1339, 1567, 1717, 1706, 2164, 2385, 8363, 4238, 16640.63, 13.96, 9.63
11:01:47, 1029.50, 11.92, 672, 938, 1304, 1520, 1715, 1704, 2169, 2381, 8386, 4248, 16696.24, 13.89, 9.63
11:01:47, 1029.70, 11.90, 632, 926, 1262, 1527, 1799, 1820, 2226, 2635, 8288, 3787, 16710.18, 13.88, 9.63
11:01:48, 1028.50, 11.88, 698, 1017, 1401, 1684, 1916, 1922, 2433, 2711, 9066, 4409, 16696.24, 13.89, 9.56
11:01:48, 1028.20, 11.84, 699, 1003, 1392, 1644, 1863, 1849, 2376, 2592, 9369, 4714, 16710.18, 13.88, 9.56
11:01:49, 1028.10, 11.82, 706, 1011, 1404, 1660, 1851, 1836, 2358, 2577, 9268, 4741, 16724.14, 13.86, 9.55
11:01:49, 1027.60, 11.81, 705, 1008, 1395, 1651, 1855, 1847, 2363, 2597, 9024, 4601, 16696.24, 13.89, 9.55
11:01:49, 1027.90, 11.79, 689, 973, 1350, 1584, 1811, 1795, 2306, 2513, 9039, 4611, 16710.18, 13.88, 9.55
11:01:50, 1028.20, 11.79, 704, 1000, 1385, 1636, 1818, 1808, 2318, 2525, 8938, 4528, 16724.14, 13.86, 9.54
11:01:50, 1028.10, 11.78, 700, 997, 1378, 1634, 1827, 1820, 2334, 2540, 9093, 4621, 16724.14, 13.86, 9.54
11:01:51, 1026.60, 11.78, 711, 1027, 1414, 1688, 1932, 1932, 2472, 2703, 9635, 4923, 16724.14, 13.86, 9.53
11:01:51, 1027.20, 11.76, 707, 1023, 1407, 1684, 1894, 1886, 2429, 2632, 9775, 5040, 16724.14, 13.86, 9.53
11:01:52, 1026.60, 11.74, 735, 1068, 1469, 1759, 1978, 1963, 2541, 2749, 10065, 5200, 16766.09, 13.81, 9.53
11:01:52, 1026.60, 11.71, 744, 1082, 1489, 1783, 2041, 2014, 2626, 2827, 10292, 5290, 16738.11, 13.84, 9.54
11:01:52, 1027.40, 11.68, 767, 1123, 1540, 1859, 2090, 2072, 2698, 2916, 10039, 5062, 16752.09, 13.82, 9.54
11:01:53, 1028.00, 11.66, 763, 1117, 1533, 1853, 2073, 2061, 2667, 2897, 9958, 5039, 16808.18, 13.75, 9.53
11:01:53, 1028.20, 11.63, 756, 1097, 1513, 1809, 1970, 1965, 2520, 2754, 9817, 5011, 16780.11, 13.79, 9.53
11:01:54, 1028.40, 11.60, 750, 1050, 1462, 1699, 1862, 1895, 2327, 2651, 9034, 4544, 16780.11, 13.79, 9.53
11:01:54, 1028.10, 11.58, 775, 1041, 1472, 1672, 1887, 1952, 2287, 2723, 8453, 4189, 16794.13, 13.77, 9.53
11:01:54, 1028.20, 11.57, 796, 1044, 1484, 1685, 1888, 1997, 2264, 2748, 8093, 3940, 16822.23, 13.74, 9.53
11:01:55, 1028.50, 11.57, 812, 1061, 1502, 1718, 1912, 2046, 2288, 2807, 7815, 3728, 16780.11, 13.79, 9.52
11:01:55, 1028.60, 11.56, 821, 1074, 1519, 1743, 1907, 2049, 2282, 2806, 7785, 3706, 16808.18, 13.75, 9.52
11:01:56, 1029.30, 11.56, 803, 1059, 1491, 1717, 1891, 2018, 2270, 2781, 7738, 3695, 16794.13, 13.77, 9.52
11:01:56, 1028.40, 11.56, 735, 1026, 1441, 1693, 1852, 1991, 2225, 2788, 8037, 3555, 16794.13, 13.77, 9.52
11:01:57, 1028.00, 11.54, 769, 1033, 1465, 1674, 1757, 1861, 2146, 2588, 7779, 3707, 16836.30, 13.72, 9.52
11:01:57, 1028.50, 11.52, 739, 988, 1406, 1604, 1852, 1947, 2235, 2728, 8282, 4075, 16850.39, 13.70, 9.51
11:01:57, 1031.00, 11.50, 757, 1044, 1472, 1687, 2057, 2218, 2448, 3127, 8729, 4024, 16836.30, 13.72, 9.51
11:01:58, 1031.90, 11.50, 625, 827, 1193, 1383, 1776, 1969, 2113, 2696, 7078, 2504, 16836.30, 13.72, 9.52
11:01:58, 1031.30, 11.49, 696, 897, 1290, 1526, 1603, 1847, 1953, 2453, 5735, 1976, 16850.39, 13.70, 9.52
11:01:59, 1032.90, 11.48, 692, 938, 1318, 1619, 1652, 1932, 2052, 2554, 5425, 1664, 16822.23, 13.74, 9.52
11:01:59, 1034.20, 11.47, 721, 1007, 1413, 1753, 1796, 2075, 2237, 2781, 6127, 1702, 16878.62, 13.67, 9.52
11:01:59, 1034.30, 11.42, 648, 908, 1288, 1593, 1677, 1924, 2075, 2582, 5486, 1451, 16864.50, 13.68, 9.52
11:02:00, 1032.10, 11.41, 691, 952, 1351, 1644, 1759, 1999, 2147, 2710, 6250, 1933, 16892.74, 13.65, 9.49
11:02:00, 1030.90, 11.41, 758, 1017, 1443, 1721, 1833, 2078, 2221, 2826, 7082, 2623, 16892.74, 13.65, 9.49
11:02:01, 1030.70, 11.40, 766, 1019, 1452, 1723, 1853, 2100, 2241, 2848, 7247, 2670, 16864.50, 13.68, 9.49
11:02:01, 1030.70, 11.40, 783, 1033, 1466, 1737, 1922, 2167, 2345, 2977, 6971, 2573, 16921.05, 13.62, 9.49
11:02:01, 1030.40, 11.39, 770, 1033, 1464, 1756, 1906, 2162, 2324, 2940, 6944, 2424, 16892.74, 13.65, 9.49
11:02:02, 1030.90, 11.38, 774, 1031, 1458, 1745, 1986, 2236, 2427, 3067, 7154, 2601, 16949.42, 13.58, 9.49
11:02:02, 1030.80, 11.38, 753, 1012, 1440, 1718, 1884, 2101, 2283, 2899, 6653, 2344, 16949.42, 13.58, 9.49
11:02:03, 1030.80, 11.38, 795, 1072, 1521, 1799, 1933, 2141, 2333, 2967, 7215, 2705, 16935.23, 13.60, 9.49
11:02:03, 1031.00, 11.39, 785, 1067, 1521, 1788, 1913, 2101, 2294, 2919, 7427, 2727, 16921.05, 13.62, 9.48
11:02:04, 1031.00, 11.39, 785, 1061, 1518, 1766, 1977, 2170, 2369, 3011, 7934, 2983, 16921.05, 13.62, 9.48
11:02:04, 1030.80, 11.39, 777, 1048, 1502, 1747, 1981, 2170, 2373, 3016, 7898, 2999, 16935.23, 13.60, 9.48
11:02:04, 1031.00, 11.39, 766, 1032, 1482, 1724, 1963, 2144, 2355, 2988, 7574, 2764, 16949.42, 13.58, 9.48
11:02:05, 1031.00, 11.40, 776, 1056, 1511, 1767, 1964, 2141, 2355, 2987, 7503, 2772, 16949.42, 13.58, 9.48
11:02:05, 1031.00, 11.40, 783, 1071, 1529, 1790, 1977, 2145, 2373, 3000, 7507, 2803, 16949.42, 13.58, 9.48
11:02:06, 1031.20, 11.40, 789, 1087, 1552, 1816, 1974, 2132, 2368, 2987, 7645, 2813, 16949.42, 13.58, 9.48
11:02:06, 1031.20, 11.41, 783, 1077, 1538, 1789, 2037, 2187, 2443, 3078, 8140, 3068, 16992.08, 13.53, 9.49
11:02:06, 1031.20, 11.41, 763, 1045, 1496, 1735, 1987, 2129, 2377, 2987, 8131, 3110, 16992.08, 13.53, 9.49
11:02:07, 1031.10, 11.41, 773, 1066, 1522, 1771, 1970, 2106, 2360, 2958, 8048, 3027, 16992.08, 13.53, 9.49
11:02:07, 1031.30, 11.41, 779, 1074, 1533, 1780, 2016, 2153, 2420, 3031, 8146, 3079, 17034.88, 13.48, 9.48
11:02:08, 1031.00, 11.41, 772, 1065, 1520, 1770, 2031, 2169, 2442, 3057, 8120, 3074, 17006.34, 13.51, 9.48
11:02:08, 1031.10, 11.42, 774, 1068, 1523, 1777, 2016, 2153, 2429, 3035, 8008, 3028, 17020.60, 13.49, 9.49
11:02:08, 1031.40, 11.46, 777, 1083, 1540, 1801, 2001, 2131, 2410, 3007, 8012, 3024, 17020.60, 13.49, 9.49
11:02:09, 1031.20, 11.46, 786, 1103, 1567, 1832, 2022, 2150, 2436, 3037, 8214, 3115, 17034.88, 13.48, 9.49
11:02:09, 1031.00, 11.46, 782, 1094, 1556, 1814, 2067, 2190, 2488, 3098, 8524, 3199, 17020.60, 13.49, 9.49
11:02:10, 1031.20, 11.46, 770, 1070, 1525, 1772, 2069, 2192, 2489, 3100, 8593, 3303, 17034.88, 13.48, 9.49
11:02:10, 1031.40, 11.46, 764, 1059, 1512, 1755, 2018, 2143, 2427, 3026, 8372, 3148, 17063.49, 13.44, 9.50
11:02:11, 1031.10, 11.47, 777, 1082, 1541, 1794, 2006, 2134, 2411, 3010, 8279, 3134, 17049.18, 13.46, 9.50
11:02:11, 1031.20, 11.48, 787, 1105, 1570, 1840, 2046, 2178, 2465, 3076, 8290, 3073, 17049.18, 13.46, 9.50
11:02:11, 1031.30, 11.48, 791, 1104, 1567, 1833, 2090, 2227, 2521, 3147, 8474, 3259, 17077.82, 13.42, 9.49
11:02:12, 1031.50, 11.49, 773, 1083, 1542, 1808, 2054, 2188, 2478, 3091, 8301, 3012, 17063.49, 13.44, 9.49
11:02:12, 1031.40, 11.49, 789, 1098, 1562, 1824, 2057, 2198, 2480, 3098, 8444, 3306, 17063.49, 13.44, 9.51
11:02:13, 1031.60, 11.49, 784, 1102, 1570, 1843, 2014, 2152, 2425, 3030, 8242, 2928, 17092.16, 13.41, 9.51
11:02:13, 1031.10, 11.49, 800, 1115, 1588, 1855, 2059, 2212, 2478, 3106, 8529, 3377, 17092.16, 13.41, 9.51
11:02:13, 1031.60, 11.48, 790, 1113, 1586, 1869, 2017, 2171, 2428, 3045, 8245, 2908, 17106.52, 13.39, 9.51
11:02:14, 1030.60, 11.48, 796, 1115, 1590, 1870, 2081, 2249, 2509, 3153, 8469, 3181, 17092.16, 13.41, 9.51
11:02:14, 1031.70, 11.48, 791, 1109, 1576, 1861, 2124, 2289, 2571, 3219, 8507, 2997, 17135.28, 13.35, 9.50
11:02:15, 1030.80, 11.47, 772, 1072, 1532, 1806, 2094, 2275, 2533, 3185, 8394, 3142, 17135.28, 13.35, 9.50
11:02:15, 1031.70, 11.46, 805, 1135, 1613, 1911, 2068, 2247, 2505, 3147, 8248, 2854, 17135.28, 13.35, 9.50
11:02:15, 1031.00, 11.42, 790, 1105, 1576, 1866, 2098, 2286, 2538, 3194, 8501, 3125, 17135.28, 13.35, 9.50
11:02:16, 1031.80, 11.41, 796, 1114, 1584, 1876, 2100, 2289, 2549, 3198, 8483, 2995, 17120.89, 13.37, 9.50
11:02:16, 1031.40, 11.40, 779, 1083, 1547, 1834, 2071, 2277, 2515, 3161, 8397, 3008, 17135.28, 13.35, 9.50
11:02:17, 1031.70, 11.40, 786, 1094, 1558, 1852, 2042, 2254, 2486, 3125, 8187, 2885, 17149.68, 13.34, 9.50
11:02:17, 1031.20, 11.40, 786, 1094, 1562, 1863, 2023, 2244, 2466, 3100, 8064, 2828, 17149.68, 13.34, 9.50
11:02:18, 1031.50, 11.41, 799, 1120, 1590, 1899, 2119, 2335, 2596, 3245, 8418, 2926, 17164.10, 13.32, 9.49
11:02:18, 1031.20, 11.41, 773, 1077, 1535, 1836, 2098, 2318, 2571, 3216, 8345, 2914, 17164.10, 13.32, 9.49
11:02:18, 1031.30, 11.41, 779, 1087, 1546, 1850, 2036, 2259, 2494, 3129, 7994, 2803, 17120.89, 13.37, 9.49
11:02:19, 1031.80, 11.41, 789, 1103, 1569, 1881, 2001, 2227, 2450, 3076, 7815, 2659, 17178.53, 13.30, 9.49
11:02:19, 1031.20, 11.41, 798, 1119, 1591, 1911, 2053, 2290, 2522, 3159, 8108, 2821, 17207.45, 13.27, 9.49
11:02:20, 1031.70, 11.42, 800, 1112, 1580, 1896, 2105, 2349, 2588, 3240, 8426, 2921, 17192.98, 13.28, 9.49
11:02:20, 1031.20, 11.42, 766, 1065, 1517, 1830, 2070, 2319, 2552, 3191, 8180, 2801, 17178.53, 13.30, 9.49
11:02:20, 1031.20, 11.42, 790, 1096, 1555, 1874, 2030, 2273, 2501, 3136, 7835, 2757, 17192.98, 13.28, 9.49
11:02:21, 1031.30, 11.42, 785, 1103, 1568, 1894, 2005, 2246, 2471, 3095, 7676, 2586, 17192.98, 13.28, 9.49
11:02:21, 1031.50, 11.43, 817, 1147, 1624, 1956, 2141, 2380, 2636, 3300, 8491, 2927, 17221.93, 13.25, 9.49
11:02:22, 1031.50, 11.46, 782, 1094, 1556, 1876, 2129, 2374, 2618, 3278, 8536, 2960, 17207.45, 13.27, 9.49
11:02:22, 1031.40, 11.46, 785, 1096, 1557, 1875, 2084, 2324, 2563, 3213, 8237, 2877, 17164.10, 13.32, 9.49
11:02:22, 1031.00, 11.42, 785, 1099, 1564, 1886, 2059, 2302, 2533, 3175, 8097, 2788, 17236.42, 13.23, 9.50
11:02:23, 1030.40, 11.42, 827, 1153, 1631, 1961, 2131, 2389, 2624, 3288, 8601, 3263, 17265.46, 13.20, 9.50
11:02:23, 1030.50, 11.42, 823, 1150, 1627, 1961, 2125, 2378, 2617, 3278, 8575, 3152, 17221.93, 13.25, 9.50
11:02:24, 1030.30, 11.42, 819, 1144, 1618, 1949, 2148, 2399, 2644, 3312, 8668, 3264, 17221.93, 13.25, 9.49
11:02:24, 1030.70, 11.42, 827, 1160, 1641, 1973, 2170, 2411, 2669, 3339, 8770, 3221, 17236.42, 13.23, 9.49
11:02:25, 1030.40, 11.42, 823, 1155, 1637, 1963, 2166, 2406, 2657, 3331, 8843, 3382, 17236.42, 13.23, 9.50
11:02:25, 1030.70, 11.46, 819, 1154, 1638, 1962, 2178, 2405, 2670, 3343, 8914, 3257, 17250.93, 13.21, 9.50
11:02:25, 1030.20, 11.46, 823, 1152, 1637, 1954, 2181, 2410, 2669, 3348, 9067, 3571, 17250.93, 13.21, 9.50
11:02:26, 1030.70, 11.46, 825, 1163, 1652, 1971, 2150, 2364, 2628, 3296, 8859, 3274, 17265.46, 13.20, 9.49
11:02:26, 1029.90, 11.46, 830, 1166, 1656, 1974, 2174, 2391, 2656, 3333, 9081, 3577, 17280.00, 13.18, 9.49
11:02:27, 1030.30, 11.46, 837, 1180, 1676, 1993, 2198, 2404, 2687, 3363, 9177, 3485, 17265.46, 13.20, 9.50
11:02:27, 1030.40, 11.42, 815, 1144, 1628, 1935, 2210, 2409, 2702, 3378, 9247, 3664, 17280.00, 13.18, 9.50
11:02:27, 1030.40, 11.46, 821, 1158, 1646, 1954, 2133, 2327, 2610, 3257, 8853, 3405, 17280.00, 13.18, 9.50
11:02:28, 1030.40, 11.46, 848, 1211, 1716, 2035, 2240, 2422, 2740, 3407, 9465, 3642, 17280.00, 13.18, 9.50
11:02:28, 1030.20, 11.46, 830, 1178, 1669, 1979, 2288, 2459, 2796, 3468, 9903, 4105, 17280.00, 13.18, 9.50
11:02:29, 1030.50, 11.46, 805, 1135, 1612, 1906, 2191, 2355, 2677, 3316, 9410, 3755, 17323.72, 13.13, 9.50
11:02:29, 1030.10, 11.46, 817, 1167, 1653, 1961, 2125, 2283, 2597, 3220, 9127, 3655, 17294.56, 13.16, 9.50
11:02:29, 1030.50, 11.47, 848, 1232, 1737, 2061, 2241, 2389, 2747, 3381, 9666, 3766, 17280.00, 13.18, 9.50
11:02:30, 1030.10, 11.47, 827, 1191, 1683, 1996, 2319, 2462, 2842, 3488, 10227, 4240, 17294.56, 13.16, 9.50
11:02:30, 1030.50, 11.47, 816, 1165, 1646, 1948, 2283, 2421, 2804, 3432, 10091, 4104, 17323.72, 13.13, 9.50
11:02:31, 1030.20, 11.47, 801, 1149, 1626, 1922, 2214, 2339, 2718, 3327, 9828, 3990, 17309.13, 13.14, 9.50
11:02:31, 1030.30, 11.47, 830, 1212, 1701, 2017, 2246, 2361, 2764, 3371, 10039, 4066, 17338.32, 13.11, 9.50
11:02:32, 1030.10, 11.46, 818, 1197, 1680, 1993, 2293, 2398, 2826, 3430, 10357, 4320, 17338.32, 13.11, 9.50
11:02:32, 1030.00, 11.47, 818, 1191, 1673, 1981, 2281, 2374, 2813, 3403, 10403, 4360, 17352.94, 13.09, 9.49
11:02:32, 1030.20, 11.47, 807, 1187, 1666, 1980, 2262, 2344, 2793, 3369, 10332, 4205, 17338.32, 13.11, 9.49
11:02:33, 1030.10, 11.47, 817, 1195, 1676, 1986, 2285, 2361, 2831, 3399, 10615, 4667, 17338.32, 13.11, 9.49
11:02:33, 1030.00, 11.47, 797, 1183, 1659, 1979, 2219, 2288, 2755, 3305, 10334, 4213, 17338.32, 13.11, 9.49
11:02:34, 1030.20, 11.47, 823, 1228, 1713, 2039, 2339, 2407, 2934, 3472, 10904, 4677, 17367.58, 13.07, 9.49
11:02:34, 1030.10, 11.47, 796, 1186, 1661, 1988, 2313, 2370, 2908, 3432, 10869, 4600, 17352.94, 13.09, 9.48
11:02:34, 1030.00, 11.47, 797, 1194, 1669, 2006, 2277, 2332, 2872, 3381, 10848, 4595, 17367.58, 13.07, 9.48
11:02:35, 1030.10, 11.48, 803, 1209, 1685, 2026, 2301, 2352, 2916, 3411, 11036, 4743, 17382.23, 13.06, 9.50
11:02:35, 1029.70, 11.48, 792, 1198, 1670, 2022, 2278, 2331, 2893, 3377, 11099, 4846, 17367.58, 13.07, 9.50
11:02:36, 1029.90, 11.48, 810, 1236, 1712, 2082, 2322, 2387, 2974, 3456, 11209, 4787, 17352.94, 13.09, 9.50
11:02:36, 1029.40, 11.48, 798, 1215, 1686, 2054, 2343, 2396, 2998, 3469, 11506, 5226, 17382.23, 13.06, 9.49
11:02:36, 1029.70, 11.48, 794, 1215, 1683, 2060, 2307, 2361, 2959, 3423, 11376, 4878, 17382.23, 13.06, 9.49
11:02:37, 1029.50, 11.48, 802, 1226, 1698, 2078, 2317, 2372, 2977, 3433, 11641, 5282, 17411.58, 13.02, 9.49
11:02:37, 1029.60, 11.48, 802, 1240, 1715, 2115, 2328, 2388, 3000, 3460, 11473, 4821, 17367.58, 13.07, 9.49
11:02:38, 1030.00, 11.48, 803, 1226, 1699, 2077, 2371, 2414, 3058, 3497, 11805, 5462, 17411.58, 13.02, 9.49
11:02:38, 1029.60, 11.48, 774, 1186, 1651, 2017, 2296, 2356, 2959, 3411, 11587, 4960, 17426.28, 13.00, 9.49
11:02:39, 1029.90, 11.47, 804, 1231, 1704, 2082, 2329, 2390, 3014, 3450, 11670, 5235, 17411.58, 13.02, 9.49
11:02:39, 1029.40, 11.47, 784, 1209, 1676, 2060, 2312, 2372, 2987, 3433, 11721, 5216, 17426.28, 13.00, 9.50
11:02:39, 1029.80, 11.47, 805, 1239, 1712, 2092, 2307, 2404, 3000, 3448, 11817, 5174, 17426.28, 13.00, 9.50
11:02:40, 1029.50, 11.47, 783, 1204, 1667, 2036, 2362, 2430, 3058, 3509, 12024, 5555, 17426.28, 13.00, 9.50
11:02:40, 1029.90, 11.47, 769, 1190, 1637, 2019, 2321, 2400, 3002, 3465, 11872, 5085, 17411.58, 13.02, 9.49
11:02:41, 1029.50, 11.47, 792, 1223, 1685, 2080, 2333, 2396, 3018, 3456, 12038, 5593, 17426.28, 13.00, 9.49
11:02:41, 1030.00, 11.47, 772, 1203, 1652, 2060, 2315, 2382, 2994, 3442, 11811, 5061, 17411.58, 13.02, 9.49
11:02:41, 1029.30, 11.46, 799, 1237, 1702, 2101, 2364, 2421, 3061, 3493, 12086, 5579, 17426.28, 13.00, 9.49
11:02:42, 1029.60, 11.46, 792, 1226, 1687, 2086, 2335, 2393, 3020, 3459, 11911, 5216, 17440.99, 12.99, 9.49
11:02:42, 1029.50, 11.42, 795, 1229, 1690, 2086, 2347, 2409, 3040, 3476, 11985, 5428, 17426.28, 13.00, 9.49
11:02:43, 1029.60, 11.42, 787, 1214, 1673, 2064, 2331, 2391, 3017, 3452, 11876, 5274, 17455.72, 12.97, 9.49
11:02:43, 1029.40, 11.42, 790, 1219, 1678, 2072, 2315, 2374, 2993, 3428, 11888, 5369, 17426.28, 13.00, 9.50
11:02:43, 1029.60, 11.42, 789, 1219, 1679, 2072, 2309, 2370, 2988, 3423, 11800, 5247, 17440.99, 12.99, 9.50
11:02:44, 1029.40, 11.42, 793, 1228, 1689, 2089, 2309, 2369, 2988, 3421, 11811, 5335, 17455.72, 12.97, 9.50
11:02:44, 1029.40, 11.43, 801, 1239, 1704, 2104, 2349, 2405, 3047, 3472, 11829, 5379, 17470.46, 12.95, 9.50
11:02:45, 1029.20, 11.46, 788, 1213, 1676, 2059, 2333, 2394, 3026, 3454, 11808, 5401, 17470.46, 12.95, 9.50
11:02:45, 1029.40, 11.46, 794, 1230, 1689, 2094, 2306, 2369, 2980, 3420, 11662, 5170, 17455.72, 12.97, 9.50
11:02:46, 1029.10, 11.47, 806, 1240, 1706, 2105, 2365, 2421, 3067, 3490, 11925, 5701, 17485.22, 12.93, 9.50
11:02:46, 1029.00, 11.47, 804, 1236, 1701, 2098, 2310, 2372, 2985, 3423, 11669, 5410, 17470.46, 12.95, 9.50
11:02:46, 1029.20, 11.47, 805, 1234, 1700, 2086, 2330, 2389, 3023, 3445, 11534, 5219, 17485.22, 12.93, 9.48
11:02:47, 1029.20, 11.47, 804, 1225, 1691, 2069, 2336, 2399, 3025, 3458, 11713, 5625, 17485.22, 12.93, 9.48
11:02:47, 1029.00, 11.48, 749, 1147, 1585, 1948, 2264, 2327, 2922, 3361, 11197, 4948, 17529.60, 12.88, 9.49
11:02:48, 1029.30, 11.48, 809, 1233, 1701, 2082, 2345, 2394, 3017, 3454, 11592, 5483, 17514.79, 12.90, 9.49
11:02:48, 1029.20, 11.48, 798, 1206, 1674, 2031, 2298, 2353, 2951, 3400, 11270, 5096, 17500.00, 12.92, 9.49
11:02:48, 1028.90, 11.48, 807, 1223, 1690, 2061, 2292, 2356, 2940, 3398, 11376, 5355, 17470.46, 12.95, 9.48
11:02:49, 1029.10, 11.48, 812, 1233, 1702, 2068, 2319, 2373, 2988, 3414, 11115, 4890, 17514.79, 12.90, 9.48
11:02:49, 1028.90, 11.48, 806, 1217, 1682, 2050, 2329, 2389, 2991, 3438, 11400, 5421, 17514.79, 12.90, 9.48
11:02:50, 1029.20, 11.49, 763, 1167, 1613, 1983, 2264, 2319, 2883, 3345, 11036, 4870, 17485.22, 12.93, 9.48
11:02:50, 1029.10, 11.49, 816, 1240, 1708, 2084, 2339, 2395, 2983, 3438, 11392, 5433, 17529.60, 12.88, 9.48
11:02:50, 1029.40, 11.49, 802, 1201, 1666, 2013, 2304, 2361, 2946, 3393, 10953, 4796, 17529.60, 12.88, 9.47
11:02:51, 1029.10, 11.49, 807, 1210, 1675, 2030, 2299, 2371, 2917, 3403, 11097, 5222, 17514.79, 12.90, 9.47
11:02:51, 1029.20, 11.49, 809, 1207, 1676, 2011, 2265, 2333, 2877, 3335, 10835, 4676, 17500.00, 12.92, 9.48
11:02:52, 1029.00, 11.49, 813, 1216, 1681, 2033, 2325, 2406, 2933, 3442, 11171, 5238, 17574.13, 12.83, 9.48
11:02:52, 1028.80, 11.48, 780, 1172, 1623, 1963, 2300, 2363, 2900, 3388, 10868, 4783, 17485.22, 12.93, 9.48
11:02:53, 1028.70, 11.48, 810, 1192, 1653, 1980, 2196, 2280, 2760, 3259, 10822, 5193, 17529.60, 12.88, 9.46
11:02:53, 1028.40, 11.47, 788, 1176, 1625, 1963, 2116, 2224, 2649, 3160, 10646, 5039, 17544.42, 12.86, 9.46
11:02:53, 1028.90, 11.46, 787, 1142, 1588, 1890, 2131, 2219, 2660, 3162, 10655, 5180, 17559.27, 12.85, 9.46
11:02:54, 1028.70, 11.46, 786, 1163, 1609, 1943, 2167, 2266, 2703, 3226, 10675, 4998, 17544.42, 12.86, 9.46
11:02:54, 1028.80, 11.46, 791, 1157, 1601, 1918, 2197, 2282, 2742, 3247, 10659, 5119, 17574.13, 12.83, 9.46
11:02:55, 1028.50, 11.42, 782, 1141, 1575, 1892, 2160, 2255, 2695, 3208, 10497, 4992, 17559.27, 12.85, 9.46
11:02:55, 1028.20, 11.46, 806, 1174, 1628, 1943, 2215, 2305, 2763, 3283, 10494, 4967, 17514.79, 12.90, 9.46
11:02:55, 1028.50, 11.46, 803, 1182, 1629, 1963, 2179, 2264, 2711, 3223, 10344, 4961, 17574.13, 12.83, 9.46
11:02:56, 1028.30, 11.46, 802, 1172, 1623, 1933, 2279, 2404, 2869, 3419, 10894, 5241, 17574.13, 12.83, 9.46
11:02:56, 1028.50, 11.46, 804, 1194, 1645, 1989, 2164, 2255, 2687, 3212, 10285, 4956, 17559.27, 12.85, 9.46
11:02:57, 1028.30, 11.42, 802, 1172, 1624, 1933, 2118, 2220, 2624, 3150, 10260, 4954, 17559.27, 12.85, 9.47
11:02:57, 1028.40, 11.42, 803, 1189, 1641, 1974, 2164, 2257, 2681, 3210, 10221, 4904, 17544.42, 12.86, 9.47
11:02:57, 1028.30, 11.41, 792, 1145, 1589, 1888, 2111, 2212, 2604, 3136, 10144, 4888, 17589.00, 12.81, 9.48
11:02:58, 1028.40, 11.41, 796, 1149, 1597, 1894, 2115, 2223, 2609, 3146, 10113, 4852, 17574.13, 12.83, 9.48
11:02:58, 1028.70, 11.40, 799, 1149, 1599, 1897, 2133, 2246, 2634, 3174, 10184, 4876, 17589.00, 12.81, 9.48
11:02:59, 1028.60, 11.40, 809, 1171, 1630, 1932, 2132, 2243, 2631, 3171, 10144, 4848, 17559.27, 12.85, 9.48
11:02:59, 1028.40, 11.40, 798, 1150, 1600, 1896, 2129, 2235, 2631, 3162, 10165, 4869, 17603.89, 12.79, 9.48
11:03:00, 1028.30, 11.39, 795, 1149, 1596, 1892, 2105, 2209, 2601, 3125, 10111, 4853, 17618.79, 12.78, 9.49
11:03:00, 1028.70, 11.40, 789, 1136, 1579, 1871, 2099, 2199, 2595, 3113, 10100, 4861, 17603.89, 12.79, 9.49
11:03:00, 1029.20, 11.40, 790, 1142, 1589, 1879, 2096, 2195, 2592, 3106, 10041, 4825, 17589.00, 12.81, 9.49
11:03:01, 1030.00, 11.40, 745, 1078, 1518, 1789, 1944, 2000, 2402, 2852, 9199, 3802, 17559.27, 12.85, 9.50
11:03:01, 1030.10, 11.40, 754, 1097, 1543, 1823, 2083, 2169, 2564, 3077, 9617, 4030, 17559.27, 12.85, 9.50
11:03:02, 1030.30, 11.39, 733, 1056, 1493, 1761, 2058, 2144, 2541, 3038, 9607, 4027, 17618.79, 12.78, 9.49
11:03:02, 1030.50, 11.38, 740, 1083, 1522, 1805, 1991, 2069, 2441, 2921, 9429, 3731, 17618.79, 12.78, 9.49
11:03:02, 1030.30, 11.38, 759, 1123, 1578, 1869, 2012, 2085, 2475, 2951, 9505, 3793, 17559.27, 12.85, 9.49
11:03:03, 1030.40, 11.38, 744, 1095, 1541, 1821, 2070, 2139, 2549, 3036, 9594, 3820, 17633.71, 12.76, 9.48
11:03:03, 1030.50, 11.37, 725, 1050, 1486, 1750, 2061, 2133, 2537, 3025, 9540, 3798, 17648.65, 12.74, 9.48
11:03:04, 1030.90, 11.37, 723, 1044, 1481, 1744, 1983, 2061, 2428, 2904, 9287, 3546, 17633.71, 12.76, 9.47
11:03:04, 1030.70, 11.36, 729, 1051, 1489, 1747, 1967, 2048, 2409, 2883, 9314, 3735, 17678.57, 12.71, 9.47
11:03:04, 1030.60, 11.36, 730, 1069, 1513, 1784, 1976, 2047, 2427, 2892, 9253, 3548, 17663.60, 12.72, 9.47
11:03:05, 1030.80, 11.36, 740, 1085, 1528, 1801, 2096, 2143, 2593, 3063, 9536, 3797, 17618.79, 12.78, 9.45
11:03:05, 1030.90, 11.36, 707, 1031, 1459, 1723, 2028, 2079, 2509, 2959, 9406, 3716, 17648.65, 12.74, 9.45
11:03:06, 1030.60, 11.35, 717, 1055, 1485, 1759, 2003, 2057, 2481, 2926, 9364, 3621, 17693.55, 12.69, 9.45
11:03:06, 1030.80, 11.34, 719, 1052, 1482, 1749, 1985, 2040, 2451, 2896, 9351, 3767, 17648.65, 12.74, 9.45
11:03:07, 1030.50, 11.34, 708, 1034, 1463, 1723, 1969, 2027, 2427, 2871, 9247, 3627, 17618.79, 12.78, 9.45
11:03:07, 1030.80, 11.33, 721, 1050, 1481, 1742, 1999, 2053, 2472, 2918, 9210, 3586, 17633.71, 12.76, 9.45
11:03:07, 1030.40, 11.33, 708, 1026, 1454, 1708, 1974, 2036, 2433, 2880, 9223, 3698, 17648.65, 12.74, 9.45
11:03:08, 1030.90, 11.32, 720, 1055, 1487, 1755, 1957, 2015, 2413, 2857, 9051, 3403, 17663.60, 12.72, 9.44
11:03:08, 1030.40, 11.32, 712, 1033, 1460, 1714, 1983, 2043, 2441, 2891, 9214, 3741, 17678.57, 12.71, 9.44
11:03:09, 1031.00, 11.31, 710, 1034, 1460, 1719, 1928, 1992, 2370, 2815, 8981, 3428, 17678.57, 12.71, 9.44
11:03:09, 1030.60, 11.31, 713, 1029, 1456, 1704, 1928, 2001, 2365, 2817, 9026, 3624, 17708.56, 12.67, 9.45
11:03:09, 1030.60, 11.29, 707, 1023, 1448, 1701, 1908, 1986, 2333, 2789, 8890, 3398, 17663.60, 12.72, 9.45
11:03:10, 1030.80, 11.28, 721, 1030, 1461, 1706, 1919, 2004, 2343, 2813, 8808, 3457, 17708.56, 12.67, 9.45
11:03:10, 1030.90, 11.26, 701, 998, 1420, 1655, 1916, 2009, 2336, 2813, 8759, 3336, 17693.55, 12.69, 9.45
11:03:11, 1031.10, 11.25, 719, 1013, 1442, 1680, 1848, 1961, 2247, 2731, 8504, 3251, 17678.57, 12.71, 9.45
11:03:11, 1030.90, 11.24, 707, 993, 1416, 1649, 1867, 1983, 2271, 2766, 8508, 3194, 17678.57, 12.71, 9.46
11:03:11, 1031.10, 11.22, 722, 1011, 1439, 1680, 1853, 1980, 2251, 2752, 8435, 3183, 17708.56, 12.67, 9.46
11:03:12, 1030.90, 11.20, 719, 1006, 1435, 1676, 1824, 1955, 2205, 2710, 8328, 3041, 17693.55, 12.69, 9.45
11:03:12, 1031.30, 11.19, 712, 989, 1409, 1641, 1839, 1970, 2218, 2729, 8301, 3068, 17708.56, 12.67, 9.45
11:03:13, 1031.00, 11.18, 704, 978, 1396, 1626, 1805, 1944, 2177, 2688, 8181, 2953, 17723.58, 12.65, 9.45
11:03:13, 1033.00, 11.17, 719, 998, 1428, 1665, 1802, 1921, 2182, 2669, 7792, 2509, 17708.56, 12.67, 9.44
11:03:14, 1034.60, 11.15, 656, 917, 1322, 1545, 1771, 1885, 2128, 2610, 7580, 2237, 17708.56, 12.67, 9.44
11:03:14, 1036.60, 11.13, 624, 877, 1266, 1487, 1674, 1797, 2018, 2472, 7056, 1894, 17708.56, 12.67, 9.43
11:03:14, 1037.80, 11.11, 602, 848, 1233, 1454, 1623, 1749, 1950, 2391, 6713, 1655, 17723.58, 12.65, 9.43
11:03:15, 1039.40, 11.09, 593, 839, 1226, 1448, 1575, 1697, 1886, 2315, 6524, 1509, 17723.58, 12.65, 9.43
11:03:15, 1040.80, 11.08, 584, 839, 1233, 1458, 1610, 1700, 1931, 2331, 6663, 1468, 17693.55, 12.69, 9.41
11:03:16, 1043.10, 11.08, 558, 818, 1203, 1427, 1646, 1696, 1983, 2349, 6695, 1419, 17738.61, 12.64, 9.41
11:03:16, 1044.80, 11.07, 516, 781, 1148, 1379, 1610, 1632, 1974, 2267, 6689, 1339, 17723.58, 12.65, 9.41
11:03:16, 1046.60, 11.07, 492, 769, 1125, 1381, 1600, 1610, 2005, 2237, 6741, 1274, 17723.58, 12.65, 9.41
11:03:17, 1048.10, 11.06, 476, 758, 1110, 1380, 1602, 1604, 2033, 2224, 6809, 1239, 17738.61, 12.64, 9.41
11:03:17, 1050.20, 11.05, 465, 753, 1098, 1390, 1587, 1588, 2026, 2189, 6751, 1132, 17723.58, 12.65, 9.40
11:03:18, 1052.20, 11.05, 446, 727, 1063, 1359, 1559, 1567, 1999, 2148, 6643, 1049, 17753.66, 12.62, 9.40
11:03:18, 1053.50, 11.04, 435, 714, 1048, 1351, 1545, 1557, 1984, 2122, 6571, 974, 17753.66, 12.62, 9.41
11:03:18, 1055.30, 11.04, 423, 697, 1027, 1333, 1529, 1537, 1967, 2081, 6524, 912, 17753.66, 12.62, 9.41
11:03:19, 1057.00, 11.02, 411, 680, 1004, 1314, 1501, 1518, 1932, 2043, 6423, 847, 17753.66, 12.62, 9.41
11:03:19, 1058.90, 11.00, 399, 663, 985, 1296, 1483, 1504, 1905, 2012, 6252, 770, 17768.73, 12.60, 9.39
11:03:20, 1060.80, 10.99, 385, 641, 957, 1264, 1473, 1495, 1891, 1994, 6131, 726, 17753.66, 12.62, 9.39
11:03:20, 1062.50, 10.97, 371, 619, 927, 1227, 1441, 1468, 1849, 1947, 6048, 687, 17753.66, 12.62, 9.40
11:03:21, 1063.90, 10.96, 364, 608, 913, 1216, 1391, 1430, 1782, 1875, 5942, 643, 17814.03, 12.55, 9.40
11:03:21, 1065.50, 10.95, 360, 600, 903, 1214, 1367, 1423, 1750, 1846, 6001, 627, 17768.73, 12.60, 9.40
11:03:21, 1067.30, 10.94, 351, 582, 880, 1189, 1329, 1399, 1698, 1794, 6026, 600, 17723.58, 12.65, 9.38
11:03:22, 1069.20, 10.93, 342, 568, 862, 1169, 1303, 1376, 1657, 1750, 5918, 562, 17753.66, 12.62, 9.38
11:03:22, 1071.40, 10.92, 337, 560, 853, 1161, 1288, 1363, 1633, 1724, 5838, 537, 17844.31, 12.51, 9.39
11:03:23, 1072.80, 10.90, 328, 547, 835, 1141, 1258, 1329, 1594, 1672, 5681, 507, 17738.61, 12.64, 9.39
11:03:23, 1074.50, 10.89, 321, 537, 822, 1125, 1247, 1314, 1575, 1648, 5533, 480, 17798.91, 12.57, 9.39
11:03:23, 1076.40, 10.88, 309, 520, 800, 1095, 1220, 1279, 1538, 1603, 5355, 455, 17768.73, 12.60, 9.39
11:03:24, 1078.30, 10.88, 300, 508, 784, 1075, 1189, 1240, 1492, 1550, 5144, 425, 17783.81, 12.58, 9.39
11:03:24, 1080.00, 10.89, 289, 494, 766, 1050, 1181, 1226, 1480, 1529, 4998, 403, 17783.81, 12.58, 9.40
11:03:25, 1081.50, 10.89, 281, 480, 749, 1025, 1167, 1208, 1456, 1501, 4887, 384, 17768.73, 12.60, 9.40
11:03:25, 1083.40, 10.89, 275, 469, 733, 1007, 1159, 1206, 1441, 1493, 4902, 379, 17753.66, 12.62, 9.40
11:03:25, 1085.00, 10.89, 270, 461, 721, 995, 1117, 1172, 1386, 1433, 4852, 366, 17814.03, 12.55, 9.40
11:03:26, 1087.00, 10.89, 268, 456, 718, 993, 1100, 1161, 1358, 1405, 4841, 356, 17768.73, 12.60, 9.40
11:03:26, 1088.70, 10.90, 261, 442, 699, 966, 1083, 1149, 1330, 1380, 4827, 348, 17783.81, 12.58, 9.40
11:03:27, 1090.50, 10.90, 254, 429, 683, 942, 1053, 1120, 1286, 1335, 4712, 334, 17814.03, 12.55, 9.40
11:03:27, 1092.30, 10.90, 246, 416, 667, 921, 1031, 1096, 1253, 1298, 4610, 321, 17814.03, 12.55, 9.40
11:03:28, 1094.00, 10.90, 238, 403, 649, 897, 1022, 1086, 1239, 1282, 4541, 312, 17859.47, 12.50, 9.40
11:03:28, 1095.80, 10.90, 231, 392, 633, 875, 993, 1056, 1200, 1240, 4422, 300, 17798.91, 12.57, 9.40
11:03:28, 1097.70, 10.91, 227, 387, 626, 867, 974, 1034, 1173, 1209, 4359, 293, 17844.31, 12.51, 9.41
11:03:29, 1099.20, 10.90, 222, 380, 616, 856, 963, 1020, 1158, 1187, 4249, 281, 17844.31, 12.51, 9.41
11:03:29, 1100.50, 10.90, 218, 374, 607, 845, 957, 1011, 1149, 1176, 4202, 277, 17844.31, 12.51, 9.41
11:03:30, 1101.80, 10.90, 215, 370, 602, 839, 955, 1007, 1144, 1168, 4136, 270, 17844.31, 12.51, 9.41
11:03:30, 1103.60, 10.90, 210, 364, 593, 830, 942, 990, 1129, 1145, 4042, 262, 17859.47, 12.50, 9.41
11:03:30, 1105.30, 10.91, 206, 360, 589, 826, 945, 989, 1129, 1141, 3958, 253, 17874.66, 12.48, 9.41
11:03:31, 1106.70, 10.91, 200, 351, 574, 806, 933, 973, 1113, 1120, 3866, 246, 17859.47, 12.50, 9.41
11:03:31, 1108.20, 10.91, 196, 346, 568, 798, 912, 948, 1086, 1089, 3769, 239, 17829.17, 12.53, 9.41
11:03:32, 1109.80, 10.91, 191, 338, 556, 784, 898, 931, 1066, 1067, 3678, 232, 17844.31, 12.51, 9.41
11:03:32, 1111.60, 10.91, 186, 330, 545, 769, 883, 913, 1045, 1042, 3587, 225, 17859.47, 12.50, 9.41
11:03:32, 1113.40, 10.91, 181, 322, 532, 751, 867, 894, 1024, 1018, 3499, 218, 17859.47, 12.50, 9.42
11:03:33, 1114.90, 10.91, 177, 318, 526, 746, 856, 880, 1008, 1000, 3431, 213, 17859.47, 12.50, 9.42
11:03:33, 1117.20, 10.91, 174, 313, 520, 737, 853, 874, 1001, 988, 3350, 206, 17874.66, 12.48, 9.42
11:03:34, 1119.00, 10.91, 169, 304, 507, 720, 838, 859, 980, 966, 3303, 203, 17859.47, 12.50, 9.42
11:03:34, 1120.20, 10.91, 166, 300, 502, 713, 830, 851, 967, 952, 3265, 199, 17859.47, 12.50, 9.42
11:03:35, 1122.20, 10.91, 163, 295, 495, 703, 821, 842, 954, 939, 3248, 197, 17874.66, 12.48, 9.43
11:03:35, 1123.60, 10.91, 161, 292, 491, 700, 808, 831, 936, 920, 3209, 194, 17889.86, 12.46, 9.43
11:03:35, 1125.10, 10.91, 160, 290, 489, 696, 799, 820, 921, 904, 3181, 191, 17889.86, 12.46, 9.43
11:03:36, 1126.40, 10.91, 157, 283, 479, 684, 790, 813, 910, 891, 3155, 189, 17889.86, 12.46, 9.44
11:03:36, 1128.30, 10.91, 152, 275, 467, 667, 777, 799, 890, 870, 3114, 186, 17844.31, 12.51, 9.44
11:03:37, 1129.80, 10.91, 150, 270, 461, 658, 768, 789, 875, 855, 3076, 183, 17905.07, 12.44, 9.45
11:03:37, 1131.70, 10.92, 146, 264, 451, 645, 750, 771, 852, 831, 3024, 179, 17889.86, 12.46, 9.45
11:03:37, 1133.50, 10.92, 143, 260, 446, 637, 736, 755, 832, 809, 2966, 175, 17905.07, 12.44, 9.45
11:03:38, 1135.50, 10.92, 140, 255, 438, 629, 735, 753, 828, 804, 2933, 172, 17889.86, 12.46, 9.46
11:03:38, 1137.50, 10.92, 136, 247, 426, 611, 724, 741, 812, 785, 2884, 169, 17920.31, 12.43, 9.46
11:03:39, 1139.40, 10.92, 133, 241, 418, 599, 710, 726, 792, 765, 2850, 167, 17874.66, 12.48, 9.46
11:03:39, 1141.60, 10.91, 130, 238, 413, 594, 696, 712, 773, 745, 2808, 164, 17935.55, 12.41, 9.46
11:03:39, 1143.40, 10.91, 128, 233, 407, 585, 694, 710, 767, 738, 2793, 162, 17920.31, 12.43, 9.46
11:03:40, 1144.90, 10.91, 127, 231, 404, 580, 677, 694, 746, 717, 2764, 161, 17920.31, 12.43, 9.45
11:03:40, 1146.40, 10.91, 125, 229, 402, 578, 671, 687, 734, 707, 2750, 160, 17966.10, 12.37, 9.45
11:03:41, 1148.20, 10.90, 123, 224, 395, 568, 667, 683, 727, 699, 2724, 158, 17889.86, 12.46, 9.46
11:03:41, 1150.00, 10.90, 121, 220, 390, 561, 659, 675, 714, 687, 2696, 156, 17905.07, 12.44, 9.46
11:03:42, 1152.30, 10.90, 117, 213, 378, 544, 639, 654, 690, 661, 2638, 153, 17920.31, 12.43, 9.46
11:03:42, 1154.60, 10.90, 115, 209, 374, 539, 617, 630, 662, 633, 2577, 149, 17950.82, 12.39, 9.47
11:03:42, 1156.40, 10.89, 114, 210, 376, 544, 613, 624, 656, 624, 2532, 146, 17950.82, 12.39, 9.47
11:03:43, 1158.50, 10.89, 111, 205, 368, 533, 632, 642, 674, 639, 2517, 144, 17950.82, 12.39, 9.45
11:03:43, 1160.50, 10.89, 107, 198, 356, 517, 616, 624, 654, 617, 2458, 141, 17920.31, 12.43, 9.45
11:03:44, 1162.60, 10.89, 104, 193, 349, 507, 606, 612, 642, 603, 2413, 138, 17966.10, 12.37, 9.45
11:03:44, 1163.70, 10.89, 102, 190, 343, 499, 587, 593, 621, 582, 2364, 136, 17950.82, 12.39, 9.46
11:03:44, 1165.40, 10.88, 102, 189, 342, 499, 584, 588, 616, 576, 2342, 134, 17950.82, 12.39, 9.46
11:03:45, 1167.20, 10.89, 100, 187, 339, 495, 584, 587, 614, 572, 2309, 132, 17996.71, 12.34, 9.46
11:03:45, 1168.80, 10.89, 98, 183, 333, 487, 574, 576, 602, 560, 2270, 130, 17920.31, 12.43, 9.46
11:03:46, 1170.60, 10.89, 95, 178, 325, 476, 569, 570, 594, 552, 2237, 128, 17966.10, 12.37, 9.46
11:03:46, 1172.90, 10.88, 93, 175, 320, 470, 574, 574, 597, 553, 2207, 126, 17966.10, 12.37, 9.46
11:03:46, 1175.20, 10.88, 90, 169, 309, 454, 557, 555, 577, 532, 2144, 122, 17966.10, 12.37, 9.46
11:03:47, 1177.30, 10.88, 89, 169, 310, 457, 539, 536, 558, 512, 2084, 119, 17996.71, 12.34, 9.47
11:03:47, 1179.00, 10.87, 88, 169, 310, 459, 538, 532, 555, 507, 2035, 116, 17950.82, 12.39, 9.47
11:03:48, 1181.00, 10.87, 86, 166, 305, 452, 537, 528, 552, 502, 1986, 114, 17966.10, 12.37, 9.47
11:03:48, 1182.60, 10.86, 84, 162, 298, 443, 536, 526, 550, 499, 1949, 111, 17981.40, 12.36, 9.46
11:03:49, 1184.50, 10.86, 83, 159, 295, 438, 531, 519, 543, 491, 1914, 109, 17981.40, 12.36, 9.46
11:03:49, 1186.30, 10.86, 81, 156, 290, 432, 524, 512, 534, 482, 1879, 108, 17966.10, 12.37, 9.46
11:03:49, 1188.80, 10.86, 80, 154, 286, 427, 513, 500, 520, 468, 1839, 105, 18027.40, 12.30, 9.46
11:03:50, 1190.50, 10.86, 78, 153, 284, 425, 506, 492, 511, 459, 1804, 103, 17950.82, 12.39, 9.46
11:03:50, 1193.10, 10.85, 76, 149, 278, 417, 510, 495, 513, 458, 1780, 102, 18012.05, 12.32, 9.46
11:03:51, 1195.20, 10.82, 73, 143, 268, 402, 497, 482, 497, 443, 1753, 100, 18012.05, 12.32, 9.46
11:03:51, 1197.50, 10.81, 72, 141, 265, 397, 479, 464, 476, 424, 1717, 98, 17966.10, 12.37, 9.46
11:03:51, 1199.50, 10.81, 71, 139, 262, 393, 476, 461, 471, 418, 1703, 97, 18027.40, 12.30, 9.46
11:03:52, 1201.30, 10.80, 70, 136, 257, 387, 474, 458, 467, 413, 1696, 97, 18027.40, 12.30, 9.46
11:03:52, 1203.00, 10.80, 68, 134, 253, 381, 464, 449, 455, 402, 1681, 96, 18012.05, 12.32, 9.47
11:03:53, 1204.60, 10.80, 67, 131, 249, 374, 456, 441, 445, 392, 1677, 95, 18027.40, 12.30, 9.47
11:03:53, 1206.40, 10.80, 66, 129, 246, 369, 451, 437, 437, 385, 1681, 95, 18027.40, 12.30, 9.48
11:03:53, 1208.90, 10.80, 64, 124, 238, 358, 444, 430, 428, 376, 1679, 95, 18012.05, 12.32, 9.48
11:03:54, 1210.70, 10.80, 63, 123, 236, 354, 436, 422, 417, 366, 1673, 95, 18012.05, 12.32, 9.48
11:03:54, 1213.10, 10.80, 62, 121, 233, 349, 427, 413, 405, 355, 1654, 95, 18012.05, 12.32, 9.49
11:03:55, 1215.00, 10.80, 62, 120, 233, 349, 419, 404, 395, 345, 1631, 94, 18027.40, 12.30, 9.49
11:03:55, 1216.70, 10.80, 63, 121, 236, 352, 418, 403, 393, 343, 1617, 93, 18042.76, 12.29, 9.50
11:03:56, 1218.60, 10.80, 61, 119, 232, 347, 423, 407, 395, 345, 1610, 93, 18027.40, 12.30, 9.50
11:03:56, 1220.60, 10.80, 59, 114, 222, 332, 417, 400, 388, 337, 1585, 91, 18027.40, 12.30, 9.50
11:03:56, 1222.90, 10.80, 57, 112, 219, 327, 405, 387, 375, 324, 1552, 90, 18042.76, 12.29, 9.51
11:03:57, 1225.60, 10.80, 57, 111, 219, 327, 401, 382, 369, 317, 1530, 88, 18012.05, 12.32, 9.51
11:03:57, 1228.00, 10.80, 56, 110, 217, 325, 397, 378, 364, 312, 1510, 87, 18073.54, 12.25, 9.52
11:03:58, 1230.10, 10.80, 56, 109, 216, 324, 396, 375, 361, 308, 1495, 86, 18058.15, 12.27, 9.52
11:03:58, 1232.40, 10.80, 55, 109, 215, 324, 399, 378, 361, 307, 1485, 86, 18027.40, 12.30, 9.52
11:03:58, 1233.90, 10.80, 54, 106, 210, 316, 398, 376, 359, 305, 1473, 85, 18042.76, 12.29, 9.52
11:03:59, 1235.20, 10.80, 52, 103, 205, 309, 391, 369, 352, 298, 1451, 84, 18042.76, 12.29, 9.52
11:03:59, 1237.50, 10.80, 52, 102, 203, 306, 384, 361, 345, 290, 1425, 82, 18088.96, 12.23, 9.53
11:04:00, 1239.30, 10.80, 51, 101, 202, 304, 375, 352, 336, 282, 1400, 81, 18088.96, 12.23, 9.53
11:04:00, 1241.70, 10.81, 48, 95, 190, 286, 292, 268, 264, 213, 1181, 70, 18058.15, 12.27, 9.53
11:04:00, 1242.40, 10.81, 28, 54, 113, 171, 231, 206, 210, 163, 954, 58, 18042.76, 12.29, 9.54
11:04:01, 1242.60, 10.81, 30, 58, 120, 181, 233, 208, 212, 164, 957, 58, 18088.96, 12.23, 9.54
11:04:01, 1242.60, 10.81, 30, 58, 121, 183, 235, 210, 214, 165, 962, 59, 18088.96, 12.23, 9.54
11:04:02, 1242.40, 10.80, 30, 59, 121, 184, 236, 211, 215, 166, 966, 59, 18027.40, 12.30, 9.54
11:04:02, 1242.70, 10.80, 30, 59, 122, 184, 235, 210, 214, 165, 966, 59, 18042.76, 12.29, 9.54
11:04:03, 1240.50, 10.80, 33, 63, 130, 195, 324, 299, 289, 237, 1271, 75, 18088.96, 12.23, 9.55
11:04:03, 1239.10, 10.81, 56, 112, 222, 337, 372, 345, 333, 275, 1381, 81, 18119.85, 12.20, 9.55
11:04:03, 1237.50, 10.81, 61, 122, 243, 366, 429, 399, 382, 320, 1471, 85, 18104.39, 12.21, 9.55
11:04:04, 1236.50, 10.81, 56, 112, 222, 335, 415, 384, 373, 309, 1423, 83, 18088.96, 12.23, 9.55
11:04:04, 1235.90, 10.81, 57, 114, 227, 344, 434, 401, 390, 325, 1442, 84, 18073.54, 12.25, 9.55
11:04:05, 1235.90, 10.81, 53, 106, 210, 320, 421, 387, 379, 313, 1399, 82, 18104.39, 12.21, 9.54
11:04:05, 1235.80, 10.81, 54, 107, 212, 323, 405, 372, 367, 301, 1352, 79, 18104.39, 12.21, 9.54
11:04:05, 1235.70, 10.81, 55, 110, 219, 332, 405, 372, 367, 301, 1351, 79, 18104.39, 12.21, 9.54
11:04:06, 1235.80, 10.82, 57, 113, 224, 339, 412, 379, 373, 307, 1376, 81, 18104.39, 12.21, 9.54
11:04:06, 1235.70, 10.86, 56, 112, 223, 338, 422, 389, 381, 315, 1413, 83, 18073.54, 12.25, 9.54
11:04:07, 1235.70, 10.86, 56, 111, 220, 333, 423, 390, 381, 316, 1435, 84, 18104.39, 12.21, 9.54
11:04:07, 1235.70, 10.87, 55, 110, 218, 331, 420, 388, 378, 314, 1452, 85, 18088.96, 12.23, 9.54
11:04:07, 1235.40, 10.88, 56, 110, 219, 332, 417, 386, 375, 312, 1470, 86, 18104.39, 12.21, 9.55
11:04:08, 1235.80, 10.89, 56, 111, 221, 333, 416, 387, 374, 312, 1492, 87, 18104.39, 12.21, 9.55
11:04:08, 1235.50, 10.90, 56, 111, 222, 334, 416, 388, 374, 314, 1513, 88, 18135.31, 12.18, 9.55
11:04:09, 1235.60, 10.90, 56, 111, 222, 334, 416, 390, 374, 315, 1527, 89, 18088.96, 12.23, 9.55
11:04:09, 1235.50, 10.91, 56, 111, 222, 333, 415, 390, 373, 315, 1535, 89, 18104.39, 12.21, 9.55
11:04:10, 1235.40, 10.92, 56, 111, 221, 333, 414, 391, 372, 316, 1541, 89, 18119.85, 12.20, 9.55
11:04:10, 1235.40, 10.92, 56, 111, 220, 331, 416, 393, 374, 318, 1549, 89, 18150.79, 12.16, 9.55
11:04:10, 1234.50, 10.93, 56, 111, 221, 333, 414, 391, 374, 318, 1553, 89, 18119.85, 12.20, 9.55
11:04:11, 1234.60, 10.93, 58, 114, 226, 341, 424, 402, 383, 326, 1566, 89, 18135.31, 12.18, 9.55
11:04:11, 1234.60, 10.93, 57, 113, 224, 339, 418, 396, 378, 322, 1555, 89, 18135.31, 12.18, 9.55
11:04:12, 1234.60, 10.92, 56, 110, 219, 332, 417, 397, 378, 323, 1553, 88, 18150.79, 12.16, 9.55
11:04:12, 1234.50, 10.92, 56, 111, 220, 333, 415, 395, 377, 322, 1544, 88, 18135.31, 12.18, 9.55
11:04:12, 1234.60, 10.92, 57, 112, 222, 337, 412, 392, 375, 321, 1532, 87, 18150.79, 12.16, 9.55
11:04:13, 1234.60, 10.92, 57, 112, 223, 338, 410, 390, 373, 319, 1520, 86, 18150.79, 12.16, 9.55
11:04:13, 1234.60, 10.92, 56, 110, 218, 331, 411, 392, 375, 321, 1515, 86, 18181.82, 12.13, 9.55
11:04:14, 1234.70, 10.92, 55, 110, 217, 330, 410, 391, 375, 321, 1507, 85, 18150.79, 12.16, 9.55
11:04:14, 1234.70, 10.92, 55, 109, 216, 330, 412, 392, 377, 322, 1503, 85, 18197.36, 12.11, 9.55
11:04:15, 1234.80, 10.92, 56, 110, 219, 334, 411, 392, 376, 322, 1495, 85, 18181.82, 12.13, 9.55
11:04:15, 1234.20, 10.92, 56, 110, 219, 335, 412, 393, 378, 324, 1491, 84, 18150.79, 12.16, 9.55
11:04:15, 1234.10, 10.92, 55, 109, 217, 331, 411, 392, 377, 324, 1490, 84, 18135.31, 12.18, 9.55
11:04:16, 1233.60, 10.93, 55, 109, 216, 330, 407, 389, 375, 321, 1483, 84, 18166.30, 12.14, 9.55
11:04:16, 1232.70, 10.93, 55, 109, 216, 330, 414, 396, 382, 328, 1500, 85, 18166.30, 12.14, 9.55
11:04:17, 1232.40, 10.94, 56, 110, 219, 336, 411, 393, 379, 326, 1501, 85, 18166.30, 12.14, 9.55
11:04:17, 1232.00, 10.94, 55, 110, 218, 334, 410, 393, 379, 326, 1503, 85, 18181.82, 12.13, 9.55
11:04:17, 1230.60, 10.94, 55, 109, 216, 330, 419, 401, 387, 334, 1524, 87, 18197.36, 12.11, 9.55
11:04:18, 1229.00, 10.95, 56, 110, 219, 334, 408, 392, 379, 328, 1527, 87, 18181.82, 12.13, 9.55
11:04:18, 1228.50, 10.95, 56, 111, 220, 335, 412, 396, 383, 332, 1539, 88, 18181.82, 12.13, 9.55
11:04:19, 1227.70, 10.94, 56, 111, 220, 335, 416, 400, 387, 336, 1553, 89, 18166.30, 12.14, 9.55
11:04:19, 1226.70, 10.94, 56, 110, 220, 334, 419, 403, 390, 339, 1562, 90, 18166.30, 12.14, 9.54
11:04:19, 1224.50, 10.94, 56, 110, 220, 333, 421, 406, 393, 344, 1574, 91, 18212.91, 12.09, 9.54
11:04:20, 1222.20, 10.95, 57, 111, 222, 335, 419, 403, 393, 344, 1581, 92, 18150.79, 12.16, 9.54
11:04:20, 1221.00, 10.94, 57, 112, 222, 335, 419, 402, 394, 345, 1577, 92, 18212.91, 12.09, 9.54
11:04:21, 1220.00, 10.94, 57, 112, 223, 336, 419, 401, 395, 346, 1571, 92, 18181.82, 12.13, 9.54
11:04:21, 1218.70, 10.94, 58, 113, 225, 338, 421, 403, 398, 349, 1567, 92, 18181.82, 12.13, 9.54
11:04:22, 1217.50, 10.95, 58, 113, 225, 339, 423, 404, 401, 352, 1568, 92, 18212.91, 12.09, 9.54
11:04:22, 1216.40, 10.96, 58, 114, 226, 340, 427, 408, 406, 356, 1568, 92, 18212.91, 12.09, 9.53
11:04:22, 1215.10, 10.96, 58, 114, 226, 340, 428, 409, 409, 359, 1571, 93, 18212.91, 12.09, 9.53
11:04:23, 1213.50, 10.96, 59, 116, 229, 344, 433, 413, 414, 365, 1584, 94, 18197.36, 12.11, 9.53
11:04:23, 1212.10, 10.96, 60, 117, 232, 348, 438, 418, 420, 371, 1600, 95, 18197.36, 12.11, 9.52
11:04:24, 1211.30, 10.95, 60, 118, 232, 348, 441, 422, 425, 375, 1616, 96, 18212.91, 12.09, 9.52
11:04:24, 1209.50, 10.96, 61, 120, 235, 352, 443, 425, 428, 379, 1637, 97, 18212.91, 12.09, 9.52
11:04:24, 1208.80, 10.95, 62, 121, 238, 356, 447, 430, 432, 384, 1659, 98, 18197.36, 12.11, 9.52
11:04:25, 1206.90, 10.95, 62, 122, 239, 357, 450, 433, 436, 389, 1685, 100, 18228.48, 12.07, 9.52
11:04:25, 1205.70, 10.94, 64, 124, 242, 362, 453, 438, 440, 394, 1709, 101, 18197.36, 12.11, 9.52
11:04:26, 1204.20, 10.93, 65, 126, 246, 366, 456, 441, 444, 399, 1735, 102, 18244.06, 12.06, 9.52
11:04:26, 1203.00, 10.92, 65, 127, 248, 369, 464, 450, 453, 408, 1763, 104, 18228.48, 12.07, 9.52
11:04:26, 1202.00, 10.91, 66, 127, 248, 369, 464, 450, 454, 409, 1775, 105, 18259.67, 12.04, 9.52
11:04:27, 1201.40, 10.91, 66, 129, 250, 372, 465, 451, 455, 411, 1784, 105, 18244.06, 12.06, 9.52
11:04:27, 1201.10, 10.90, 67, 131, 254, 377, 466, 453, 457, 414, 1798, 106, 18259.67, 12.04, 9.52
11:04:28, 1200.10, 10.90, 68, 132, 256, 380, 468, 455, 460, 416, 1809, 107, 18212.91, 12.09, 9.52
11:04:28, 1199.40, 10.90, 69, 132, 257, 382, 474, 461, 466, 423, 1834, 108, 18228.48, 12.07, 9.52
11:04:29, 1198.30, 10.90, 69, 134, 259, 384, 480, 468, 473, 430, 1859, 109, 18228.48, 12.07, 9.52
11:04:29, 1197.20, 10.89, 70, 135, 261, 387, 482, 470, 476, 434, 1876, 110, 18244.06, 12.06, 9.52
11:04:29, 1196.30, 10.90, 71, 137, 265, 392, 488, 478, 484, 442, 1902, 112, 18244.06, 12.06, 9.52
11:04:30, 1195.40, 10.89, 72, 138, 267, 395, 491, 480, 487, 446, 1919, 113, 18244.06, 12.06, 9.52
11:04:30, 1194.40, 10.89, 72, 140, 269, 398, 496, 487, 493, 453, 1941, 114, 18212.91, 12.09, 9.52
11:04:31, 1193.30, 10.89, 73, 141, 271, 400, 497, 488, 495, 456, 1956, 115, 18212.91, 12.09, 9.52
11:04:31, 1192.70, 10.89, 74, 142, 274, 405, 501, 493, 501, 461, 1974, 116, 18228.48, 12.07, 9.52
11:04:31, 1191.60, 10.89, 74, 143, 275, 405, 508, 500, 507, 469, 1997, 117, 18228.48, 12.07, 9.51
11:04:32, 1190.60, 10.89, 75, 143, 275, 406, 510, 503, 511, 473, 2011, 118, 18197.36, 12.11, 9.51
11:04:32, 1189.80, 10.88, 75, 144, 277, 408, 509, 503, 512, 475, 2021, 118, 18244.06, 12.06, 9.51
11:04:33, 1188.90, 10.88, 77, 147, 281, 415, 513, 507, 516, 480, 2038, 119, 18228.48, 12.07, 9.51
11:04:33, 1187.40, 10.88, 77, 148, 284, 418, 518, 513, 522, 486, 2057, 121, 18259.67, 12.04, 9.51
11:04:33, 1185.80, 10.88, 78, 150, 286, 422, 522, 517, 528, 494, 2085, 122, 18275.29, 12.02, 9.50
11:04:34, 1184.20, 10.87, 80, 153, 291, 428, 528, 524, 536, 502, 2110, 124, 18228.48, 12.07, 9.50
11:04:34, 1183.50, 10.87, 81, 155, 295, 434, 538, 534, 547, 514, 2141, 126, 18244.06, 12.06, 9.51
11:04:35, 1182.00, 10.87, 81, 155, 295, 433, 540, 537, 551, 518, 2159, 127, 18275.29, 12.02, 9.51
11:04:35, 1181.20, 10.86, 82, 157, 298, 437, 546, 543, 557, 525, 2181, 128, 18244.06, 12.06, 9.51
11:04:35, 1180.20, 10.86, 83, 159, 301, 441, 550, 548, 564, 532, 2203, 129, 18259.67, 12.04, 9.50
11:04:36, 1179.50, 10.86, 84, 159, 302, 442, 552, 550, 566, 535, 2217, 130, 18259.67, 12.04, 9.50
11:04:36, 1178.40, 10.86, 85, 162, 307, 449, 550, 548, 566, 535, 2228, 131, 18228.48, 12.07, 9.50
11:04:37, 1177.60, 10.85, 87, 164, 311, 455, 560, 559, 577, 546, 2255, 133, 18244.06, 12.06, 9.50
11:04:37, 1176.60, 10.85, 87, 165, 311, 455, 570, 570, 588, 559, 2285, 134, 18290.93, 12.00, 9.50
11:04:38, 1175.50, 10.82, 87, 165, 312, 455, 574, 575, 594, 566, 2307, 136, 18244.06, 12.06, 9.50
11:04:38, 1174.50, 10.81, 88, 166, 314, 458, 575, 576, 596, 569, 2323, 137, 18259.67, 12.04, 9.50
11:04:38, 1172.90, 10.81, 89, 168, 317, 463, 577, 579, 600, 573, 2346, 138, 18259.67, 12.04, 9.50
11:04:39, 1171.90, 10.81, 91, 171, 322, 470, 582, 584, 607, 580, 2369, 140, 18244.06, 12.06, 9.50
11:04:39, 1170.80, 10.81, 92, 172, 324, 471, 579, 582, 605, 580, 2383, 141, 18259.67, 12.04, 9.50
11:04:40, 1170.20, 10.81, 94, 176, 330, 481, 587, 590, 614, 589, 2404, 142, 18290.93, 12.00, 9.50
11:04:40, 1169.10, 10.81, 95, 178, 334, 485, 585, 589, 614, 590, 2422, 143, 18290.93, 12.00, 9.50
11:04:40, 1167.50, 10.80, 97, 182, 340, 495, 597, 602, 627, 605, 2458, 145, 18290.93, 12.00, 9.50
11:04:41, 1165.90, 10.80, 98, 184, 343, 498, 611, 617, 644, 622, 2494, 147, 18259.67, 12.04, 9.50
11:04:41, 1164.70, 10.80, 99, 185, 344, 499, 627, 636, 663, 643, 2546, 150, 18275.29, 12.02, 9.50
11:04:42, 1163.10, 10.80, 99, 186, 345, 501, 626, 634, 665, 645, 2545, 150, 18275.29, 12.02, 9.49
11:04:42, 1161.80, 10.80, 99, 185, 343, 499, 624, 633, 664, 645, 2574, 152, 18275.29, 12.02, 9.49
11:04:43, 1160.90, 10.80, 102, 189, 352, 509, 626, 637, 669, 650, 2593, 153, 18244.06, 12.06, 9.49
11:04:43, 1160.00, 10.80, 104, 193, 358, 519, 629, 640, 674, 656, 2613, 154, 18290.93, 12.00, 9.49
11:04:43, 1158.80, 10.80, 107, 201, 368, 536, 640, 651, 687, 670, 2650, 156, 18322.26, 11.97, 9.49
11:04:44, 1157.60, 10.80, 108, 202, 372, 539, 649, 662, 698, 682, 2692, 159, 18306.58, 11.99, 9.49
11:04:44, 1156.10, 10.80, 110, 205, 377, 547, 663, 676, 715, 700, 2731, 161, 18306.58, 11.99, 9.49
11:04:45, 1154.80, 10.80, 111, 206, 378, 547, 676, 690, 731, 717, 2777, 164, 18275.29, 12.02, 9.50
11:04:45, 1154.20, 10.80, 112, 208, 380, 549, 678, 693, 734, 721, 2795, 165, 18275.29, 12.02, 9.50
11:04:45, 1153.00, 10.81, 113, 210, 383, 555, 677, 691, 734, 722, 2812, 166, 18306.58, 11.99, 9.51
11:04:46, 1151.70, 10.81, 116, 215, 392, 566, 682, 697, 742, 731, 2840, 168, 18306.58, 11.99, 9.51
11:04:46, 1150.20, 10.81, 118, 219, 398, 576, 696, 712, 759, 749, 2877, 170, 18306.58, 11.99, 9.51
11:04:47, 1148.60, 10.81, 119, 221, 401, 579, 702, 720, 769, 760, 2910, 172, 18290.93, 12.00, 9.50
11:04:47, 1146.60, 10.81, 122, 226, 408, 589, 703, 722, 774, 766, 2935, 174, 18322.26, 11.97, 9.50
11:04:47, 1145.00, 10.81, 126, 233, 419, 606, 714, 733, 788, 782, 2973, 177, 18290.93, 12.00, 9.49
11:04:48, 1143.40, 10.81, 128, 237, 425, 614, 729, 751, 809, 804, 3019, 179, 18306.58, 11.99, 9.49
11:04:48, 1142.00, 10.80, 130, 241, 431, 623, 748, 770, 832, 828, 3046, 180, 18306.58, 11.99, 9.49
11:04:49, 1140.80, 10.80, 132, 243, 434, 627, 765, 789, 855, 853, 3085, 183, 18322.26, 11.97, 9.49
11:04:49, 1139.40, 10.80, 134, 247, 439, 634, 763, 786, 856, 854, 3104, 185, 18275.29, 12.02, 9.49
11:04:49, 1137.80, 10.80, 137, 253, 448, 647, 771, 796, 869, 869, 3129, 186, 18322.26, 11.97, 9.49
11:04:50, 1135.90, 10.80, 138, 255, 451, 651, 778, 805, 881, 883, 3153, 188, 18322.26, 11.97, 9.49
11:04:50, 1134.50, 10.80, 141, 260, 458, 661, 793, 820, 901, 904, 3185, 191, 18337.95, 11.95, 9.49
11:04:51, 1132.70, 10.80, 144, 265, 465, 671, 811, 839, 925, 931, 3224, 193, 18337.95, 11.95, 9.49
11:04:51, 1131.40, 10.80, 145, 267, 467, 673, 814, 843, 933, 940, 3252, 196, 18306.58, 11.99, 9.49
11:04:52, 1128.60, 10.79, 150, 277, 483, 696, 815, 844, 937, 946, 3273, 199, 18322.26, 11.97, 9.49
11:04:52, 1127.20, 10.79, 155, 286, 497, 717, 841, 871, 971, 983, 3324, 202, 18337.95, 11.95, 9.49
11:04:52, 1125.20, 10.78, 157, 289, 500, 720, 859, 891, 996, 1011, 3374, 206, 18353.66, 11.93, 9.49
11:04:53, 1123.20, 10.77, 161, 295, 508, 729, 879, 911, 1023, 1041, 3427, 210, 18337.95, 11.95, 9.48
11:04:53, 1121.30, 10.78, 165, 302, 519, 745, 892, 925, 1043, 1063, 3464, 213, 18369.39, 11.92, 9.48
11:04:54, 1119.20, 10.78, 168, 309, 528, 756, 907, 941, 1065, 1089, 3504, 217, 18322.26, 11.97, 9.48
11:04:54, 1117.40, 10.78, 171, 314, 534, 764, 917, 951, 1081, 1109, 3541, 222, 18337.95, 11.95, 9.48
11:04:54, 1115.70, 10.78, 176, 321, 545, 779, 929, 962, 1098, 1129, 3569, 225, 18322.26, 11.97, 9.48
11:04:55, 1114.20, 10.79, 180, 331, 559, 799, 947, 982, 1123, 1159, 3593, 227, 18337.95, 11.95, 9.48
11:04:55, 1112.40, 10.79, 183, 336, 566, 806, 956, 991, 1138, 1175, 3606, 230, 18369.39, 11.92, 9.48
11:04:56, 1110.30, 10.79, 188, 344, 577, 821, 971, 1005, 1158, 1199, 3630, 233, 18353.66, 11.93, 9.48
11:04:56, 1108.30, 10.80, 191, 349, 584, 828, 989, 1024, 1184, 1231, 3686, 240, 18337.95, 11.95, 9.48
11:04:56, 1105.90, 10.81, 198, 360, 599, 848, 1015, 1052, 1221, 1275, 3784, 249, 18337.95, 11.95, 9.48
11:04:57, 1103.90, 10.81, 204, 371, 615, 870, 1042, 1079, 1257, 1315, 3848, 255, 18353.66, 11.93, 9.48
11:04:57, 1102.50, 10.81, 209, 380, 628, 886, 1067, 1104, 1291, 1353, 3912, 261, 18353.66, 11.93, 9.48
11:04:58, 1099.00, 10.81, 216, 391, 644, 906, 1092, 1130, 1329, 1397, 4030, 275, 18322.26, 11.97, 9.48
11:04:58, 1096.80, 10.80, 224, 404, 662, 930, 1120, 1161, 1368, 1443, 4155, 288, 18369.39, 11.92, 9.48
11:04:59, 1094.10, 10.80, 230, 414, 674, 948, 1138, 1183, 1398, 1479, 4288, 304, 18353.66, 11.93, 9.48
11:04:59, 1090.70, 10.79, 242, 435, 703, 987, 1160, 1207, 1433, 1520, 4415, 322, 18369.39, 11.92, 9.47
11:04:59, 1087.60, 10.79, 257, 460, 739, 1034, 1213, 1264, 1508, 1606, 4603, 345, 18353.66, 11.93, 9.47
11:05:00, 1085.00, 10.78, 266, 475, 759, 1057, 1230, 1281, 1534, 1641, 4708, 363, 18353.66, 11.93, 9.46
11:05:00, 1082.60, 10.77, 277, 492, 781, 1087, 1261, 1311, 1578, 1693, 4797, 381, 18385.12, 11.90, 9.46
11:05:01, 1079.20, 10.77, 283, 502, 791, 1096, 1293, 1343, 1626, 1754, 4889, 404, 18337.95, 11.95, 9.46
11:05:01, 1076.00, 10.76, 296, 524, 819, 1127, 1321, 1365, 1665, 1800, 4973, 431, 18369.39, 11.92, 9.45
11:05:01, 1074.30, 10.76, 306, 539, 838, 1146, 1351, 1391, 1703, 1850, 5031, 452, 18400.89, 11.88, 9.45
11:05:02, 1071.80, 10.76, 314, 552, 855, 1164, 1372, 1409, 1731, 1884, 5141, 477, 18353.66, 11.93, 9.46
11:05:02, 1069.20, 10.76, 330, 577, 886, 1202, 1417, 1459, 1798, 1963, 5365, 528, 18400.89, 11.88, 9.46
11:05:03, 1067.00, 10.75, 345, 601, 918, 1244, 1447, 1493, 1844, 2010, 5577, 566, 18416.67, 11.86, 9.46
11:05:03, 1065.10, 10.75, 360, 623, 945, 1281, 1484, 1542, 1903, 2084, 5852, 621, 18369.39, 11.92, 9.44
11:05:03, 1062.60, 10.75, 375, 645, 973, 1320, 1520, 1589, 1961, 2147, 6148, 682, 18369.39, 11.92, 9.44
11:05:04, 1060.00, 10.74, 391, 669, 1000, 1359, 1558, 1638, 2020, 2213, 6466, 752, 18400.89, 11.88, 9.42
11:05:04, 1058.00, 10.74, 411, 694, 1030, 1399, 1595, 1689, 2075, 2287, 6821, 837, 18416.67, 11.86, 9.42
11:05:05, 1055.40, 10.74, 425, 715, 1051, 1429, 1628, 1730, 2123, 2346, 7142, 931, 18400.89, 11.88, 9.42
11:05:05, 1052.70, 10.73, 444, 742, 1081, 1468, 1664, 1772, 2179, 2411, 7415, 1036, 18416.67, 11.86, 9.41
11:05:06, 1049.40, 10.72, 469, 778, 1121, 1518, 1716, 1827, 2258, 2500, 7811, 1207, 18385.12, 11.90, 9.41
11:05:06, 1046.70, 10.72, 503, 829, 1181, 1594, 1768, 1883, 2339, 2587, 8137, 1360, 18432.46, 11.84, 9.42
11:05:06, 1044.10, 10.72, 532, 873, 1232, 1656, 1841, 1958, 2443, 2706, 8555, 1583, 18400.89, 11.88, 9.42
11:05:07, 1040.90, 10.73, 570, 933, 1304, 1743, 1929, 2043, 2566, 2844, 8958, 1831, 18416.67, 11.86, 9.42
11:05:07, 1036.30, 10.73, 619, 1007, 1389, 1841, 2042, 2154, 2727, 3031, 9570, 2352, 18416.67, 11.86, 9.42
11:05:08, 1030.50, 10.73, 684, 1100, 1487, 1951, 2169, 2279, 2901, 3235, 10480, 3447, 18416.67, 11.86, 9.42
11:05:08, 1026.80, 10.73, 796, 1254, 1663, 2162, 2364, 2444, 3163, 3461, 11732, 5266, 18385.12, 11.90, 9.43
11:05:08, 1025.70, 10.71, 828, 1306, 1750, 2230, 2526, 2607, 3338, 3730, 11767, 5436, 18369.39, 11.92, 9.43
11:05:09, 1025.50, 10.70, 861, 1340, 1812, 2251, 2467, 2497, 3208, 3629, 11175, 5316, 18416.67, 11.86, 9.43
11:05:09, 1025.60, 10.69, 881, 1314, 1806, 2169, 2548, 2635, 3188, 3822, 10791, 5229, 18400.89, 11.88, 9.44
11:05:10, 1025.60, 10.68, 1009, 1400, 1983, 2335, 2385, 2594, 2951, 3595, 11145, 5402, 18369.39, 11.92, 9.44
11:05:10, 1025.70, 10.67, 923, 1194, 1710, 2020, 2138, 2504, 2717, 3295, 10797, 5270, 18464.10, 11.81, 9.46
11:05:10, 1025.80, 10.67, 889, 1253, 1683, 2242, 2357, 2616, 3239, 3530, 12892, 5717, 18416.67, 11.86, 9.46
11:05:11, 1025.60, 10.66, 871, 1328, 1793, 2335, 2509, 2536, 3459, 3592, 14479, 7382, 18432.46, 11.84, 9.46
